/*--------------------------------*- C++ -*----------------------------------*\
| =========                 |                                                 |
| \\      /  F ield         | OpenFOAM: The Open Source CFD Toolbox           |
|  \\    /   O peration     | Version:  v1912                                 |
|   \\  /    A nd           | Website:  www.openfoam.com                      |
|    \\/     M anipulation  |                                                 |
\*---------------------------------------------------------------------------*/
FoamFile
{
    version     2.0;
    format      ascii;
    class       volScalarField;
    location    "0.7";
    object      p;
}
// * * * * * * * * * * * * * * * * * * * * * * * * * * * * * * * * * * * * * //

dimensions      [1 -1 -2 0 0 0 0];


internalField   nonuniform List<scalar> 
4800
(
102866.1134
102866.1125
102866.1104
102866.1073
102866.103
102866.0977
102866.0913
102866.084
102866.0758
102866.0667
102866.0567
102866.046
102866.0346
102866.0226
102866.0101
102865.9971
102865.9837
102865.9701
102865.9563
102865.9424
102865.9285
102865.9146
102865.901
102865.8876
102865.8746
102865.8619
102865.8498
102865.8382
102865.8272
102865.8169
102865.8073
102865.7983
102865.79
102865.7824
102865.7753
102865.7685
102865.7629
102865.7527
102865.7629
102865.6796
102851.4001
102851.3993
102851.3972
102851.394
102851.3897
102851.3844
102851.378
102851.3707
102851.3624
102851.3533
102851.3433
102851.3325
102851.3211
102851.3091
102851.2965
102851.2835
102851.2701
102851.2564
102851.2425
102851.2286
102851.2146
102851.2007
102851.187
102851.1736
102851.1605
102851.1478
102851.1357
102851.124
102851.113
102851.1027
102851.093
102851.084
102851.0758
102851.0681
102851.0611
102851.0545
102851.0486
102851.0402
102851.0452
102850.9912
102836.6875
102836.6867
102836.6847
102836.6815
102836.6771
102836.6718
102836.6654
102836.658
102836.6497
102836.6404
102836.6304
102836.6196
102836.6081
102836.596
102836.5833
102836.5702
102836.5567
102836.5429
102836.5289
102836.5149
102836.5008
102836.4868
102836.473
102836.4595
102836.4463
102836.4336
102836.4213
102836.4097
102836.3986
102836.3882
102836.3785
102836.3695
102836.3612
102836.3536
102836.3467
102836.3402
102836.3345
102836.3282
102836.33
102836.2446
102821.9757
102821.9749
102821.9728
102821.9696
102821.9653
102821.9598
102821.9534
102821.9459
102821.9375
102821.9282
102821.918
102821.9071
102821.8955
102821.8833
102821.8705
102821.8572
102821.8436
102821.8297
102821.8155
102821.8013
102821.7871
102821.773
102821.7591
102821.7454
102821.7321
102821.7192
102821.7068
102821.695
102821.6839
102821.6734
102821.6636
102821.6546
102821.6463
102821.6388
102821.6319
102821.6257
102821.6202
102821.6152
102821.6155
102821.5097
102807.2646
102807.2638
102807.2617
102807.2585
102807.2541
102807.2486
102807.242
102807.2345
102807.2259
102807.2165
102807.2062
102807.1952
102807.1834
102807.171
102807.158
102807.1446
102807.1307
102807.1166
102807.1023
102807.0879
102807.0735
102807.0592
102807.045
102807.0312
102807.0177
102807.0046
102806.9921
102806.9801
102806.9688
102806.9583
102806.9484
102806.9393
102806.9311
102806.9235
102806.9168
102806.9108
102806.9055
102806.9014
102806.9008
102806.7785
102792.5542
102792.5535
102792.5514
102792.548
102792.5436
102792.538
102792.5313
102792.5237
102792.515
102792.5054
102792.495
102792.4837
102792.4718
102792.4591
102792.4459
102792.4323
102792.4182
102792.4038
102792.3893
102792.3746
102792.3599
102792.3454
102792.331
102792.3169
102792.3031
102792.2899
102792.2771
102792.265
102792.2535
102792.2428
102792.2329
102792.2237
102792.2154
102792.2079
102792.2013
102792.1954
102792.1902
102792.1865
102792.1846
102792.0499
102777.8446
102777.8438
102777.8417
102777.8383
102777.8338
102777.8281
102777.8214
102777.8135
102777.8047
102777.7949
102777.7843
102777.7728
102777.7606
102777.7477
102777.7343
102777.7203
102777.706
102777.6913
102777.6764
102777.6615
102777.6465
102777.6316
102777.6169
102777.6025
102777.5885
102777.5749
102777.5619
102777.5496
102777.5379
102777.5271
102777.517
102777.5077
102777.4994
102777.4919
102777.4853
102777.4796
102777.4744
102777.471
102777.4673
102777.3235
102763.1357
102763.135
102763.1328
102763.1294
102763.1248
102763.119
102763.1121
102763.1041
102763.095
102763.0851
102763.0742
102763.0624
102763.0499
102763.0368
102763.023
102763.0087
102762.994
102762.979
102762.9638
102762.9485
102762.9331
102762.9179
102762.9028
102762.8881
102762.8737
102762.8598
102762.8466
102762.8339
102762.822
102762.8109
102762.8007
102762.7914
102762.7829
102762.7755
102762.7689
102762.7634
102762.7583
102762.7555
102762.7511
102762.5965
102748.4276
102748.427
102748.4248
102748.4212
102748.4165
102748.4106
102748.4035
102748.3953
102748.386
102748.3758
102748.3646
102748.3526
102748.3398
102748.3263
102748.3121
102748.2975
102748.2824
102748.267
102748.2513
102748.2356
102748.2198
102748.2041
102748.1887
102748.1735
102748.1588
102748.1446
102748.1309
102748.118
102748.1058
102748.0945
102748.084
102748.0746
102748.0661
102748.0586
102748.0521
102748.0467
102748.0419
102748.0398
102748.0355
102747.8697
102733.7204
102733.7197
102733.7175
102733.7139
102733.709
102733.7029
102733.6956
102733.6872
102733.6777
102733.6672
102733.6557
102733.6433
102733.6302
102733.6163
102733.6017
102733.5866
102733.5711
102733.5552
102733.5391
102733.5229
102733.5066
102733.4905
102733.4745
102733.4589
102733.4437
102733.4291
102733.4151
102733.4018
102733.3893
102733.3777
102733.367
102733.3573
102733.3487
102733.3412
102733.3347
102733.3295
102733.325
102733.3235
102733.3195
102733.1433
102719.0139
102719.0133
102719.011
102719.0073
102719.0023
102718.996
102718.9885
102718.9799
102718.9701
102718.9592
102718.9474
102718.9347
102718.9211
102718.9067
102718.8917
102718.8761
102718.8601
102718.8437
102718.8271
102718.8103
102718.7935
102718.7768
102718.7604
102718.7442
102718.7286
102718.7134
102718.699
102718.6852
102718.6724
102718.6604
102718.6495
102718.6396
102718.6309
102718.6233
102718.6169
102718.6118
102718.6075
102718.6064
102718.603
102718.417
102704.3084
102704.3078
102704.3054
102704.3016
102704.2964
102704.2899
102704.2822
102704.2733
102704.2632
102704.252
102704.2398
102704.2266
102704.2126
102704.1977
102704.1822
102704.1661
102704.1495
102704.1325
102704.1153
102704.0979
102704.0805
102704.0633
102704.0462
102704.0295
102704.0132
102703.9976
102703.9826
102703.9684
102703.9551
102703.9428
102703.9316
102703.9215
102703.9125
102703.9048
102703.8984
102703.8934
102703.8893
102703.8885
102703.8856
102703.6905
102689.6037
102689.6031
102689.6007
102689.5967
102689.5914
102689.5847
102689.5767
102689.5675
102689.557
102689.5455
102689.5328
102689.5192
102689.5046
102689.4893
102689.4732
102689.4565
102689.4392
102689.4216
102689.4038
102689.3857
102689.3677
102689.3497
102689.332
102689.3146
102689.2978
102689.2815
102689.266
102689.2513
102689.2375
102689.2248
102689.2132
102689.2028
102689.1936
102689.1858
102689.1794
102689.1744
102689.1704
102689.1698
102689.1674
102688.9636
102674.9
102674.8994
102674.8969
102674.8928
102674.8873
102674.8804
102674.8721
102674.8625
102674.8517
102674.8397
102674.8266
102674.8124
102674.7973
102674.7814
102674.7646
102674.7473
102674.7294
102674.7111
102674.6925
102674.6737
102674.6549
102674.6362
102674.6178
102674.5997
102674.5822
102674.5652
102674.5491
102674.5338
102674.5195
102674.5063
102674.4943
102674.4836
102674.4742
102674.4662
102674.4597
102674.4547
102674.4508
102674.4503
102674.4481
102674.2363
102660.1972
102660.1966
102660.194
102660.1898
102660.1841
102660.1769
102660.1683
102660.1584
102660.1471
102660.1347
102660.121
102660.1063
102660.0906
102660.074
102660.0566
102660.0386
102660.0199
102660.0009
102659.9815
102659.9619
102659.9423
102659.9228
102659.9036
102659.8847
102659.8664
102659.8487
102659.8319
102659.8159
102659.8011
102659.7873
102659.7749
102659.7638
102659.7541
102659.746
102659.7393
102659.7343
102659.7305
102659.7301
102659.7277
102659.5091
102645.4954
102645.4948
102645.4922
102645.4878
102645.4819
102645.4744
102645.4655
102645.4552
102645.4435
102645.4305
102645.4163
102645.401
102645.3846
102645.3673
102645.3492
102645.3304
102645.3109
102645.291
102645.2708
102645.2503
102645.2298
102645.2095
102645.1894
102645.1696
102645.1505
102645.132
102645.1144
102645.0977
102645.0822
102645.0679
102645.0549
102645.0434
102645.0334
102645.025
102645.0183
102645.0132
102645.0096
102645.0094
102645.0062
102644.782
102630.7947
102630.7941
102630.7914
102630.7868
102630.7806
102630.7729
102630.7636
102630.7529
102630.7407
102630.7272
102630.7124
102630.6964
102630.6794
102630.6613
102630.6424
102630.6227
102630.6024
102630.5815
102630.5604
102630.539
102630.5175
102630.4962
102630.4751
102630.4545
102630.4344
102630.415
102630.3966
102630.3792
102630.3629
102630.348
102630.3344
102630.3224
102630.312
102630.3034
102630.2964
102630.2914
102630.2878
102630.2878
102630.2837
102630.0546
102616.0951
102616.0945
102616.0916
102616.0869
102616.0805
102616.0724
102616.0627
102616.0515
102616.0389
102616.0248
102616.0093
102615.9927
102615.9748
102615.956
102615.9362
102615.9156
102615.8943
102615.8725
102615.8503
102615.8279
102615.8054
102615.783
102615.7609
102615.7392
102615.7181
102615.6978
102615.6784
102615.6602
102615.6431
102615.6275
102615.6133
102615.6008
102615.59
102615.581
102615.5738
102615.5686
102615.5651
102615.5651
102615.5603
102615.3268
102601.3966
102601.3961
102601.3931
102601.3882
102601.3815
102601.373
102601.363
102601.3513
102601.338
102601.3233
102601.3072
102601.2897
102601.2711
102601.2513
102601.2306
102601.209
102601.1867
102601.1638
102601.1405
102601.117
102601.0934
102601.0699
102601.0466
102601.0238
102601.0017
102600.9803
102600.96
102600.9407
102600.9228
102600.9064
102600.8915
102600.8784
102600.8671
102600.8577
102600.8503
102600.845
102600.8416
102600.8416
102600.8358
102600.5984
102586.6994
102586.6988
102586.6957
102586.6906
102586.6836
102586.6748
102586.6643
102586.6521
102586.6382
102586.6228
102586.606
102586.5877
102586.5682
102586.5475
102586.5257
102586.5031
102586.4797
102586.4556
102586.4312
102586.4064
102586.3816
102586.3568
102586.3324
102586.3084
102586.2851
102586.2626
102586.2411
102586.2209
102586.202
102586.1847
102586.1691
102586.1553
102586.1434
102586.1337
102586.126
102586.1205
102586.1171
102586.1171
102586.1102
102585.8692
102572.0034
102572.0028
102571.9996
102571.9942
102571.9869
102571.9778
102571.9668
102571.954
102571.9395
102571.9234
102571.9057
102571.8866
102571.8662
102571.8444
102571.8216
102571.7978
102571.7732
102571.7479
102571.7222
102571.6961
102571.67
102571.6439
102571.6181
102571.5928
102571.5682
102571.5445
102571.5219
102571.5005
102571.4806
102571.4624
102571.4459
102571.4314
102571.4189
102571.4087
102571.4007
102571.395
102571.3916
102571.3916
102571.3834
102571.1391
102557.3087
102557.3082
102557.3048
102557.2992
102557.2916
102557.282
102557.2705
102557.2571
102557.242
102557.2251
102557.2066
102557.1866
102557.1651
102557.1423
102557.1183
102557.0933
102557.0674
102557.0408
102557.0136
102556.9862
102556.9586
102556.9311
102556.9039
102556.8772
102556.8512
102556.8261
102556.8022
102556.7797
102556.7586
102556.7393
102556.7219
102556.7066
102556.6935
102556.6827
102556.6743
102556.6685
102556.665
102556.665
102556.6552
102556.4081
102542.6155
102542.6149
102542.6114
102542.6055
102542.5976
102542.5876
102542.5755
102542.5615
102542.5457
102542.528
102542.5086
102542.4875
102542.465
102542.441
102542.4158
102542.3894
102542.3621
102542.3341
102542.3055
102542.2765
102542.2474
102542.2184
102542.1896
102542.1614
102542.1339
102542.1074
102542.0822
102542.0583
102542.036
102542.0156
102541.9972
102541.981
102541.9671
102541.9557
102541.9469
102541.9409
102541.9374
102541.9373
102541.9257
102541.676
102527.9237
102527.9231
102527.9194
102527.9133
102527.905
102527.8945
102527.8819
102527.8673
102527.8507
102527.8321
102527.8117
102527.7896
102527.7659
102527.7407
102527.7141
102527.6864
102527.6576
102527.6281
102527.5979
102527.5673
102527.5365
102527.5058
102527.4754
102527.4455
102527.4165
102527.3884
102527.3616
102527.3363
102527.3127
102527.2911
102527.2715
102527.2543
102527.2396
102527.2276
102527.2183
102527.212
102527.2088
102527.2088
102527.1944
102526.943
102513.2335
102513.2329
102513.229
102513.2226
102513.2139
102513.203
102513.1898
102513.1744
102513.157
102513.1376
102513.1162
102513.0929
102513.068
102513.0414
102513.0134
102512.9842
102512.9538
102512.9226
102512.8907
102512.8584
102512.8258
102512.7933
102512.7611
102512.7295
102512.6987
102512.669
102512.6406
102512.6137
102512.5887
102512.5657
102512.545
102512.5267
102512.5111
102512.4983
102512.4884
102512.4817
102512.4783
102512.4782
102512.4626
102512.2091
102498.5449
102498.5442
102498.5402
102498.5336
102498.5245
102498.513
102498.4992
102498.4831
102498.4648
102498.4444
102498.4219
102498.3975
102498.3712
102498.3433
102498.3138
102498.2829
102498.2508
102498.2178
102498.1841
102498.1499
102498.1154
102498.081
102498.0469
102498.0134
102497.9807
102497.9491
102497.919
102497.8905
102497.8639
102497.8394
102497.8174
102497.798
102497.7813
102497.7677
102497.7572
102497.75
102497.7461
102497.7456
102497.7299
102497.4738
102483.858
102483.8573
102483.8531
102483.8462
102483.8367
102483.8247
102483.8102
102483.7934
102483.7742
102483.7527
102483.7291
102483.7034
102483.6757
102483.6463
102483.6151
102483.5825
102483.5486
102483.5137
102483.478
102483.4418
102483.4053
102483.3688
102483.3326
102483.297
102483.2624
102483.2289
102483.1968
102483.1665
102483.1383
102483.1122
102483.0888
102483.068
102483.0503
102483.0357
102483.0245
102483.0167
102483.0125
102483.0118
102482.9945
102482.7363
102469.1729
102469.1723
102469.1679
102469.1606
102469.1506
102469.1381
102469.1229
102469.1053
102469.0852
102469.0626
102469.0378
102469.0108
102468.9816
102468.9505
102468.9176
102468.8832
102468.8473
102468.8104
102468.7725
102468.7341
102468.6954
102468.6567
102468.6183
102468.5805
102468.5437
102468.5081
102468.474
102468.4418
102468.4117
102468.384
102468.359
102468.3369
102468.3179
102468.3023
102468.2903
102468.2819
102468.2772
102468.2762
102468.2568
102467.9964
102454.4898
102454.4891
102454.4845
102454.4769
102454.4665
102454.4533
102454.4375
102454.419
102454.3979
102454.3742
102454.3481
102454.3196
102454.2889
102454.2561
102454.2214
102454.1849
102454.147
102454.1078
102454.0677
102454.0269
102453.9859
102453.9447
102453.904
102453.8638
102453.8247
102453.7868
102453.7506
102453.7163
102453.6842
102453.6547
102453.628
102453.6043
102453.5841
102453.5673
102453.5544
102453.5454
102453.5402
102453.5387
102453.5166
102453.2543
102439.8086
102439.8079
102439.8031
102439.7952
102439.7843
102439.7706
102439.754
102439.7346
102439.7125
102439.6876
102439.6601
102439.6301
102439.5977
102439.5631
102439.5264
102439.4878
102439.4476
102439.4061
102439.3635
102439.3203
102439.2766
102439.2329
102439.1896
102439.1469
102439.1052
102439.065
102439.0264
102438.9899
102438.9557
102438.9242
102438.8957
102438.8704
102438.8486
102438.8307
102438.8167
102438.807
102438.8014
102438.7992
102438.7739
102438.5097
102425.1296
102425.1288
102425.1238
102425.1156
102425.1042
102425.0899
102425.0725
102425.0522
102425.029
102425.0029
102424.974
102424.9424
102424.9082
102424.8716
102424.8328
102424.7919
102424.7493
102424.7052
102424.6601
102424.6141
102424.5677
102424.5212
102424.4751
102424.4296
102424.3853
102424.3425
102424.3014
102424.2625
102424.2261
102424.1924
102424.1619
102424.1348
102424.1115
102424.0922
102424.0771
102424.0667
102424.0607
102424.0578
102424.0284
102423.7631
102410.4528
102410.452
102410.4468
102410.4382
102410.4263
102410.4114
102410.3932
102410.372
102410.3476
102410.3202
102410.2898
102410.2565
102410.2205
102410.1818
102410.1407
102410.0974
102410.0521
102410.0054
102409.9573
102409.9084
102409.859
102409.8096
102409.7604
102409.7121
102409.6649
102409.6192
102409.5755
102409.534
102409.4952
102409.4592
102409.4266
102409.3975
102409.3724
102409.3517
102409.3354
102409.3242
102409.3181
102409.315
102409.2798
102409.0148
102395.7784
102395.7775
102395.7721
102395.7631
102395.7508
102395.7352
102395.7162
102395.694
102395.6685
102395.6397
102395.6078
102395.5727
102395.5346
102395.4937
102395.4501
102395.4042
102395.3562
102395.3065
102395.2554
102395.2033
102395.1507
102395.098
102395.0457
102394.9941
102394.9439
102394.8952
102394.8486
102394.8044
102394.7629
102394.7245
102394.6895
102394.6584
102394.6314
102394.6089
102394.5914
102394.5791
102394.5722
102394.5685
102394.5309
102394.2651
102381.1064
102381.1055
102381.0998
102381.0905
102381.0777
102381.0614
102381.0417
102381.0185
102380.9918
102380.9616
102380.928
102380.891
102380.8508
102380.8075
102380.7613
102380.7126
102380.6616
102380.6086
102380.5542
102380.4987
102380.4427
102380.3865
102380.3307
102380.2757
102380.2221
102380.1703
102380.1206
102380.0735
102380.0292
102379.9881
102379.9506
102379.9171
102379.888
102379.8638
102379.8448
102379.8312
102379.8231
102379.8184
102379.7809
102379.5133
102366.437
102366.436
102366.4301
102366.4205
102366.4072
102366.3903
102366.3697
102366.3455
102366.3176
102366.2859
102366.2506
102366.2116
102366.1691
102366.1233
102366.0744
102366.0226
102365.9683
102365.912
102365.8539
102365.7947
102365.7349
102365.6749
102365.6154
102365.5568
102365.4996
102365.4443
102365.3914
102365.3411
102365.2938
102365.2499
102365.2097
102365.1736
102365.1422
102365.116
102365.0953
102365.0805
102365.0715
102365.0664
102365.0263
102364.758
102351.7703
102351.7692
102351.7631
102351.7532
102351.7394
102351.7219
102351.7005
102351.6753
102351.6461
102351.6129
102351.5758
102351.5348
102351.4899
102351.4414
102351.3894
102351.3344
102351.2766
102351.2165
102351.1546
102351.0914
102351.0274
102350.9634
102350.8997
102350.8372
102350.7761
102350.7172
102350.6607
102350.6071
102350.5567
102350.5097
102350.4665
102350.4276
102350.3937
102350.3652
102350.3428
102350.3267
102350.3168
102350.3112
102350.2678
102349.9989
102337.1065
102337.1053
102337.099
102337.0887
102337.0745
102337.0564
102337.0342
102337.008
102336.9775
102336.9428
102336.9038
102336.8606
102336.8132
102336.7618
102336.7066
102336.6481
102336.5865
102336.5223
102336.4561
102336.3885
102336.3202
102336.2516
102336.1836
102336.1167
102336.0516
102335.9887
102335.9285
102335.8714
102335.8175
102335.7672
102335.7208
102335.6788
102335.642
102335.611
102335.5866
102335.5691
102335.5584
102335.5523
102335.505
102335.2356
102322.4455
102322.4442
102322.4378
102322.4272
102322.4126
102322.394
102322.3711
102322.3438
102322.3121
102322.2758
102322.2349
102322.1894
102322.1393
102322.0848
102322.0262
102321.9638
102321.8981
102321.8295
102321.7587
102321.6863
102321.6131
102321.5397
102321.4669
102321.3953
102321.3257
102321.2587
102321.1945
102321.1336
102321.0761
102321.0223
102320.9723
102320.9269
102320.8867
102320.8529
102320.8263
102320.8073
102320.7956
102320.7891
102320.7374
102320.4677
102307.7877
102307.7863
102307.7797
102307.7689
102307.754
102307.7348
102307.7112
102307.683
102307.6501
102307.6122
102307.5693
102307.5213
102307.4684
102307.4106
102307.3483
102307.2818
102307.2115
102307.1382
102307.0623
102306.9847
102306.9061
102306.8274
102306.7493
102306.6728
102306.5984
102306.5268
102306.4585
102306.3936
102306.3323
102306.2746
102306.2208
102306.1713
102306.1274
102306.0902
102306.061
102306.0405
102306.0278
102306.0209
102305.9642
102305.6947
102293.1329
102293.1314
102293.1247
102293.1138
102293.0986
102293.079
102293.0548
102293.0258
102292.9916
102292.9521
102292.9072
102292.8568
102292.8008
102292.7396
102292.6732
102292.6022
102292.5271
102292.4484
102292.367
102292.2836
102292.1992
102292.1146
102292.0308
102291.9487
102291.8692
102291.7928
102291.7201
102291.6512
102291.5859
102291.524
102291.4658
102291.4117
102291.3632
102291.322
102291.29
102291.2677
102291.2537
102291.2469
102291.185
102290.9163
102278.4814
102278.4798
102278.473
102278.462
102278.4467
102278.4268
102278.4021
102278.3723
102278.337
102278.296
102278.249
102278.196
102278.1369
102278.0719
102278.0012
102277.9253
102277.8448
102277.7604
102277.6728
102277.5831
102277.4922
102277.4012
102277.3111
102277.223
102277.1378
102277.0564
102276.9791
102276.906
102276.8365
102276.7703
102276.707
102276.6474
102276.5933
102276.5472
102276.5117
102276.4876
102276.4725
102276.4665
102276.3995
102276.1321
102263.8331
102263.8314
102263.8247
102263.8137
102263.7983
102263.7784
102263.7533
102263.7229
102263.6866
102263.6441
102263.5951
102263.5394
102263.4769
102263.4079
102263.3325
102263.2513
102263.1649
102263.0741
102262.9798
102262.8831
102262.785
102262.6869
102262.5898
102262.495
102262.4038
102262.3171
102262.2351
102262.1578
102262.0842
102262.0131
102261.944
102261.8776
102261.8164
102261.7641
102261.7246
102261.6981
102261.6829
102261.6784
102261.6076
102261.3419
102249.188
102249.1863
102249.1797
102249.1689
102249.1537
102249.1338
102249.1087
102249.0778
102249.0407
102248.9968
102248.9457
102248.8873
102248.8213
102248.748
102248.6676
102248.5806
102248.4877
102248.3899
102248.2881
102248.1835
102248.0775
102247.9713
102247.8665
102247.7644
102247.6666
102247.5742
102247.4877
102247.4064
102247.3288
102247.2526
102247.1766
102247.1015
102247.0307
102246.9701
102246.9253
102246.8965
102246.8821
102246.8805
102246.8078
102246.5447
102234.5462
102234.5444
102234.538
102234.5276
102234.5128
102234.4933
102234.4684
102234.4374
102234.3996
102234.3545
102234.3014
102234.2402
102234.1705
102234.0926
102234.0067
102233.9134
102233.8134
102233.7077
102233.5976
102233.4844
102233.3694
102233.2542
102233.1406
102233.0304
102232.9254
102232.8272
102232.7363
102232.6517
102232.5705
102232.489
102232.4046
102232.3179
102232.234
102232.1616
102232.1093
102232.0782
102232.0669
102232.0709
102231.9985
102231.7393
102219.9074
102219.9057
102219.8997
102219.8898
102219.8758
102219.857
102219.8326
102219.8018
102219.7637
102219.7176
102219.6627
102219.5986
102219.5251
102219.4423
102219.3504
102219.2501
102219.1422
102219.0279
102218.9085
102218.7855
102218.6605
102218.5351
102218.4116
102218.2921
102218.1793
102218.0751
102217.9804
102217.8936
102217.8099
102217.7229
102217.628
102217.5254
102217.4223
102217.3327
102217.2698
102217.2368
102217.2322
102217.2465
102217.177
102216.924
102205.2715
102205.2699
102205.2644
102205.2555
102205.2425
102205.2249
102205.2015
102205.1714
102205.1334
102205.0865
102205.0299
102204.9631
102204.8856
102204.7975
102204.6992
102204.5912
102204.4746
102204.3507
102204.2209
102204.0869
102203.9504
102203.8136
102203.6787
102203.5487
102203.4269
102203.3167
102203.2196
102203.133
102203.0488
102202.9559
102202.8467
102202.7211
102202.5893
102202.4731
102202.3951
102202.3611
102202.3693
102202.401
102202.3411
102202.0971
102190.6383
102190.6368
102190.6321
102190.6244
102190.613
102190.597
102190.5753
102190.5465
102190.5091
102190.4619
102190.4039
102190.3343
102190.2526
102190.159
102190.0536
102189.9372
102189.8109
102189.6763
102189.5349
102189.3886
102189.2393
102189.0891
102188.9409
102188.7984
102188.6667
102188.5507
102188.4533
102188.3709
102188.2905
102188.1917
102188.0616
102187.9006
102187.7243
102187.5655
102187.4649
102187.4331
102187.4657
102187.5283
102187.4892
102187.2591
102176.0071
102176.0059
102176.0023
102175.9962
102175.9869
102175.9734
102175.9541
102175.9273
102175.8912
102175.8443
102175.7852
102175.7129
102175.627
102175.5273
102175.4143
102175.2886
102175.1516
102175.0051
102174.8509
102174.691
102174.5271
102174.3613
102174.1969
102174.0386
102173.8943
102173.773
102173.6804
102173.6118
102173.5447
102173.4442
102173.2849
102173.0664
102172.8134
102172.5824
102172.4448
102172.4231
102172.5061
102172.6248
102172.6224
102172.4144
102161.3776
102161.3768
102161.3744
102161.3704
102161.364
102161.3538
102161.3379
102161.3142
102161.2803
102161.2343
102161.1745
102161.0998
102161.0095
102160.9034
102160.782
102160.6461
102160.4973
102160.3377
102160.1692
102159.9937
102159.8128
102159.6286
102159.4446
102159.267
102159.107
102158.9818
102158.9038
102158.8651
102158.8268
102158.7329
102158.5386
102158.2342
102157.853
102157.4919
102157.2834
102157.2896
102157.4724
102157.6893
102157.738
102157.5751
102146.7489
102146.7487
102146.7479
102146.7465
102146.7437
102146.738
102146.7269
102146.7074
102146.6769
102146.6327
102146.5728
102146.4959
102146.4011
102146.2882
102146.1575
102146.0102
102145.8482
102145.6738
102145.4894
102145.2971
102145.0986
102144.8956
102144.6905
102144.4897
102144.3104
102144.1804
102144.1227
102144.1323
102144.1483
102144.08
102143.853
102143.435
102142.8708
102142.2972
102141.9405
102141.9839
102142.3462
102142.7187
102142.8338
102142.7712
102132.1202
102132.1207
102132.1216
102132.1234
102132.1253
102132.1255
102132.1208
102132.1073
102132.0815
102132.0401
102131.981
102131.9022
102131.8028
102131.6824
102131.5415
102131.3814
102131.2046
102131.0146
102130.8148
102130.608
102130.3956
102130.1774
102129.9513
102129.721
102129.5109
102129.3662
102129.3301
102129.4074
102129.5033
102129.4809
102129.2369
102128.7118
102127.9328
102127.0569
102126.445
102126.5128
102127.1539
102127.7355
102127.9214
102128.0756
102117.4904
102117.4918
102117.4946
102117.4999
102117.5077
102117.5156
102117.5194
102117.5139
102117.4946
102117.4575
102117.3999
102117.3197
102117.2156
102117.0871
102116.9348
102116.761
102116.5698
102116.3663
102116.1546
102115.9376
102115.7171
102115.4893
102115.2436
102114.9776
102114.7244
102114.5513
102114.5308
102114.6887
102114.8768
102114.899
102114.6431
102114.0205
102113.0489
102111.8756
102110.928
102110.9953
102112.0152
102112.8024
102113.0231
102113.6155
102102.8586
102102.8607
102102.865
102102.8742
102102.8893
102102.9073
102102.9223
102102.9276
102102.9169
102102.8856
102102.8307
102102.7497
102102.6412
102102.5045
102102.3411
102102.1552
102101.9525
102101.7379
102101.5154
102101.2903
102101.0688
102100.842
102100.5854
102100.2888
102099.9969
102099.798
102099.7864
102100.0082
102100.247
102100.2852
102100.0042
102099.2641
102098.164
102096.8489
102095.6645
102095.8146
102097.1346
102098.0456
102098.2761
102099.5951
102088.224
102088.2262
102088.2308
102088.2438
102088.2678
102088.2991
102088.3292
102088.3486
102088.3493
102088.3259
102088.2751
102088.1946
102088.0831
102087.9399
102087.7674
102087.5715
102087.3588
102087.1347
102086.9032
102086.6742
102086.4626
102086.2549
102086.0057
102085.6958
102085.3874
102085.1866
102085.1825
102085.4186
102085.6367
102085.622
102085.2244
102084.3285
102083.1941
102082.0039
102081.0861
102081.4241
102082.6757
102083.5784
102083.9632
102086.2507
102073.5865
102073.5879
102073.59
102073.6053
102073.6406
102073.6897
102073.7401
102073.7781
102073.7935
102073.7804
102073.7359
102073.6587
102073.5472
102073.3997
102073.2198
102073.017
102072.7972
102072.5646
102072.3269
102072.0983
102071.8917
102071.6991
102071.4741
102071.1914
102070.9201
102070.7666
102070.8011
102071.0193
102071.1413
102070.945
102070.2813
102069.1609
102067.9389
102067.1622
102066.9655
102067.69
102068.6953
102069.448
102070.3952
102073.7999
102058.9475
102058.9449
102058.9399
102058.957
102059.0054
102059.0778
102059.1548
102059.2168
102059.2504
102059.25
102059.214
102059.1435
102059.0376
102058.8924
102058.7109
102058.5072
102058.287
102058.0432
102057.7907
102057.5662
102057.3898
102057.2318
102057.0417
102056.8053
102056.6034
102056.5425
102056.6711
102056.887
102056.8907
102056.471
102055.4635
102053.9808
102052.4986
102052.0456
102052.7048
102054.1533
102055.1944
102055.8443
102057.9257
102062.417
102044.3085
102044.2916
102044.2686
102044.2836
102044.35
102044.4553
102044.5701
102044.6656
102044.7262
102044.7491
102044.7363
102044.6912
102044.6132
102044.4944
102044.3255
102044.1152
102043.8848
102043.649
102043.4259
102043.2477
102043.1172
102042.9914
102042.8335
102042.6474
102042.5234
102042.5608
102042.821
102043.1095
102043.1363
102042.6423
102041.4164
102039.5318
102037.6995
102036.9739
102038.3455
102040.6984
102042.2865
102043.2843
102046.8626
102052.1349
102029.8177
102029.7788
102029.7371
102029.7578
102029.8624
102030.0298
102030.2162
102030.3831
102030.5138
102030.6082
102030.6678
102030.6861
102030.6427
102030.5294
102030.3647
102030.1719
102029.9657
102029.762
102029.5852
102029.4616
102029.3766
102029.2864
102029.1684
102029.0309
102028.9612
102029.0647
102029.4281
102029.9167
102030.2349
102030.0357
102029.0439
102027.179
102025.0862
102023.8087
102024.8805
102027.6725
102030.5208
102032.6081
102037.253
102042.737
102017.4722
102017.3901
102017.3303
102017.3498
102017.4638
102017.6482
102017.8588
102018.0572
102018.2204
102018.3264
102018.3678
102018.3501
102018.2744
102018.1438
102017.9791
102017.8058
102017.6289
102017.4546
102017.3019
102017.201
102017.1474
102017.1016
102017.0408
102016.9488
102016.8786
102016.9683
102017.3379
102017.9786
102018.6761
102019.161
102018.9658
102017.8486
102016.1542
102014.7692
102014.603
102016.4981
102020.0196
102023.5645
102028.6388
102033.6923
102010.6601
102010.4793
102010.3516
102010.2853
102010.261
102010.2556
102010.2502
102010.2353
102010.2077
102010.1634
102010.0928
102009.994
102009.8717
102009.7334
102009.5924
102009.4571
102009.3227
102009.1851
102009.0542
102008.9569
102008.9059
102008.8865
102008.8701
102008.8257
102008.7402
102008.7259
102008.8903
102009.3219
102009.957
102010.7026
102011.2159
102011.1894
102010.4934
102009.5982
102008.9538
102009.4081
102011.5088
102015.2804
102020.3093
102024.3568
102008.4346
102008.1243
102007.8507
102007.5986
102007.3633
102007.1402
102006.9322
102006.7477
102006.5912
102006.4585
102006.3415
102006.2363
102006.1399
102006.0511
102005.971
102005.8961
102005.8225
102005.7462
102005.6711
102005.6094
102005.5704
102005.5547
102005.5493
102005.5358
102005.4846
102005.4296
102005.4134
102005.5236
102005.7454
102006.0825
102006.4749
102006.8069
102006.8507
102006.6392
102006.3535
102006.1774
102006.6554
102008.5893
102012.0043
102014.606
102007.138
102006.8363
102006.5365
102006.246
102005.9849
102005.7565
102005.5648
102005.411
102005.2922
102005.2006
102005.1299
102005.075
102005.0312
102004.9952
102004.9645
102004.9369
102004.911
102004.8862
102004.8631
102004.8438
102004.8305
102004.823
102004.8193
102004.8151
102004.8038
102004.7882
102004.7769
102004.7736
102004.7902
102004.8227
102004.882
102004.9732
102005.0656
102005.1037
102005.1093
102005.0461
102005.0001
102005.2992
102006.2687
102007.1329
102006.1712
102005.9567
102005.7247
102005.4938
102005.2934
102005.1328
102005.0117
102004.9238
102004.8612
102004.8167
102004.785
102004.762
102004.7449
102004.7317
102004.7211
102004.7121
102004.7045
102004.6984
102004.6937
102004.6903
102004.6879
102004.686
102004.6844
102004.6826
102004.6813
102004.6799
102004.6786
102004.6788
102004.6804
102004.6818
102004.6827
102004.6836
102004.6853
102004.6881
102004.6954
102004.707
102004.6949
102004.6833
102004.6745
102004.6751
102005.5098
102005.3794
102005.2217
102005.0622
102004.9305
102004.8338
102004.7674
102004.7229
102004.693
102004.6726
102004.6583
102004.648
102004.6404
102004.6347
102004.6301
102004.6265
102004.6238
102004.622
102004.6208
102004.6201
102004.6195
102004.619
102004.6185
102004.6179
102004.6175
102004.6167
102004.6162
102004.6172
102004.6187
102004.6198
102004.6205
102004.6212
102004.6222
102004.623
102004.6227
102004.6202
102004.6185
102004.6165
102004.6155
102004.6157
102005.0748
102004.9987
102004.8964
102004.795
102004.7171
102004.665
102004.6322
102004.6113
102004.5974
102004.5875
102004.5802
102004.5745
102004.57
102004.5664
102004.5636
102004.5613
102004.5595
102004.558
102004.5569
102004.5562
102004.5559
102004.556
102004.5562
102004.5562
102004.5559
102004.5551
102004.5549
102004.5557
102004.557
102004.5579
102004.5586
102004.5592
102004.5599
102004.5603
102004.5599
102004.5584
102004.557
102004.5556
102004.5547
102004.5545
102004.7865
102004.7418
102004.677
102004.6169
102004.576
102004.5519
102004.5378
102004.5287
102004.522
102004.5165
102004.5119
102004.5079
102004.5045
102004.5016
102004.4994
102004.4975
102004.4959
102004.4946
102004.4936
102004.4931
102004.4931
102004.4936
102004.4941
102004.4944
102004.4941
102004.4937
102004.4937
102004.4944
102004.4953
102004.496
102004.4966
102004.4971
102004.4975
102004.4977
102004.4974
102004.4964
102004.4953
102004.4943
102004.4936
102004.4934
102004.5885
102004.5611
102004.522
102004.4904
102004.4728
102004.4641
102004.4591
102004.4552
102004.4517
102004.4482
102004.4447
102004.4417
102004.4392
102004.4371
102004.4354
102004.434
102004.4328
102004.4317
102004.431
102004.4307
102004.431
102004.4316
102004.4322
102004.4325
102004.4325
102004.4324
102004.4325
102004.4329
102004.4336
102004.4342
102004.4347
102004.435
102004.4353
102004.4353
102004.435
102004.4344
102004.4336
102004.4328
102004.4323
102004.4321
102004.4461
102004.4281
102004.4061
102004.3927
102004.3881
102004.3868
102004.3861
102004.3847
102004.3827
102004.3805
102004.3783
102004.3762
102004.3746
102004.3732
102004.372
102004.3711
102004.3702
102004.3695
102004.369
102004.3689
102004.3693
102004.3699
102004.3704
102004.3707
102004.3708
102004.3709
102004.3711
102004.3714
102004.3719
102004.3723
102004.3727
102004.373
102004.3732
102004.3732
102004.3729
102004.3724
102004.3718
102004.3713
102004.3709
102004.3707
102004.336
102004.3231
102004.3125
102004.3101
102004.3121
102004.3145
102004.3158
102004.3161
102004.3155
102004.3144
102004.3131
102004.312
102004.311
102004.3102
102004.3095
102004.3088
102004.3082
102004.3078
102004.3075
102004.3076
102004.3079
102004.3084
102004.3088
102004.3091
102004.3093
102004.3094
102004.3095
102004.3098
102004.3102
102004.3105
102004.3108
102004.311
102004.3111
102004.3111
102004.3109
102004.3105
102004.3101
102004.3097
102004.3094
102004.3092
102004.2441
102004.2346
102004.2319
102004.236
102004.2415
102004.246
102004.2487
102004.2498
102004.2501
102004.25
102004.2496
102004.2491
102004.2485
102004.248
102004.2475
102004.2471
102004.2467
102004.2464
102004.2463
102004.2464
102004.2466
102004.247
102004.2473
102004.2475
102004.2476
102004.2478
102004.2479
102004.2482
102004.2484
102004.2487
102004.2489
102004.2491
102004.2491
102004.2491
102004.2489
102004.2486
102004.2483
102004.248
102004.2478
102004.2477
102004.1632
102004.1566
102004.1597
102004.1677
102004.1755
102004.1807
102004.1836
102004.1855
102004.1866
102004.1871
102004.1872
102004.187
102004.1867
102004.1863
102004.186
102004.1857
102004.1854
102004.1852
102004.1851
102004.1851
102004.1853
102004.1855
102004.1857
102004.1859
102004.186
102004.1861
102004.1863
102004.1865
102004.1867
102004.1869
102004.187
102004.1871
102004.1872
102004.1871
102004.187
102004.1868
102004.1865
102004.1863
102004.1861
102004.186
102004.09
102004.0862
102004.0937
102004.1043
102004.1123
102004.1171
102004.1207
102004.1231
102004.1244
102004.1251
102004.1254
102004.1253
102004.1251
102004.1249
102004.1246
102004.1244
102004.1241
102004.1239
102004.1238
102004.1238
102004.1239
102004.124
102004.1241
102004.1243
102004.1244
102004.1245
102004.1246
102004.1247
102004.1249
102004.125
102004.1252
102004.1252
102004.1253
102004.1252
102004.1251
102004.1249
102004.1248
102004.1246
102004.1245
102004.1244
102004.0224
102004.0219
102004.0331
102004.0438
102004.0505
102004.0557
102004.0592
102004.0615
102004.0628
102004.0635
102004.0638
102004.0638
102004.0637
102004.0635
102004.0632
102004.063
102004.0628
102004.0626
102004.0625
102004.0624
102004.0624
102004.0625
102004.0625
102004.0626
102004.0627
102004.0628
102004.0629
102004.063
102004.0631
102004.0632
102004.0633
102004.0634
102004.0634
102004.0633
102004.0632
102004.0631
102004.063
102004.0628
102004.0627
102004.0627
102003.9593
102003.9635
102003.9761
102003.9843
102003.9908
102003.9953
102003.9983
102004.0003
102004.0015
102004.0021
102004.0024
102004.0024
102004.0023
102004.002
102004.0018
102004.0016
102004.0013
102004.0011
102004.001
102004.0009
102004.0009
102004.0009
102004.0009
102004.001
102004.001
102004.0011
102004.0012
102004.0013
102004.0013
102004.0014
102004.0015
102004.0015
102004.0015
102004.0015
102004.0014
102004.0013
102004.0012
102004.0011
102004.001
102004.001
102003.9024
102003.9108
102003.9199
102003.9266
102003.9317
102003.9352
102003.9377
102003.9392
102003.9402
102003.9407
102003.9409
102003.9409
102003.9407
102003.9405
102003.9403
102003.94
102003.9398
102003.9396
102003.9395
102003.9394
102003.9393
102003.9393
102003.9393
102003.9393
102003.9394
102003.9394
102003.9394
102003.9395
102003.9396
102003.9396
102003.9396
102003.9397
102003.9397
102003.9396
102003.9396
102003.9395
102003.9394
102003.9393
102003.9393
102003.9392
102003.8539
102003.861
102003.8647
102003.8692
102003.8727
102003.8752
102003.8769
102003.878
102003.8788
102003.8791
102003.8793
102003.8792
102003.8791
102003.8789
102003.8787
102003.8784
102003.8782
102003.878
102003.8779
102003.8778
102003.8777
102003.8777
102003.8776
102003.8776
102003.8776
102003.8777
102003.8777
102003.8777
102003.8778
102003.8778
102003.8778
102003.8778
102003.8778
102003.8778
102003.8777
102003.8777
102003.8776
102003.8775
102003.8775
102003.8775
102003.8066
102003.8076
102003.8091
102003.8112
102003.8132
102003.8147
102003.8159
102003.8168
102003.8173
102003.8175
102003.8176
102003.8176
102003.8174
102003.8172
102003.817
102003.8168
102003.8166
102003.8164
102003.8163
102003.8161
102003.816
102003.816
102003.8159
102003.8159
102003.8159
102003.8159
102003.8159
102003.8159
102003.816
102003.816
102003.816
102003.816
102003.816
102003.8159
102003.8159
102003.8158
102003.8158
102003.8157
102003.8157
102003.8157
102003.7511
102003.7517
102003.7514
102003.7521
102003.7531
102003.7541
102003.7548
102003.7554
102003.7557
102003.7559
102003.756
102003.7559
102003.7557
102003.7556
102003.7554
102003.7551
102003.7549
102003.7548
102003.7546
102003.7545
102003.7544
102003.7543
102003.7542
102003.7542
102003.7542
102003.7542
102003.7542
102003.7542
102003.7542
102003.7542
102003.7542
102003.7542
102003.7541
102003.7541
102003.7541
102003.754
102003.754
102003.754
102003.7539
102003.7539
102003.6933
102003.6931
102003.6922
102003.6922
102003.6926
102003.6931
102003.6936
102003.694
102003.6942
102003.6943
102003.6943
102003.6942
102003.694
102003.6938
102003.6936
102003.6934
102003.6932
102003.6931
102003.6929
102003.6928
102003.6927
102003.6926
102003.6925
102003.6925
102003.6924
102003.6924
102003.6924
102003.6924
102003.6924
102003.6924
102003.6924
102003.6923
102003.6923
102003.6923
102003.6923
102003.6922
102003.6922
102003.6921
102003.6921
102003.6921
102003.6331
102003.6329
102003.632
102003.6317
102003.6318
102003.632
102003.6322
102003.6324
102003.6326
102003.6326
102003.6325
102003.6324
102003.6323
102003.6321
102003.6319
102003.6317
102003.6315
102003.6313
102003.6312
102003.631
102003.6309
102003.6308
102003.6308
102003.6307
102003.6307
102003.6306
102003.6306
102003.6306
102003.6306
102003.6305
102003.6305
102003.6305
102003.6305
102003.6305
102003.6304
102003.6304
102003.6304
102003.6303
102003.6303
102003.6303
102003.5719
102003.5718
102003.5711
102003.5707
102003.5706
102003.5707
102003.5708
102003.5709
102003.5709
102003.5709
102003.5708
102003.5706
102003.5705
102003.5703
102003.5701
102003.5699
102003.5697
102003.5696
102003.5694
102003.5693
102003.5692
102003.5691
102003.569
102003.5689
102003.5689
102003.5688
102003.5688
102003.5688
102003.5688
102003.5687
102003.5687
102003.5687
102003.5687
102003.5686
102003.5686
102003.5686
102003.5685
102003.5685
102003.5685
102003.5685
102003.5103
102003.5103
102003.5098
102003.5095
102003.5093
102003.5092
102003.5092
102003.5092
102003.5092
102003.5091
102003.509
102003.5089
102003.5087
102003.5085
102003.5083
102003.5081
102003.508
102003.5078
102003.5077
102003.5075
102003.5074
102003.5073
102003.5072
102003.5071
102003.5071
102003.507
102003.507
102003.507
102003.5069
102003.5069
102003.5069
102003.5069
102003.5068
102003.5068
102003.5068
102003.5068
102003.5067
102003.5067
102003.5067
102003.5067
102003.4485
102003.4486
102003.4483
102003.448
102003.4478
102003.4476
102003.4476
102003.4475
102003.4474
102003.4473
102003.4472
102003.447
102003.4469
102003.4467
102003.4465
102003.4463
102003.4462
102003.446
102003.4459
102003.4457
102003.4456
102003.4455
102003.4454
102003.4454
102003.4453
102003.4452
102003.4452
102003.4451
102003.4451
102003.4451
102003.4451
102003.445
102003.445
102003.445
102003.445
102003.4449
102003.4449
102003.4449
102003.4449
102003.4449
102003.3867
102003.3868
102003.3866
102003.3863
102003.3861
102003.3859
102003.3858
102003.3857
102003.3856
102003.3855
102003.3854
102003.3852
102003.385
102003.3849
102003.3847
102003.3845
102003.3844
102003.3842
102003.3841
102003.3839
102003.3838
102003.3837
102003.3836
102003.3835
102003.3835
102003.3834
102003.3834
102003.3833
102003.3833
102003.3833
102003.3832
102003.3832
102003.3832
102003.3831
102003.3831
102003.3831
102003.3831
102003.3831
102003.3831
102003.383
102003.3248
102003.3249
102003.3247
102003.3245
102003.3243
102003.3242
102003.324
102003.3239
102003.3238
102003.3237
102003.3235
102003.3234
102003.3232
102003.323
102003.3229
102003.3227
102003.3225
102003.3224
102003.3222
102003.3221
102003.322
102003.3219
102003.3218
102003.3217
102003.3217
102003.3216
102003.3216
102003.3215
102003.3215
102003.3214
102003.3214
102003.3214
102003.3213
102003.3213
102003.3213
102003.3213
102003.3213
102003.3212
102003.3212
102003.3212
102003.2629
102003.263
102003.2628
102003.2627
102003.2625
102003.2624
102003.2622
102003.2621
102003.2619
102003.2618
102003.2616
102003.2615
102003.2613
102003.2612
102003.261
102003.2608
102003.2607
102003.2606
102003.2604
102003.2603
102003.2602
102003.2601
102003.26
102003.2599
102003.2598
102003.2598
102003.2597
102003.2597
102003.2596
102003.2596
102003.2596
102003.2595
102003.2595
102003.2595
102003.2595
102003.2594
102003.2594
102003.2594
102003.2594
102003.2594
102003.201
102003.201
102003.2009
102003.2008
102003.2006
102003.2005
102003.2003
102003.2002
102003.2001
102003.1999
102003.1998
102003.1996
102003.1995
102003.1993
102003.1991
102003.199
102003.1988
102003.1987
102003.1986
102003.1985
102003.1983
102003.1983
102003.1982
102003.1981
102003.198
102003.198
102003.1979
102003.1978
102003.1978
102003.1978
102003.1977
102003.1977
102003.1977
102003.1976
102003.1976
102003.1976
102003.1976
102003.1976
102003.1976
102003.1976
102003.139
102003.139
102003.139
102003.1389
102003.1387
102003.1386
102003.1384
102003.1383
102003.1382
102003.138
102003.1379
102003.1377
102003.1376
102003.1374
102003.1373
102003.1371
102003.137
102003.1369
102003.1367
102003.1366
102003.1365
102003.1364
102003.1363
102003.1362
102003.1362
102003.1361
102003.1361
102003.136
102003.136
102003.1359
102003.1359
102003.1359
102003.1358
102003.1358
102003.1358
102003.1358
102003.1357
102003.1357
102003.1357
102003.1357
102003.077
102003.0771
102003.077
102003.0769
102003.0768
102003.0767
102003.0765
102003.0764
102003.0763
102003.0761
102003.076
102003.0758
102003.0757
102003.0755
102003.0754
102003.0753
102003.0751
102003.075
102003.0749
102003.0748
102003.0747
102003.0746
102003.0745
102003.0744
102003.0743
102003.0743
102003.0742
102003.0742
102003.0741
102003.0741
102003.0741
102003.074
102003.074
102003.074
102003.0739
102003.0739
102003.0739
102003.0739
102003.0739
102003.0739
102003.015
102003.0151
102003.015
102003.0149
102003.0148
102003.0147
102003.0146
102003.0145
102003.0143
102003.0142
102003.0141
102003.0139
102003.0138
102003.0137
102003.0135
102003.0134
102003.0133
102003.0131
102003.013
102003.0129
102003.0128
102003.0127
102003.0126
102003.0126
102003.0125
102003.0124
102003.0124
102003.0123
102003.0123
102003.0122
102003.0122
102003.0122
102003.0121
102003.0121
102003.0121
102003.0121
102003.0121
102003.0121
102003.012
102003.012
102002.9531
102002.9531
102002.953
102002.953
102002.9529
102002.9528
102002.9527
102002.9525
102002.9524
102002.9523
102002.9522
102002.952
102002.9519
102002.9518
102002.9516
102002.9515
102002.9514
102002.9513
102002.9512
102002.9511
102002.951
102002.9509
102002.9508
102002.9507
102002.9506
102002.9506
102002.9505
102002.9505
102002.9504
102002.9504
102002.9504
102002.9503
102002.9503
102002.9503
102002.9503
102002.9502
102002.9502
102002.9502
102002.9502
102002.9502
102002.8911
102002.8911
102002.8911
102002.891
102002.8909
102002.8908
102002.8907
102002.8906
102002.8905
102002.8904
102002.8902
102002.8901
102002.89
102002.8899
102002.8897
102002.8896
102002.8895
102002.8894
102002.8893
102002.8892
102002.8891
102002.889
102002.8889
102002.8889
102002.8888
102002.8887
102002.8887
102002.8886
102002.8886
102002.8885
102002.8885
102002.8885
102002.8885
102002.8884
102002.8884
102002.8884
102002.8884
102002.8884
102002.8884
102002.8884
102002.8291
102002.8291
102002.8291
102002.829
102002.829
102002.8289
102002.8288
102002.8287
102002.8286
102002.8284
102002.8283
102002.8282
102002.8281
102002.828
102002.8278
102002.8277
102002.8276
102002.8275
102002.8274
102002.8273
102002.8272
102002.8272
102002.8271
102002.827
102002.8269
102002.8269
102002.8268
102002.8268
102002.8267
102002.8267
102002.8267
102002.8266
102002.8266
102002.8266
102002.8266
102002.8265
102002.8265
102002.8265
102002.8265
102002.8265
102002.7671
102002.7671
102002.7671
102002.7671
102002.767
102002.7669
102002.7668
102002.7667
102002.7666
102002.7665
102002.7664
102002.7663
102002.7662
102002.7661
102002.766
102002.7658
102002.7657
102002.7656
102002.7655
102002.7655
102002.7654
102002.7653
102002.7652
102002.7651
102002.7651
102002.765
102002.765
102002.7649
102002.7649
102002.7648
102002.7648
102002.7648
102002.7648
102002.7647
102002.7647
102002.7647
102002.7647
102002.7647
102002.7647
102002.7647
102002.7051
102002.7052
102002.7051
102002.7051
102002.705
102002.705
102002.7049
102002.7048
102002.7047
102002.7046
102002.7045
102002.7044
102002.7043
102002.7042
102002.7041
102002.704
102002.7039
102002.7038
102002.7037
102002.7036
102002.7035
102002.7034
102002.7033
102002.7033
102002.7032
102002.7032
102002.7031
102002.7031
102002.703
102002.703
102002.703
102002.7029
102002.7029
102002.7029
102002.7029
102002.7028
102002.7028
102002.7028
102002.7028
102002.7028
102002.6432
102002.6432
102002.6432
102002.6431
102002.6431
102002.643
102002.6429
102002.6428
102002.6427
102002.6427
102002.6426
102002.6425
102002.6424
102002.6423
102002.6422
102002.6421
102002.642
102002.6419
102002.6418
102002.6417
102002.6416
102002.6415
102002.6415
102002.6414
102002.6414
102002.6413
102002.6413
102002.6412
102002.6412
102002.6411
102002.6411
102002.6411
102002.641
102002.641
102002.641
102002.641
102002.641
102002.641
102002.641
102002.641
102002.5812
102002.5812
102002.5812
102002.5812
102002.5811
102002.581
102002.581
102002.5809
102002.5808
102002.5807
102002.5806
102002.5805
102002.5804
102002.5803
102002.5803
102002.5802
102002.5801
102002.58
102002.5799
102002.5798
102002.5797
102002.5797
102002.5796
102002.5795
102002.5795
102002.5794
102002.5794
102002.5793
102002.5793
102002.5793
102002.5792
102002.5792
102002.5792
102002.5792
102002.5791
102002.5791
102002.5791
102002.5791
102002.5791
102002.5791
102002.5192
102002.5192
102002.5192
102002.5192
102002.5191
102002.5191
102002.519
102002.519
102002.5189
102002.5188
102002.5187
102002.5186
102002.5185
102002.5184
102002.5184
102002.5183
102002.5182
102002.5181
102002.518
102002.5179
102002.5179
102002.5178
102002.5177
102002.5177
102002.5176
102002.5176
102002.5175
102002.5175
102002.5174
102002.5174
102002.5174
102002.5174
102002.5173
102002.5173
102002.5173
102002.5173
102002.5173
102002.5173
102002.5172
102002.5172
102002.4573
102002.4573
102002.4573
102002.4572
102002.4572
102002.4571
102002.4571
102002.457
102002.4569
102002.4569
102002.4568
102002.4567
102002.4566
102002.4565
102002.4564
102002.4564
102002.4563
102002.4562
102002.4561
102002.4561
102002.456
102002.4559
102002.4559
102002.4558
102002.4558
102002.4557
102002.4557
102002.4556
102002.4556
102002.4555
102002.4555
102002.4555
102002.4555
102002.4554
102002.4554
102002.4554
102002.4554
102002.4554
102002.4554
102002.4554
102002.3953
102002.3953
102002.3953
102002.3953
102002.3952
102002.3952
102002.3951
102002.3951
102002.395
102002.3949
102002.3949
102002.3948
102002.3947
102002.3946
102002.3945
102002.3945
102002.3944
102002.3943
102002.3942
102002.3942
102002.3941
102002.394
102002.394
102002.3939
102002.3939
102002.3938
102002.3938
102002.3938
102002.3937
102002.3937
102002.3937
102002.3936
102002.3936
102002.3936
102002.3936
102002.3936
102002.3935
102002.3935
102002.3935
102002.3935
102002.3334
102002.3334
102002.3334
102002.3333
102002.3333
102002.3332
102002.3332
102002.3331
102002.3331
102002.333
102002.3329
102002.3329
102002.3328
102002.3327
102002.3326
102002.3326
102002.3325
102002.3324
102002.3324
102002.3323
102002.3322
102002.3322
102002.3321
102002.3321
102002.332
102002.332
102002.3319
102002.3319
102002.3318
102002.3318
102002.3318
102002.3318
102002.3317
102002.3317
102002.3317
102002.3317
102002.3317
102002.3317
102002.3317
102002.3317
102002.2714
102002.2714
102002.2714
102002.2714
102002.2713
102002.2713
102002.2713
102002.2712
102002.2711
102002.2711
102002.271
102002.271
102002.2709
102002.2708
102002.2707
102002.2707
102002.2706
102002.2705
102002.2705
102002.2704
102002.2703
102002.2703
102002.2702
102002.2702
102002.2701
102002.2701
102002.2701
102002.27
102002.27
102002.27
102002.2699
102002.2699
102002.2699
102002.2699
102002.2698
102002.2698
102002.2698
102002.2698
102002.2698
102002.2698
102002.2095
102002.2095
102002.2095
102002.2094
102002.2094
102002.2094
102002.2093
102002.2093
102002.2092
102002.2092
102002.2091
102002.209
102002.209
102002.2089
102002.2088
102002.2088
102002.2087
102002.2086
102002.2086
102002.2085
102002.2085
102002.2084
102002.2084
102002.2083
102002.2083
102002.2082
102002.2082
102002.2081
102002.2081
102002.2081
102002.2081
102002.208
102002.208
102002.208
102002.208
102002.208
102002.208
102002.2079
102002.2079
102002.2079
102002.1475
102002.1475
102002.1475
102002.1475
102002.1475
102002.1474
102002.1474
102002.1474
102002.1473
102002.1472
102002.1472
102002.1471
102002.1471
102002.147
102002.1469
102002.1469
102002.1468
102002.1468
102002.1467
102002.1466
102002.1466
102002.1465
102002.1465
102002.1464
102002.1464
102002.1463
102002.1463
102002.1463
102002.1462
102002.1462
102002.1462
102002.1462
102002.1461
102002.1461
102002.1461
102002.1461
102002.1461
102002.1461
102002.1461
102002.1461
102002.0856
102002.0856
102002.0856
102002.0856
102002.0855
102002.0855
102002.0855
102002.0854
102002.0854
102002.0853
102002.0853
102002.0852
102002.0852
102002.0851
102002.085
102002.085
102002.0849
102002.0849
102002.0848
102002.0848
102002.0847
102002.0846
102002.0846
102002.0846
102002.0845
102002.0845
102002.0844
102002.0844
102002.0844
102002.0843
102002.0843
102002.0843
102002.0843
102002.0843
102002.0842
102002.0842
102002.0842
102002.0842
102002.0842
102002.0842
102002.0237
102002.0237
102002.0237
102002.0236
102002.0236
102002.0236
102002.0235
102002.0235
102002.0235
102002.0234
102002.0234
102002.0233
102002.0233
102002.0232
102002.0231
102002.0231
102002.023
102002.023
102002.0229
102002.0229
102002.0228
102002.0228
102002.0227
102002.0227
102002.0226
102002.0226
102002.0226
102002.0225
102002.0225
102002.0225
102002.0224
102002.0224
102002.0224
102002.0224
102002.0224
102002.0224
102002.0224
102002.0223
102002.0223
102002.0223
102001.9617
102001.9617
102001.9617
102001.9617
102001.9617
102001.9617
102001.9616
102001.9616
102001.9615
102001.9615
102001.9615
102001.9614
102001.9613
102001.9613
102001.9612
102001.9612
102001.9611
102001.9611
102001.961
102001.961
102001.9609
102001.9609
102001.9608
102001.9608
102001.9608
102001.9607
102001.9607
102001.9607
102001.9606
102001.9606
102001.9606
102001.9606
102001.9605
102001.9605
102001.9605
102001.9605
102001.9605
102001.9605
102001.9605
102001.9605
102001.8998
102001.8998
102001.8998
102001.8998
102001.8998
102001.8997
102001.8997
102001.8997
102001.8996
102001.8996
102001.8995
102001.8995
102001.8994
102001.8994
102001.8993
102001.8993
102001.8992
102001.8992
102001.8991
102001.8991
102001.899
102001.899
102001.899
102001.8989
102001.8989
102001.8988
102001.8988
102001.8988
102001.8988
102001.8987
102001.8987
102001.8987
102001.8987
102001.8986
102001.8986
102001.8986
102001.8986
102001.8986
102001.8986
102001.8986
102001.8379
102001.8379
102001.8379
102001.8379
102001.8379
102001.8378
102001.8378
102001.8378
102001.8377
102001.8377
102001.8376
102001.8376
102001.8375
102001.8375
102001.8374
102001.8374
102001.8373
102001.8373
102001.8373
102001.8372
102001.8372
102001.8371
102001.8371
102001.837
102001.837
102001.837
102001.8369
102001.8369
102001.8369
102001.8368
102001.8368
102001.8368
102001.8368
102001.8368
102001.8368
102001.8367
102001.8367
102001.8367
102001.8367
102001.8367
102001.776
102001.776
102001.776
102001.776
102001.7759
102001.7759
102001.7759
102001.7759
102001.7758
102001.7758
102001.7757
102001.7757
102001.7756
102001.7756
102001.7756
102001.7755
102001.7755
102001.7754
102001.7754
102001.7753
102001.7753
102001.7752
102001.7752
102001.7752
102001.7751
102001.7751
102001.7751
102001.775
102001.775
102001.775
102001.775
102001.7749
102001.7749
102001.7749
102001.7749
102001.7749
102001.7749
102001.7749
102001.7749
102001.7749
102001.7141
102001.7141
102001.7141
102001.714
102001.714
102001.714
102001.714
102001.7139
102001.7139
102001.7139
102001.7138
102001.7138
102001.7137
102001.7137
102001.7137
102001.7136
102001.7136
102001.7135
102001.7135
102001.7134
102001.7134
102001.7134
102001.7133
102001.7133
102001.7132
102001.7132
102001.7132
102001.7131
102001.7131
102001.7131
102001.7131
102001.7131
102001.713
102001.713
102001.713
102001.713
102001.713
102001.713
102001.713
102001.713
102001.6522
102001.6522
102001.6522
102001.6521
102001.6521
102001.6521
102001.6521
102001.652
102001.652
102001.652
102001.6519
102001.6519
102001.6519
102001.6518
102001.6518
102001.6517
102001.6517
102001.6516
102001.6516
102001.6515
102001.6515
102001.6515
102001.6514
102001.6514
102001.6514
102001.6513
102001.6513
102001.6513
102001.6512
102001.6512
102001.6512
102001.6512
102001.6512
102001.6511
102001.6511
102001.6511
102001.6511
102001.6511
102001.6511
102001.6511
102001.5903
102001.5903
102001.5902
102001.5902
102001.5902
102001.5902
102001.5902
102001.5901
102001.5901
102001.5901
102001.59
102001.59
102001.59
102001.5899
102001.5899
102001.5898
102001.5898
102001.5897
102001.5897
102001.5897
102001.5896
102001.5896
102001.5895
102001.5895
102001.5895
102001.5894
102001.5894
102001.5894
102001.5894
102001.5893
102001.5893
102001.5893
102001.5893
102001.5893
102001.5893
102001.5892
102001.5892
102001.5892
102001.5892
102001.5892
102001.5284
102001.5284
102001.5283
102001.5283
102001.5283
102001.5283
102001.5283
102001.5282
102001.5282
102001.5282
102001.5281
102001.5281
102001.5281
102001.528
102001.528
102001.5279
102001.5279
102001.5279
102001.5278
102001.5278
102001.5277
102001.5277
102001.5277
102001.5276
102001.5276
102001.5276
102001.5275
102001.5275
102001.5275
102001.5275
102001.5274
102001.5274
102001.5274
102001.5274
102001.5274
102001.5274
102001.5274
102001.5274
102001.5274
102001.5274
102001.4665
102001.4665
102001.4664
102001.4664
102001.4664
102001.4664
102001.4664
102001.4663
102001.4663
102001.4663
102001.4662
102001.4662
102001.4662
102001.4661
102001.4661
102001.4661
102001.466
102001.466
102001.4659
102001.4659
102001.4659
102001.4658
102001.4658
102001.4657
102001.4657
102001.4657
102001.4657
102001.4656
102001.4656
102001.4656
102001.4656
102001.4655
102001.4655
102001.4655
102001.4655
102001.4655
102001.4655
102001.4655
102001.4655
102001.4655
102001.4046
102001.4046
102001.4045
102001.4045
102001.4045
102001.4045
102001.4045
102001.4044
102001.4044
102001.4044
102001.4044
102001.4043
102001.4043
102001.4042
102001.4042
102001.4042
102001.4041
102001.4041
102001.404
102001.404
102001.404
102001.4039
102001.4039
102001.4039
102001.4038
102001.4038
102001.4038
102001.4038
102001.4037
102001.4037
102001.4037
102001.4037
102001.4037
102001.4036
102001.4036
102001.4036
102001.4036
102001.4036
102001.4036
102001.4036
102001.3427
102001.3427
102001.3427
102001.3426
102001.3426
102001.3426
102001.3426
102001.3426
102001.3425
102001.3425
102001.3425
102001.3424
102001.3424
102001.3424
102001.3423
102001.3423
102001.3422
102001.3422
102001.3422
102001.3421
102001.3421
102001.3421
102001.342
102001.342
102001.342
102001.3419
102001.3419
102001.3419
102001.3418
102001.3418
102001.3418
102001.3418
102001.3418
102001.3418
102001.3417
102001.3417
102001.3417
102001.3417
102001.3417
102001.3417
102001.2808
102001.2808
102001.2808
102001.2808
102001.2807
102001.2807
102001.2807
102001.2807
102001.2806
102001.2806
102001.2806
102001.2805
102001.2805
102001.2805
102001.2804
102001.2804
102001.2804
102001.2803
102001.2803
102001.2802
102001.2802
102001.2802
102001.2801
102001.2801
102001.2801
102001.28
102001.28
102001.28
102001.28
102001.2799
102001.2799
102001.2799
102001.2799
102001.2799
102001.2799
102001.2799
102001.2798
102001.2798
102001.2798
102001.2798
102001.2189
102001.2189
102001.2189
102001.2189
102001.2188
102001.2188
102001.2188
102001.2188
102001.2188
102001.2187
102001.2187
102001.2187
102001.2186
102001.2186
102001.2185
102001.2185
102001.2185
102001.2184
102001.2184
102001.2184
102001.2183
102001.2183
102001.2183
102001.2182
102001.2182
102001.2182
102001.2181
102001.2181
102001.2181
102001.2181
102001.218
102001.218
102001.218
102001.218
102001.218
102001.218
102001.218
102001.218
102001.218
102001.218
102001.157
102001.157
102001.157
102001.157
102001.157
102001.1569
102001.1569
102001.1569
102001.1569
102001.1568
102001.1568
102001.1568
102001.1567
102001.1567
102001.1567
102001.1566
102001.1566
102001.1565
102001.1565
102001.1565
102001.1564
102001.1564
102001.1564
102001.1563
102001.1563
102001.1563
102001.1563
102001.1562
102001.1562
102001.1562
102001.1562
102001.1561
102001.1561
102001.1561
102001.1561
102001.1561
102001.1561
102001.1561
102001.1561
102001.1561
)
;

boundaryField
{
    front
    {
        type            wedge;
    }
    back
    {
        type            wedge;
    }
    tankWall
    {
        type            calculated;
        value           nonuniform List<scalar> 
120
(
102865.6954
102851.0357
102836.3166
102821.6082
102806.9026
102792.199
102777.4969
102762.7933
102748.089
102733.3845
102718.6794
102703.9734
102689.2664
102674.5585
102659.85
102645.1409
102630.4309
102615.7198
102601.0076
102586.294
102571.579
102556.8624
102542.1444
102527.4248
102512.7036
102497.9806
102483.2548
102468.5263
102453.795
102439.0608
102424.3241
102409.5854
102394.8448
102380.1017
102365.3548
102350.6036
102335.848
102321.0875
102306.3215
102291.5498
102276.7721
102261.988
102247.1968
102232.3971
102217.5872
102202.7654
102187.9323
102173.0922
102158.2571
102143.457
102128.7644
102114.3065
102100.2869
102086.9418
102074.4889
102063.1027
102052.817
102043.4175
102034.3759
102025.0567
102015.348
102007.7527
102004.6793
102004.6161
102004.5545
102004.4934
102004.4321
102004.3707
102004.3092
102004.2477
102004.186
102004.1244
102004.0627
102004.001
102003.9392
102003.8775
102003.8157
102003.7539
102003.6921
102003.6303
102003.5685
102003.5067
102003.4449
102003.383
102003.3212
102003.2594
102003.1976
102003.1357
102003.0739
102003.012
102002.9502
102002.8884
102002.8265
102002.7647
102002.7028
102002.641
102002.5791
102002.5172
102002.4554
102002.3935
102002.3317
102002.2698
102002.2079
102002.1461
102002.0842
102002.0223
102001.9605
102001.8986
102001.8367
102001.7749
102001.713
102001.6511
102001.5892
102001.5274
102001.4655
102001.4036
102001.3417
102001.2798
102001.218
102001.1561
)
;
    }
    bottom
    {
        type            calculated;
        value           nonuniform List<scalar> 
40
(
102869.7922
102869.7913
102869.7893
102869.7861
102869.7818
102869.7765
102869.7702
102869.7628
102869.7546
102869.7455
102869.7355
102869.7248
102869.7134
102869.7014
102869.6889
102869.6759
102869.6626
102869.6489
102869.6351
102869.6212
102869.6073
102869.5935
102869.5798
102869.5664
102869.5534
102869.5408
102869.5286
102869.517
102869.5061
102869.4957
102869.4861
102869.4771
102869.4688
102869.4612
102869.4541
102869.4473
102869.4417
102869.4314
102869.4417
102869.3197
)
;
    }
    top
    {
        type            calculated;
        value           nonuniform List<scalar> 
40
(
102001.1417
102001.1417
102001.1417
102001.1417
102001.1417
102001.1417
102001.1416
102001.1416
102001.1416
102001.1415
102001.1415
102001.1415
102001.1414
102001.1414
102001.1414
102001.1413
102001.1413
102001.1413
102001.1412
102001.1412
102001.1411
102001.1411
102001.1411
102001.141
102001.141
102001.141
102001.141
102001.1409
102001.1409
102001.1409
102001.1409
102001.1409
102001.1408
102001.1408
102001.1408
102001.1408
102001.1408
102001.1408
102001.1408
102001.1408
)
;
    }
    axis
    {
        type            empty;
    }
}


// ************************************************************************* //
