/*--------------------------------*- C++ -*----------------------------------*\
| =========                 |                                                 |
| \\      /  F ield         | OpenFOAM: The Open Source CFD Toolbox           |
|  \\    /   O peration     | Version:  v1912                                 |
|   \\  /    A nd           | Website:  www.openfoam.com                      |
|    \\/     M anipulation  |                                                 |
\*---------------------------------------------------------------------------*/
FoamFile
{
    version     2.0;
    format      ascii;
    class       volScalarField;
    location    "0.7";
    object      p_rgh_0;
}
// * * * * * * * * * * * * * * * * * * * * * * * * * * * * * * * * * * * * * //

dimensions      [1 -1 -2 0 0 0 0];


internalField   nonuniform List<scalar> 
4800
(
102866.1799
102866.179
102866.177
102866.1738
102866.1696
102866.1643
102866.158
102866.1507
102866.1425
102866.1334
102866.1235
102866.1129
102866.1015
102866.0896
102866.0771
102866.0642
102866.0509
102866.0374
102866.0236
102866.0098
102865.9959
102865.9822
102865.9686
102865.9552
102865.9423
102865.9297
102865.9176
102865.9061
102865.8952
102865.8849
102865.8753
102865.8664
102865.8582
102865.8505
102865.8435
102865.8367
102865.8312
102865.8209
102865.8312
102865.7092
102858.8243
102858.8234
102858.8214
102858.8182
102858.8139
102858.8086
102858.8023
102858.795
102858.7868
102858.7777
102858.7677
102858.757
102858.7457
102858.7337
102858.7212
102858.7082
102858.6949
102858.6813
102858.6675
102858.6536
102858.6397
102858.6259
102858.6123
102858.5989
102858.5859
102858.5733
102858.5611
102858.5496
102858.5386
102858.5283
102858.5187
102858.5098
102858.5016
102858.494
102858.487
102858.4803
102858.4747
102858.466
102858.4694
102858.2504
102851.4694
102851.4685
102851.4665
102851.4633
102851.459
102851.4537
102851.4473
102851.4399
102851.4317
102851.4225
102851.4125
102851.4017
102851.3903
102851.3782
102851.3656
102851.3526
102851.3392
102851.3254
102851.3116
102851.2976
102851.2836
102851.2697
102851.2559
102851.2425
102851.2294
102851.2167
102851.2045
102851.1929
102851.1818
102851.1715
102851.1618
102851.1529
102851.1447
102851.1371
102851.1302
102851.1237
102851.1182
102851.1115
102851.1064
102850.6518
102844.1152
102844.1144
102844.1123
102844.1091
102844.1048
102844.0994
102844.0929
102844.0855
102844.0772
102844.0679
102844.0578
102844.0469
102844.0354
102844.0232
102844.0105
102843.9973
102843.9837
102843.9698
102843.9558
102843.9417
102843.9275
102843.9135
102843.8996
102843.886
102843.8727
102843.8599
102843.8476
102843.8359
102843.8248
102843.8143
102843.8046
102843.7957
102843.7874
102843.7799
102843.7731
102843.7669
102843.7616
102843.7561
102843.739
102842.9948
102836.7617
102836.7609
102836.7588
102836.7556
102836.7512
102836.7458
102836.7392
102836.7317
102836.7232
102836.7139
102836.7036
102836.6926
102836.6809
102836.6686
102836.6556
102836.6423
102836.6285
102836.6145
102836.6002
102836.5859
102836.5716
102836.5573
102836.5432
102836.5294
102836.516
102836.503
102836.4905
102836.4786
102836.4674
102836.4569
102836.4471
102836.4381
102836.4298
102836.4223
102836.4156
102836.4096
102836.4046
102836.3999
102836.3647
102835.2889
102829.4089
102829.4082
102829.4061
102829.4028
102829.3984
102829.3928
102829.3862
102829.3786
102829.3699
102829.3604
102829.35
102829.3388
102829.3269
102829.3144
102829.3012
102829.2876
102829.2736
102829.2593
102829.2449
102829.2303
102829.2157
102829.2011
102829.1868
102829.1728
102829.1591
102829.1459
102829.1332
102829.1212
102829.1098
102829.0991
102829.0892
102829.0801
102829.0718
102829.0644
102829.0578
102829.0519
102829.047
102829.0427
102828.9868
102827.5408
102822.0569
102822.0562
102822.0541
102822.0508
102822.0462
102822.0406
102822.0338
102822.0261
102822.0173
102822.0076
102821.997
102821.9855
102821.9734
102821.9606
102821.9472
102821.9333
102821.919
102821.9044
102821.8897
102821.8748
102821.8598
102821.845
102821.8304
102821.8161
102821.8021
102821.7886
102821.7757
102821.7634
102821.7518
102821.741
102821.731
102821.7218
102821.7135
102821.706
102821.6995
102821.6937
102821.6889
102821.6848
102821.5987
102819.7599
102814.7057
102814.705
102814.7029
102814.6994
102814.6948
102814.6891
102814.6822
102814.6742
102814.6652
102814.6553
102814.6445
102814.6328
102814.6204
102814.6073
102814.5936
102814.5794
102814.5647
102814.5498
102814.5346
102814.5194
102814.5041
102814.4889
102814.474
102814.4593
102814.445
102814.4312
102814.418
102814.4054
102814.3936
102814.3825
102814.3724
102814.3631
102814.3547
102814.3472
102814.3408
102814.3352
102814.3305
102814.3269
102814.1977
102811.9514
102807.3553
102807.3546
102807.3524
102807.3489
102807.3442
102807.3383
102807.3312
102807.3231
102807.3139
102807.3037
102807.2926
102807.2806
102807.2679
102807.2544
102807.2403
102807.2258
102807.2107
102807.1954
102807.1798
102807.1642
102807.1485
102807.1329
102807.1175
102807.1024
102807.0877
102807.0736
102807.06
102807.0471
102807.035
102807.0237
102807.0134
102807.0039
102806.9955
102806.988
102806.9816
102806.9761
102806.9717
102806.9689
102806.788
102804.1198
102800.0056
102800.005
102800.0027
102799.9992
102799.9943
102799.9882
102799.981
102799.9726
102799.9632
102799.9527
102799.9413
102799.929
102799.9159
102799.902
102799.8876
102799.8725
102799.8571
102799.8413
102799.8253
102799.8091
102799.7929
102799.7769
102799.761
102799.7455
102799.7304
102799.7158
102799.7018
102799.6886
102799.6761
102799.6646
102799.654
102799.6444
102799.6358
102799.6283
102799.6219
102799.6166
102799.6125
102799.6102
102799.3696
102796.2687
102792.6568
102792.6562
102792.6539
102792.6502
102792.6452
102792.639
102792.6315
102792.6229
102792.6132
102792.6024
102792.5906
102792.5779
102792.5644
102792.5501
102792.5352
102792.5197
102792.5038
102792.4874
102792.4709
102792.4542
102792.4375
102792.4209
102792.4045
102792.3885
102792.3728
102792.3578
102792.3434
102792.3297
102792.3169
102792.305
102792.2941
102792.2843
102792.2756
102792.2681
102792.2617
102792.2565
102792.2526
102792.2507
102791.9438
102788.3994
102785.3089
102785.3083
102785.3059
102785.3021
102785.297
102785.2905
102785.2828
102785.274
102785.2639
102785.2528
102785.2406
102785.2275
102785.2135
102785.1988
102785.1833
102785.1673
102785.1508
102785.1339
102785.1168
102785.0995
102785.0822
102785.065
102785.048
102785.0313
102785.0152
102784.9996
102784.9847
102784.9706
102784.9573
102784.9451
102784.9339
102784.9238
102784.9149
102784.9073
102784.9009
102784.8958
102784.8921
102784.8905
102784.5096
102780.5128
102777.9618
102777.9612
102777.9588
102777.9549
102777.9496
102777.9429
102777.935
102777.9258
102777.9154
102777.9039
102777.8913
102777.8777
102777.8632
102777.8479
102777.8319
102777.8153
102777.7982
102777.7807
102777.7629
102777.7449
102777.7269
102777.7091
102777.6914
102777.6742
102777.6574
102777.6412
102777.6257
102777.6111
102777.5974
102777.5847
102777.5732
102777.5628
102777.5537
102777.5459
102777.5395
102777.5344
102777.5309
102777.5293
102777.0672
102772.6097
102770.6157
102770.6151
102770.6126
102770.6086
102770.6031
102770.5962
102770.5879
102770.5784
102770.5676
102770.5557
102770.5426
102770.5286
102770.5135
102770.4977
102770.481
102770.4638
102770.446
102770.4277
102770.4092
102770.3906
102770.3719
102770.3533
102770.3349
102770.3169
102770.2994
102770.2826
102770.2665
102770.2513
102770.237
102770.2239
102770.2119
102770.2013
102770.1919
102770.184
102770.1775
102770.1724
102770.169
102770.167
102769.6164
102764.6912
102763.2705
102763.2699
102763.2674
102763.2632
102763.2575
102763.2503
102763.2418
102763.2319
102763.2207
102763.2083
102763.1948
102763.1801
102763.1645
102763.148
102763.1307
102763.1127
102763.0941
102763.0752
102763.0559
102763.0364
102763.0169
102762.9975
102762.9783
102762.9596
102762.9413
102762.9237
102762.9069
102762.8911
102762.8763
102762.8626
102762.8502
102762.8392
102762.8295
102762.8214
102762.8148
102762.8097
102762.8064
102762.8038
102762.1572
102756.7587
102755.9264
102755.9258
102755.9231
102755.9188
102755.9129
102755.9054
102755.8966
102755.8863
102755.8747
102755.8618
102755.8476
102755.8324
102755.8161
102755.7989
102755.7809
102755.7621
102755.7428
102755.7229
102755.7028
102755.6825
102755.6621
102755.6418
102755.6218
102755.6021
102755.5831
102755.5647
102755.5471
102755.5306
102755.5151
102755.5008
102755.4879
102755.4765
102755.4665
102755.4581
102755.4514
102755.4463
102755.4431
102755.4398
102754.6893
102748.8135
102748.5833
102748.5827
102748.5799
102748.5754
102748.5693
102748.5615
102748.5523
102748.5416
102748.5295
102748.516
102748.5013
102748.4854
102748.4685
102748.4505
102748.4317
102748.4121
102748.3918
102748.3711
102748.35
102748.3287
102748.3074
102748.2862
102748.2652
102748.2446
102748.2246
102748.2054
102748.187
102748.1696
102748.1535
102748.1386
102748.1251
102748.1131
102748.1028
102748.0942
102748.0873
102748.0821
102748.079
102748.0745
102747.2126
102740.8567
102741.2412
102741.2407
102741.2378
102741.2331
102741.2267
102741.2187
102741.209
102741.1979
102741.1853
102741.1712
102741.1559
102741.1393
102741.1215
102741.1028
102741.0831
102741.0626
102741.0414
102741.0197
102740.9976
102740.9753
102740.9529
102740.9306
102740.9086
102740.887
102740.866
102740.8458
102740.8265
102740.8083
102740.7914
102740.7758
102740.7617
102740.7492
102740.7384
102740.7294
102740.7223
102740.7171
102740.714
102740.7078
102739.7274
102732.8892
102733.9004
102733.8998
102733.8968
102733.8919
102733.8853
102733.8769
102733.8668
102733.8552
102733.842
102733.8274
102733.8113
102733.794
102733.7754
102733.7558
102733.7351
102733.7136
102733.6914
102733.6687
102733.6455
102733.6221
102733.5986
102733.5752
102733.552
102733.5293
102733.5073
102733.486
102733.4657
102733.4466
102733.4288
102733.4124
102733.3976
102733.3845
102733.3732
102733.3639
102733.3565
102733.3512
102733.3481
102733.3399
102732.2333
102724.9113
102726.5607
102726.5601
102726.557
102726.5519
102726.545
102726.5362
102726.5258
102726.5136
102726.4998
102726.4845
102726.4677
102726.4496
102726.4301
102726.4095
102726.3879
102726.3653
102726.342
102726.3181
102726.2938
102726.2691
102726.2444
102726.2198
102726.1954
102726.1715
102726.1483
102726.1259
102726.1046
102726.0844
102726.0656
102726.0484
102726.0328
102726.0191
102726.0073
102725.9975
102725.9899
102725.9844
102725.9813
102725.9708
102724.7304
102716.9235
102719.2223
102719.2217
102719.2185
102719.2132
102719.2059
102719.1968
102719.1858
102719.1731
102719.1587
102719.1427
102719.1251
102719.1061
102719.0857
102719.0641
102719.0414
102719.0177
102718.9932
102718.968
102718.9424
102718.9165
102718.8905
102718.8645
102718.8389
102718.8137
102718.7892
102718.7656
102718.743
102718.7217
102718.7019
102718.6837
102718.6673
102718.6528
102718.6404
102718.6302
102718.6222
102718.6165
102718.6134
102718.6001
102717.2187
102708.9258
102711.8852
102711.8847
102711.8813
102711.8757
102711.8681
102711.8586
102711.8471
102711.8339
102711.8188
102711.802
102711.7836
102711.7636
102711.7422
102711.7195
102711.6956
102711.6707
102711.645
102711.6185
102711.5915
102711.5642
102711.5367
102711.5094
102711.4823
102711.4557
102711.4298
102711.4049
102711.3811
102711.3586
102711.3376
102711.3184
102711.3011
102711.2858
102711.2727
102711.2619
102711.2536
102711.2477
102711.2445
102711.2279
102709.6981
102700.9181
102704.5496
102704.549
102704.5455
102704.5397
102704.5317
102704.5217
102704.5098
102704.4958
102704.48
102704.4624
102704.4431
102704.4222
102704.3997
102704.3759
102704.3507
102704.3245
102704.2974
102704.2695
102704.241
102704.2122
102704.1832
102704.1543
102704.1257
102704.0976
102704.0702
102704.0439
102704.0187
102703.9949
102703.9727
102703.9523
102703.934
102703.9178
102703.904
102703.8926
102703.8839
102703.8777
102703.8746
102703.8541
102702.1685
102692.9006
102697.2153
102697.2148
102697.2111
102697.205
102697.1967
102697.1863
102697.1737
102697.1592
102697.1426
102697.1241
102697.1039
102697.0819
102697.0583
102697.0332
102697.0067
102696.9791
102696.9505
102696.9211
102696.891
102696.8606
102696.8299
102696.7994
102696.7691
102696.7394
102696.7104
102696.6825
102696.6558
102696.6306
102696.6071
102696.5855
102696.566
102696.5489
102696.5342
102696.5222
102696.5129
102696.5066
102696.5036
102696.4789
102694.6296
102684.8734
102689.8827
102689.8821
102689.8782
102689.8719
102689.8632
102689.8523
102689.8392
102689.8239
102689.8065
102689.7872
102689.7659
102689.7427
102689.7179
102689.6915
102689.6636
102689.6345
102689.6043
102689.5732
102689.5415
102689.5093
102689.4769
102689.4446
102689.4125
102689.381
102689.3504
102689.3208
102689.2925
102689.2657
102689.2408
102689.2179
102689.1972
102689.179
102689.1634
102689.1506
102689.1408
102689.134
102689.1308
102689.101
102687.0826
102676.8372
102682.5517
102682.551
102682.547
102682.5404
102682.5313
102682.5199
102682.5061
102682.4901
102682.4719
102682.4516
102682.4292
102682.4049
102682.3787
102682.3509
102682.3215
102682.2908
102682.2589
102682.2261
102682.1925
102682.1584
102682.1242
102682.0899
102682.0559
102682.0226
102681.99
102681.9586
102681.9286
102681.9002
102681.8737
102681.8493
102681.8273
102681.8079
102681.7913
102681.7777
102681.7672
102681.7599
102681.7562
102681.7202
102679.5274
102668.7918
102675.2223
102675.2217
102675.2175
102675.2106
102675.2011
102675.1891
102675.1747
102675.1579
102675.1388
102675.1175
102675.094
102675.0684
102675.0408
102675.0115
102674.9805
102674.9481
102674.9144
102674.8796
102674.8441
102674.808
102674.7717
102674.7354
102674.6993
102674.6639
102674.6294
102674.596
102674.5641
102674.534
102674.5058
102674.4799
102674.4564
102674.4358
102674.418
102674.4035
102674.3922
102674.3844
102674.3803
102674.3376
102671.9622
102660.7363
102667.8948
102667.8942
102667.8898
102667.8825
102667.8726
102667.8601
102667.845
102667.8274
102667.8074
102667.785
102667.7602
102667.7333
102667.7043
102667.6733
102667.6406
102667.6063
102667.5707
102667.5339
102667.4962
102667.458
102667.4195
102667.3809
102667.3427
102667.3051
102667.2684
102667.233
102667.1991
102667.167
102667.137
102667.1094
102667.0844
102667.0623
102667.0434
102667.0278
102667.0157
102667.0073
102667.0027
102666.9524
102664.3876
102652.6704
102660.5692
102660.5685
102660.564
102660.5564
102660.546
102660.5329
102660.5171
102660.4987
102660.4777
102660.4541
102660.4281
102660.3997
102660.3692
102660.3365
102660.3019
102660.2656
102660.2279
102660.1889
102660.149
102660.1085
102660.0676
102660.0267
102659.9861
102659.9461
102659.9071
102659.8694
102659.8334
102659.7992
102659.7673
102659.7378
102659.7112
102659.6876
102659.6673
102659.6506
102659.6376
102659.6284
102659.6234
102659.5646
102656.8033
102644.5937
102653.2457
102653.2449
102653.2401
102653.2322
102653.2214
102653.2077
102653.1912
102653.1718
102653.1498
102653.125
102653.0977
102653.0678
102653.0356
102653.0011
102652.9645
102652.9261
102652.8861
102652.8448
102652.8025
102652.7594
102652.716
102652.6725
102652.6293
102652.5869
102652.5454
102652.5053
102652.4669
102652.4305
102652.3965
102652.3651
102652.3366
102652.3113
102652.2896
102652.2716
102652.2576
102652.2478
102652.2422
102652.1741
102649.2091
102636.5057
102645.9242
102645.9234
102645.9184
102645.9102
102645.8988
102645.8845
102645.8672
102645.847
102645.8239
102645.7979
102645.7691
102645.7376
102645.7036
102645.6672
102645.6285
102645.5878
102645.5454
102645.5016
102645.4566
102645.4109
102645.3647
102645.3184
102645.2725
102645.2273
102645.1832
102645.1405
102645.0997
102645.0609
102645.0246
102644.9911
102644.9606
102644.9336
102644.9102
102644.8909
102644.8758
102644.8653
102644.8593
102644.7811
102641.6052
102628.4064
102638.605
102638.6041
102638.5989
102638.5903
102638.5785
102638.5635
102638.5455
102638.5243
102638.5
102638.4727
102638.4425
102638.4093
102638.3734
102638.3349
102638.294
102638.2509
102638.2059
102638.1593
102638.1115
102638.0629
102638.0137
102637.9645
102637.9156
102637.8675
102637.8205
102637.7751
102637.7315
102637.6902
102637.6515
102637.6156
102637.5831
102637.5541
102637.529
102637.5082
102637.4919
102637.4805
102637.4744
102637.3861
102633.9911
102620.2959
102631.2881
102631.2872
102631.2817
102631.2728
102631.2605
102631.2449
102631.226
102631.2038
102631.1784
102631.1498
102631.1179
102631.083
102631.0451
102631.0043
102630.961
102630.9153
102630.8675
102630.818
102630.7672
102630.7154
102630.663
102630.6106
102630.5585
102630.5073
102630.4572
102630.4088
102630.3624
102630.3183
102630.277
102630.2387
102630.2039
102630.1727
102630.1458
102630.1233
102630.1057
102630.0932
102630.0863
102629.9868
102626.37
102612.1757
102623.9737
102623.9727
102623.967
102623.9577
102623.9449
102623.9287
102623.909
102623.8858
102623.8592
102623.8291
102623.7956
102623.7588
102623.7188
102623.6757
102623.6298
102623.5813
102623.5305
102623.4778
102623.4237
102623.3685
102623.3127
102623.2568
102623.2013
102623.1466
102623.0932
102623.0416
102622.9922
102622.9452
102622.9011
102622.8602
102622.8228
102622.7894
102622.7603
102622.736
102622.7169
102622.7032
102622.695
102622.5825
102618.7427
102604.0462
102616.6618
102616.6608
102616.6549
102616.6452
102616.6319
102616.6151
102616.5945
102616.5704
102616.5425
102616.511
102616.4758
102616.437
102616.3947
102616.3491
102616.3004
102616.2488
102616.1948
102616.1388
102616.081
102616.0221
102615.9626
102615.9029
102615.8437
102615.7854
102615.7285
102615.6734
102615.6207
102615.5706
102615.5236
102615.4798
102615.4397
102615.4037
102615.3724
102615.3461
102615.3253
102615.3104
102615.3012
102615.1757
102611.1055
102595.9068
102609.3527
102609.3516
102609.3455
102609.3355
102609.3217
102609.3042
102609.2828
102609.2576
102609.2285
102609.1955
102609.1585
102609.1176
102609.0729
102609.0246
102608.9729
102608.9182
102608.8607
102608.8009
102608.7393
102608.6764
102608.6128
102608.549
102608.4858
102608.4235
102608.3628
102608.3041
102608.2479
102608.1945
102608.1442
102608.0974
102608.0544
102608.0156
102607.9817
102607.9532
102607.9307
102607.9145
102607.9043
102607.7653
102603.4595
102587.7573
102602.0464
102602.0452
102602.0389
102602.0286
102602.0143
102601.9962
102601.9741
102601.9478
102601.9175
102601.8828
102601.844
102601.8009
102601.7537
102601.7026
102601.6477
102601.5894
102601.5281
102601.4643
102601.3985
102601.3312
102601.2632
102601.195
102601.1273
102601.0608
102600.996
102600.9334
102600.8735
102600.8166
102600.763
102600.7128
102600.6666
102600.6248
102600.588
102600.557
102600.5325
102600.5149
102600.5038
102600.351
102595.8047
102579.5979
102594.7431
102594.7417
102594.7353
102594.7247
102594.71
102594.6913
102594.6684
102594.6412
102594.6095
102594.5733
102594.5325
102594.4872
102594.4373
102594.3831
102594.3248
102594.2627
102594.1973
102594.1291
102594.0587
102593.9867
102593.9138
102593.8408
102593.7683
102593.6972
102593.6279
102593.5612
102593.4973
102593.4367
102593.3795
102593.3258
102593.2761
102593.2308
102593.1907
102593.1569
102593.1301
102593.1111
102593.099
102592.9324
102588.1412
102571.4283
102587.4428
102587.4414
102587.4347
102587.4239
102587.4089
102587.3896
102587.366
102587.3378
102587.3049
102587.2671
102587.2244
102587.1766
102587.1239
102587.0664
102587.0044
102586.9382
102586.8684
102586.7954
102586.7199
102586.6427
102586.5646
102586.4862
102586.4086
102586.3324
102586.2583
102586.1871
102586.1191
102586.0546
102585.9936
102585.9362
102585.8825
102585.8333
102585.7894
102585.7522
102585.723
102585.7023
102585.6892
102585.5093
102580.4688
102563.2484
102580.1457
102580.1441
102580.1374
102580.1263
102580.111
102580.0914
102580.0671
102580.038
102580.0039
102579.9645
102579.9197
102579.8695
102579.8138
102579.7528
102579.6868
102579.6162
102579.5414
102579.4632
102579.3822
102579.2993
102579.2153
102579.1312
102579.0478
102578.9661
102578.887
102578.811
102578.7386
102578.67
102578.6051
102578.5435
102578.4855
102578.4317
102578.3833
102578.3422
102578.31
102578.2877
102578.2732
102578.0814
102572.7879
102555.0578
102572.8518
102572.8502
102572.8433
102572.8322
102572.8167
102572.7967
102572.7719
102572.742
102572.7067
102572.6658
102572.6189
102572.5661
102572.5073
102572.4425
102572.3723
102572.2968
102572.2167
102572.1328
102572.0457
102571.9565
102571.8661
102571.7755
102571.6858
102571.5982
102571.5134
102571.4324
102571.3555
102571.2828
102571.2137
102571.1478
102571.0848
102571.0255
102570.9716
102570.9256
102570.89
102570.8658
102570.8502
102570.6484
102565.0993
102546.8562
102565.5613
102565.5595
102565.5526
102565.5415
102565.5259
102565.5058
102565.4806
102565.45
102565.4137
102565.3713
102565.3224
102565.2668
102565.2047
102565.136
102565.0611
102564.9803
102564.8944
102564.8041
102564.7104
102564.6141
102564.5166
102564.4189
102564.3223
102564.228
102564.1373
102564.0509
102563.9694
102563.8925
102563.8193
102563.7487
102563.68
102563.614
102563.5529
102563.5008
102563.4611
102563.4347
102563.4189
102563.2084
102557.4047
102538.6437
102558.274
102558.2722
102558.2654
102558.2543
102558.2389
102558.2187
102558.1934
102558.1624
102558.1252
102558.0813
102558.0303
102557.9721
102557.9065
102557.8335
102557.7536
102557.6671
102557.5747
102557.4775
102557.3763
102557.2723
102557.1668
102557.0612
102556.9568
102556.8552
102556.7579
102556.666
102556.5798
102556.499
102556.4218
102556.3462
102556.2707
102556.1961
102556.1257
102556.0652
102556.0202
102555.9915
102555.9765
102555.7614
102549.7055
102530.4208
102550.99
102550.9881
102550.9815
102550.9708
102550.9556
102550.9357
102550.9105
102550.8793
102550.8414
102550.7963
102550.7433
102550.6823
102550.613
102550.5355
102550.4501
102550.3574
102550.258
102550.1529
102550.0435
102549.9308
102549.8164
102549.7019
102549.5888
102549.4791
102549.3746
102549.2768
102549.1863
102549.1022
102549.0215
102548.9407
102548.857
102548.7709
102548.6874
102548.6153
102548.5628
102548.5317
102548.5198
102548.3059
102542.0038
102522.1883
102543.7093
102543.7074
102543.7011
102543.6908
102543.6762
102543.6569
102543.6321
102543.601
102543.5628
102543.5166
102543.4618
102543.398
102543.3249
102543.2425
102543.1512
102543.0516
102542.9444
102542.8308
102542.7121
102542.5897
102542.4653
102542.3406
102542.2176
102542.0987
102541.9863
102541.8825
102541.7882
102541.7019
102541.6188
102541.5327
102541.4387
102541.337
102541.2345
102541.1451
102541.082
102541.0489
102541.0436
102540.8393
102534.3002
102513.9477
102536.4316
102536.4297
102536.4238
102536.4143
102536.4007
102536.3824
102536.3585
102536.3279
102536.2897
102536.2428
102536.1863
102536.1197
102536.0426
102535.9551
102535.8574
102535.7502
102535.6343
102535.5111
102535.3821
102535.2488
102535.1131
102534.9769
102534.8426
102534.7132
102534.5919
102534.482
102534.3852
102534.2991
102534.2156
102534.1238
102534.0158
102533.8915
102533.7606
102533.6447
102533.5663
102533.5319
102533.5391
102533.3493
102526.6025
102505.7014
102529.1567
102529.1549
102529.1497
102529.1411
102529.1289
102529.1121
102529.0897
102529.0603
102529.0226
102528.9753
102528.9174
102528.848
102528.7669
102528.6738
102528.5692
102528.4536
102528.3282
102528.1944
102528.0538
102527.9084
102527.7598
102527.6104
102527.4628
102527.3209
102527.1896
102527.0738
102526.9767
102526.8945
102526.8149
102526.7176
102526.5894
102526.4302
102526.2551
102526.0967
102525.9954
102525.9627
102525.994
102525.8382
102518.897
102497.4503
102521.8842
102521.8826
102521.8782
102521.871
102521.8606
102521.846
102521.8258
102521.7983
102521.7618
102521.7147
102521.6557
102521.5838
102521.4984
102521.3995
102521.2872
102521.1624
102521.0264
102520.8809
102520.7276
102520.5685
102520.4055
102520.2406
102520.0769
102519.9193
102519.7753
102519.654
102519.5613
102519.4926
102519.4264
102519.3279
102519.1713
102518.9556
102518.7044
102518.4738
102518.3349
102518.3115
102518.3926
102518.3026
102511.1976
102489.1999
102514.6137
102514.6124
102514.609
102514.6036
102514.5956
102514.584
102514.5669
102514.5423
102514.5078
102514.4616
102514.402
102514.3277
102514.238
102514.1328
102514.0122
102513.8774
102513.7297
102513.5711
102513.4037
102513.2291
102513.0492
102512.8659
102512.6828
102512.5058
102512.3461
102512.2204
102512.1415
102512.1025
102512.0653
102511.9742
102511.7838
102511.4814
102511.0639
102510.6808
102510.5095
102510.5335
102510.7159
102510.738
102503.5161
102480.9598
102507.3447
102507.3437
102507.3415
102507.3382
102507.3334
102507.3257
102507.313
102507.2925
102507.2613
102507.2168
102507.1571
102507.0807
102506.9866
102506.8746
102506.745
102506.599
102506.4382
102506.265
102506.0817
102505.8904
102505.6928
102505.4908
102505.2867
102505.0866
102504.9074
102504.7765
102504.7172
102504.7259
102504.7431
102504.6786
102504.4492
102503.8795
102502.7181
102502.0022
102502.024
102502.4504
102502.9358
102503.1404
102495.8187
102472.756
102500.0763
102500.0758
102500.0748
102500.074
102500.0732
102500.0708
102500.064
102500.0491
102500.0225
102499.9809
102499.9219
102499.8437
102499.7452
102499.6259
102499.4863
102499.3276
102499.1521
102498.9634
102498.7647
102498.5587
102498.3472
102498.13
102497.9051
102497.6759
102497.4657
102497.3192
102497.2807
102497.3564
102497.4541
102497.4246
102496.8556
102495.2223
102493.6732
102492.9273
102492.6057
102493.6569
102495.0059
102495.4953
102488.0929
102464.6338
102492.8078
102492.8079
102492.8079
102492.8098
102492.8139
102492.8185
102492.8196
102492.8124
102492.7921
102492.7547
102492.6973
102492.6179
102492.5148
102492.3877
102492.2368
102492.0645
102491.8748
102491.6724
102491.4617
102491.2454
102491.0256
102490.7988
102490.5535
102490.2835
102490.0223
102489.8459
102489.83
102489.9908
102490.1632
102489.6939
102487.8549
102486.3394
102485.9246
102485.1524
102484.2568
102484.47
102486.8581
102487.8582
102480.2803
102456.6711
102485.5388
102485.539
102485.5395
102485.5439
102485.554
102485.5676
102485.5793
102485.5824
102485.5706
102485.5391
102485.4844
102485.4043
102485.297
102485.1619
102485.0001
102484.8158
102484.6145
102484.4011
102484.1791
102483.9533
102483.7287
102483.4895
102483.1884
102482.8187
102482.4913
102482.3366
102482.3872
102482.6091
102482.188
102480.2784
102478.9383
102478.758
102478.7798
102477.7677
102476.5735
102476.6208
102478.9448
102480.352
102472.1521
102449.095
102478.269
102478.2685
102478.2678
102478.274
102478.2912
102478.3167
102478.3426
102478.3594
102478.3589
102478.3353
102478.2849
102478.2054
102478.0953
102477.9537
102477.7826
102477.5873
102477.3723
102477.1402
102476.8907
102476.6268
102476.3354
102475.9185
102475.3361
102474.8414
102474.5841
102474.6376
102474.7332
102474.2047
102472.226
102470.7828
102470.3711
102471.2864
102471.1747
102470.258
102469.3252
102469.5919
102471.4948
102473.1099
102463.5747
102442.117
102470.9991
102470.9965
102470.9911
102470.9969
102471.0227
102471.0641
102471.1092
102471.1443
102471.1585
102471.1453
102471.1013
102471.0245
102470.9116
102470.7556
102470.5502
102470.2956
102469.9908
102469.6277
102469.1943
102468.6541
102467.8644
102466.811
102465.9882
102465.6007
102465.6911
102465.8183
102465.5959
102463.5985
102461.4695
102460.2272
102459.3525
102459.5551
102460.6188
102461.9037
102462.5247
102463.4886
102464.7543
102465.7994
102454.6378
102435.8496
102463.7319
102463.7234
102463.7073
102463.7109
102463.7462
102463.808
102463.8779
102463.9351
102463.9636
102463.9518
102463.8866
102463.7438
102463.4801
102463.0483
102462.4614
102461.7997
102461.0907
102460.2659
102459.2355
102457.8744
102456.1841
102454.7223
102453.9961
102453.7479
102454.0186
102454.1694
102453.4098
102450.7208
102447.7757
102444.188
102439.6116
102436.0242
102437.6197
102446.3259
102452.5171
102456.2609
102458.0387
102457.5622
102445.5723
102430.2894
102456.4058
102456.3728
102456.3107
102456.2706
102456.2705
102456.2949
102456.2976
102456.2122
102455.9586
102455.4423
102454.5748
102453.3173
102451.7272
102450.0412
102448.5905
102447.4419
102446.3263
102444.9231
102443.1196
102441.0151
102438.9635
102437.4908
102436.7801
102436.5523
102436.9512
102437.2654
102436.7288
102432.6125
102426.379
102415.9996
102401.3774
102387.8622
102382.0885
102401.2511
102428.0396
102442.4006
102447.3184
102448.0197
102436.8454
102425.1312
102441.3184
102440.9899
102439.9358
102438.7419
102437.6849
102436.6878
102435.4302
102433.5567
102430.9008
102427.6142
102424.164
102421.0741
102418.7106
102417.3525
102416.847
102416.6024
102415.8904
102414.3992
102412.6831
102410.992
102409.3453
102407.8838
102406.9447
102406.6223
102407.4563
102408.4745
102408.9984
102403.4129
102391.4626
102371.6823
102341.6981
102309.1976
102289.6472
102290.6633
102357.7441
102409.4401
102432.296
102437.3787
102428.8739
102419.4249
102327.7757
102327.9095
102324.6622
102322.1354
102321.8805
102323.5282
102325.7006
102327.1858
102328.0207
102328.8597
102330.2949
102332.6665
102335.3591
102337.346
102338.3238
102338.5379
102338.039
102336.8136
102336.1557
102335.8347
102335.4727
102334.2698
102333.0342
102332.5717
102333.9157
102337.5026
102341.2811
102343.6341
102336.753
102312.8538
102276.6241
102227.0113
102181.8674
102164.7651
102215.0455
102316.2504
102397.0353
102423.5633
102420.6603
102410.8189
102108.7954
102111.1039
102112.6074
102116.2552
102122.6617
102131.4694
102141.3433
102150.7513
102158.8908
102165.3297
102169.8351
102172.2695
102172.9159
102172.3333
102170.7928
102169.4969
102168.1867
102166.5887
102165.225
102164.671
102165.5422
102166.1707
102166.2433
102165.1323
102164.5694
102167.7938
102180.771
102196.7989
102213.8052
102222.4832
102212.552
102176.0859
102131.2243
102093.7689
102087.2564
102154.9661
102287.3902
102388.0207
102409.179
102393.7179
102046.3502
102045.0782
102047.2259
102051.0474
102054.5042
102057.1105
102058.7213
102059.4289
102059.5431
102059.3225
102058.4506
102056.9418
102055.036
102052.9209
102050.9025
102049.0804
102047.1543
102044.8519
102042.3712
102040.4248
102039.5588
102039.7877
102040.2001
102040.0936
102037.359
102034.9824
102034.4391
102043.9223
102058.3695
102078.3122
102097.5653
102106.7463
102092.5977
102072.1126
102047.7352
102042.1937
102108.4546
102256.4063
102359.4001
102354.0117
102031.4596
102028.5989
102027.5916
102027.2472
102026.8324
102025.7323
102024.0198
102022.0573
102020.1959
102018.5225
102017.0293
102015.7275
102014.5924
102013.5702
102012.6562
102011.8122
102010.9478
102009.9929
102008.9691
102008.0654
102007.4979
102007.3023
102007.3391
102007.369
102006.7044
102005.6198
102004.8813
102004.7202
102006.091
102008.4681
102012.9312
102019.5077
102025.2819
102026.2647
102024.4819
102017.4754
102013.6162
102048.968
102129.5512
102184.6123
102024.5746
102021.2222
102018.9405
102016.9128
102014.9382
102012.9162
102010.978
102009.3087
102007.9917
102006.9814
102006.2146
102005.6439
102005.2132
102004.8679
102004.5771
102004.3161
102004.0636
102003.8143
102003.5832
102003.4015
102003.2909
102003.2437
102003.2317
102003.23
102003.1758
102003.0757
102003.0108
102002.9855
102002.9845
102002.9977
102003.0276
102003.0765
102003.1404
102003.2417
102003.6477
102004.7198
102004.0131
102003.3288
102003.073
102002.99
102020.1927
102016.8569
102014.1814
102011.6642
102009.4546
102007.6098
102006.1771
102005.1478
102004.4494
102003.9848
102003.6777
102003.4753
102003.3384
102003.2415
102003.168
102003.1089
102003.0601
102003.0213
102002.9936
102002.9767
102002.9682
102002.9646
102002.9631
102002.9618
102002.9591
102002.9541
102002.9503
102002.9492
102002.95
102002.9501
102002.9501
102002.9498
102002.9507
102002.9525
102002.9532
102002.955
102002.9607
102002.9553
102002.9504
102002.9455
102017.0165
102013.8165
102011.0451
102008.5191
102006.5619
102005.1773
102004.273
102003.7192
102003.3918
102003.2021
102003.0934
102003.0308
102002.9937
102002.9702
102002.9543
102002.9432
102002.9354
102002.9301
102002.9269
102002.9249
102002.9237
102002.9232
102002.9231
102002.923
102002.9223
102002.9205
102002.9186
102002.9186
102002.9196
102002.921
102002.922
102002.9228
102002.9227
102002.9216
102002.9205
102002.9188
102002.9181
102002.9176
102002.9177
102002.918
102014.5713
102011.4943
102008.7418
102006.4441
102004.9104
102003.9894
102003.4749
102003.2006
102003.0585
102002.9857
102002.9473
102002.9253
102002.9125
102002.9055
102002.9014
102002.8985
102002.8962
102002.8942
102002.8924
102002.8909
102002.8899
102002.8896
102002.8895
102002.8894
102002.8888
102002.8877
102002.8869
102002.8872
102002.888
102002.8885
102002.8889
102002.8894
102002.8904
102002.8916
102002.8912
102002.8897
102002.8882
102002.8863
102002.8852
102002.8851
102012.6181
102009.6251
102006.985
102005.0575
102003.9639
102003.401
102003.126
102002.9957
102002.9344
102002.9028
102002.885
102002.8758
102002.8711
102002.8684
102002.8663
102002.8644
102002.8626
102002.8609
102002.8593
102002.858
102002.8572
102002.857
102002.8569
102002.8567
102002.8564
102002.856
102002.8559
102002.8564
102002.857
102002.8577
102002.8582
102002.8586
102002.8586
102002.8583
102002.8582
102002.8577
102002.857
102002.8569
102002.8565
102002.856
102011.0106
102008.0786
102005.6546
102004.1524
102003.4235
102003.0959
102002.9546
102002.8938
102002.8648
102002.8494
102002.8415
102002.8378
102002.8354
102002.8335
102002.8318
102002.8303
102002.8289
102002.8275
102002.8262
102002.8252
102002.8248
102002.8247
102002.8249
102002.825
102002.825
102002.8249
102002.8251
102002.8254
102002.8259
102002.8263
102002.8266
102002.8269
102002.8272
102002.8272
102002.8269
102002.8264
102002.8258
102002.8249
102002.8244
102002.8244
102009.6436
102006.7793
102004.6589
102003.5596
102003.0994
102002.9199
102002.8526
102002.8251
102002.8123
102002.8063
102002.8037
102002.8019
102002.8003
102002.7989
102002.7976
102002.7965
102002.7954
102002.7944
102002.7936
102002.7931
102002.793
102002.7932
102002.7935
102002.7937
102002.7939
102002.794
102002.7941
102002.7944
102002.7947
102002.7951
102002.7954
102002.7956
102002.7957
102002.7956
102002.7954
102002.7951
102002.7946
102002.7943
102002.794
102002.7938
102008.4418
102005.6799
102003.9143
102003.1586
102002.8934
102002.8093
102002.7823
102002.7731
102002.7702
102002.7692
102002.7682
102002.7672
102002.7661
102002.7652
102002.7644
102002.7636
102002.7629
102002.7623
102002.762
102002.7618
102002.7619
102002.7622
102002.7624
102002.7627
102002.7628
102002.7629
102002.7631
102002.7633
102002.7636
102002.7638
102002.764
102002.7642
102002.7643
102002.7642
102002.764
102002.7638
102002.7634
102002.7631
102002.7628
102002.7627
102007.3599
102004.7509
102003.3599
102002.8901
102002.7669
102002.7389
102002.7341
102002.7342
102002.7347
102002.7347
102002.7344
102002.734
102002.7334
102002.7329
102002.7324
102002.7319
102002.7315
102002.7312
102002.731
102002.731
102002.7311
102002.7313
102002.7315
102002.7316
102002.7318
102002.7319
102002.732
102002.7322
102002.7324
102002.7326
102002.7327
102002.7328
102002.7329
102002.7328
102002.7327
102002.7325
102002.7322
102002.732
102002.7318
102002.7317
102006.3752
102003.9809
102002.9684
102002.733
102002.6974
102002.6962
102002.6987
102002.7006
102002.7017
102002.7021
102002.7022
102002.7021
102002.7018
102002.7015
102002.7011
102002.7008
102002.7005
102002.7003
102002.7002
102002.7002
102002.7002
102002.7003
102002.7005
102002.7006
102002.7007
102002.7008
102002.7009
102002.7011
102002.7012
102002.7013
102002.7015
102002.7015
102002.7015
102002.7015
102002.7014
102002.7012
102002.701
102002.7009
102002.7007
102002.7007
102005.4655
102003.3737
102002.7367
102002.6593
102002.6594
102002.6637
102002.6668
102002.6688
102002.6701
102002.6707
102002.6709
102002.6709
102002.6707
102002.6705
102002.6702
102002.67
102002.6697
102002.6695
102002.6694
102002.6693
102002.6693
102002.6694
102002.6695
102002.6695
102002.6696
102002.6697
102002.6698
102002.6699
102002.67
102002.6701
102002.6702
102002.6702
102002.6702
102002.6702
102002.6701
102002.67
102002.6698
102002.6697
102002.6696
102002.6695
102004.5423
102002.9512
102002.635
102002.6237
102002.6292
102002.6333
102002.6362
102002.638
102002.6391
102002.6397
102002.64
102002.64
102002.6398
102002.6396
102002.6393
102002.6391
102002.6389
102002.6387
102002.6385
102002.6384
102002.6384
102002.6384
102002.6384
102002.6385
102002.6385
102002.6386
102002.6387
102002.6387
102002.6388
102002.6389
102002.6389
102002.639
102002.639
102002.6389
102002.6388
102002.6387
102002.6386
102002.6385
102002.6384
102002.6384
102003.5836
102002.7038
102002.5919
102002.5958
102002.6004
102002.6037
102002.606
102002.6075
102002.6084
102002.6089
102002.609
102002.609
102002.6088
102002.6086
102002.6084
102002.6081
102002.6079
102002.6077
102002.6076
102002.6075
102002.6074
102002.6074
102002.6074
102002.6074
102002.6074
102002.6074
102002.6075
102002.6075
102002.6076
102002.6076
102002.6077
102002.6077
102002.6077
102002.6076
102002.6076
102002.6075
102002.6074
102002.6073
102002.6073
102002.6072
102002.8345
102002.5836
102002.5652
102002.5689
102002.5719
102002.5742
102002.5758
102002.5769
102002.5776
102002.5779
102002.578
102002.578
102002.5778
102002.5776
102002.5774
102002.5771
102002.5769
102002.5767
102002.5766
102002.5764
102002.5763
102002.5763
102002.5763
102002.5763
102002.5763
102002.5763
102002.5763
102002.5763
102002.5764
102002.5764
102002.5764
102002.5764
102002.5764
102002.5764
102002.5763
102002.5763
102002.5762
102002.5761
102002.5761
102002.5761
102002.56
102002.5397
102002.5397
102002.5414
102002.543
102002.5444
102002.5455
102002.5462
102002.5467
102002.5469
102002.547
102002.5469
102002.5467
102002.5465
102002.5463
102002.5461
102002.5459
102002.5457
102002.5455
102002.5454
102002.5453
102002.5452
102002.5452
102002.5451
102002.5451
102002.5451
102002.5451
102002.5452
102002.5452
102002.5452
102002.5452
102002.5452
102002.5452
102002.5451
102002.5451
102002.545
102002.545
102002.5449
102002.5449
102002.5449
102002.5131
102002.5131
102002.5124
102002.5127
102002.5135
102002.5143
102002.5149
102002.5154
102002.5157
102002.5159
102002.5159
102002.5158
102002.5156
102002.5154
102002.5152
102002.515
102002.5148
102002.5146
102002.5144
102002.5143
102002.5142
102002.5141
102002.514
102002.514
102002.514
102002.5139
102002.5139
102002.5139
102002.5139
102002.5139
102002.5139
102002.5139
102002.5139
102002.5139
102002.5138
102002.5138
102002.5137
102002.5137
102002.5137
102002.5137
102002.485
102002.4846
102002.4835
102002.4833
102002.4835
102002.4839
102002.4843
102002.4846
102002.4847
102002.4848
102002.4847
102002.4846
102002.4845
102002.4843
102002.4841
102002.4838
102002.4836
102002.4835
102002.4833
102002.4832
102002.483
102002.4829
102002.4829
102002.4828
102002.4828
102002.4828
102002.4827
102002.4827
102002.4827
102002.4827
102002.4827
102002.4827
102002.4827
102002.4826
102002.4826
102002.4826
102002.4825
102002.4825
102002.4825
102002.4824
102002.4549
102002.4547
102002.4537
102002.4532
102002.4532
102002.4533
102002.4535
102002.4536
102002.4537
102002.4537
102002.4536
102002.4535
102002.4533
102002.4531
102002.4529
102002.4527
102002.4525
102002.4523
102002.4521
102002.452
102002.4519
102002.4518
102002.4517
102002.4516
102002.4516
102002.4516
102002.4515
102002.4515
102002.4515
102002.4515
102002.4515
102002.4514
102002.4514
102002.4514
102002.4513
102002.4513
102002.4513
102002.4513
102002.4512
102002.4512
102002.4241
102002.424
102002.4233
102002.4228
102002.4226
102002.4226
102002.4226
102002.4226
102002.4226
102002.4225
102002.4224
102002.4223
102002.4221
102002.4219
102002.4217
102002.4215
102002.4213
102002.4211
102002.421
102002.4208
102002.4207
102002.4206
102002.4205
102002.4205
102002.4204
102002.4204
102002.4203
102002.4203
102002.4203
102002.4202
102002.4202
102002.4202
102002.4202
102002.4201
102002.4201
102002.4201
102002.42
102002.42
102002.42
102002.42
102002.3929
102002.393
102002.3924
102002.392
102002.3918
102002.3916
102002.3916
102002.3915
102002.3914
102002.3913
102002.3912
102002.391
102002.3909
102002.3907
102002.3905
102002.3903
102002.3901
102002.3899
102002.3898
102002.3896
102002.3895
102002.3894
102002.3893
102002.3892
102002.3892
102002.3891
102002.3891
102002.3891
102002.389
102002.389
102002.389
102002.3889
102002.3889
102002.3889
102002.3889
102002.3888
102002.3888
102002.3888
102002.3888
102002.3888
102002.3617
102002.3617
102002.3614
102002.361
102002.3608
102002.3606
102002.3605
102002.3604
102002.3602
102002.3601
102002.36
102002.3598
102002.3596
102002.3594
102002.3592
102002.3591
102002.3589
102002.3587
102002.3586
102002.3584
102002.3583
102002.3582
102002.3581
102002.358
102002.358
102002.3579
102002.3579
102002.3578
102002.3578
102002.3578
102002.3577
102002.3577
102002.3577
102002.3576
102002.3576
102002.3576
102002.3576
102002.3575
102002.3575
102002.3575
102002.3303
102002.3304
102002.3302
102002.3299
102002.3296
102002.3295
102002.3293
102002.3292
102002.329
102002.3289
102002.3287
102002.3285
102002.3284
102002.3282
102002.328
102002.3278
102002.3276
102002.3275
102002.3273
102002.3272
102002.3271
102002.327
102002.3269
102002.3268
102002.3267
102002.3267
102002.3266
102002.3266
102002.3265
102002.3265
102002.3265
102002.3264
102002.3264
102002.3264
102002.3264
102002.3263
102002.3263
102002.3263
102002.3263
102002.3263
102002.299
102002.299
102002.2989
102002.2987
102002.2984
102002.2982
102002.2981
102002.2979
102002.2978
102002.2976
102002.2974
102002.2973
102002.2971
102002.2969
102002.2967
102002.2966
102002.2964
102002.2962
102002.2961
102002.296
102002.2958
102002.2957
102002.2956
102002.2956
102002.2955
102002.2954
102002.2954
102002.2953
102002.2953
102002.2953
102002.2952
102002.2952
102002.2952
102002.2951
102002.2951
102002.2951
102002.2951
102002.295
102002.295
102002.295
102002.2676
102002.2677
102002.2675
102002.2673
102002.2672
102002.267
102002.2668
102002.2666
102002.2665
102002.2663
102002.2662
102002.266
102002.2658
102002.2656
102002.2655
102002.2653
102002.2651
102002.265
102002.2648
102002.2647
102002.2646
102002.2645
102002.2644
102002.2643
102002.2643
102002.2642
102002.2641
102002.2641
102002.264
102002.264
102002.264
102002.2639
102002.2639
102002.2639
102002.2638
102002.2638
102002.2638
102002.2638
102002.2638
102002.2638
102002.2362
102002.2362
102002.2362
102002.236
102002.2358
102002.2357
102002.2355
102002.2353
102002.2352
102002.235
102002.2348
102002.2347
102002.2345
102002.2343
102002.2342
102002.234
102002.2339
102002.2337
102002.2336
102002.2335
102002.2334
102002.2332
102002.2332
102002.2331
102002.233
102002.2329
102002.2329
102002.2328
102002.2328
102002.2327
102002.2327
102002.2327
102002.2326
102002.2326
102002.2326
102002.2326
102002.2326
102002.2325
102002.2325
102002.2325
102002.2048
102002.2048
102002.2047
102002.2046
102002.2045
102002.2043
102002.2042
102002.204
102002.2038
102002.2037
102002.2035
102002.2034
102002.2032
102002.203
102002.2029
102002.2027
102002.2026
102002.2025
102002.2023
102002.2022
102002.2021
102002.202
102002.2019
102002.2018
102002.2017
102002.2017
102002.2016
102002.2016
102002.2015
102002.2015
102002.2014
102002.2014
102002.2014
102002.2014
102002.2013
102002.2013
102002.2013
102002.2013
102002.2013
102002.2013
102002.1734
102002.1734
102002.1733
102002.1732
102002.1731
102002.173
102002.1728
102002.1727
102002.1725
102002.1724
102002.1722
102002.172
102002.1719
102002.1717
102002.1716
102002.1714
102002.1713
102002.1712
102002.171
102002.1709
102002.1708
102002.1707
102002.1706
102002.1706
102002.1705
102002.1704
102002.1704
102002.1703
102002.1703
102002.1702
102002.1702
102002.1701
102002.1701
102002.1701
102002.1701
102002.17
102002.17
102002.17
102002.17
102002.17
102002.1419
102002.142
102002.1419
102002.1418
102002.1417
102002.1416
102002.1415
102002.1413
102002.1412
102002.141
102002.1409
102002.1407
102002.1406
102002.1404
102002.1403
102002.1401
102002.14
102002.1399
102002.1398
102002.1397
102002.1395
102002.1395
102002.1394
102002.1393
102002.1392
102002.1392
102002.1391
102002.139
102002.139
102002.139
102002.1389
102002.1389
102002.1389
102002.1388
102002.1388
102002.1388
102002.1388
102002.1388
102002.1387
102002.1387
102002.1105
102002.1105
102002.1105
102002.1104
102002.1103
102002.1102
102002.1101
102002.1099
102002.1098
102002.1097
102002.1095
102002.1094
102002.1092
102002.1091
102002.109
102002.1088
102002.1087
102002.1086
102002.1085
102002.1084
102002.1083
102002.1082
102002.1081
102002.108
102002.1079
102002.1079
102002.1078
102002.1078
102002.1077
102002.1077
102002.1076
102002.1076
102002.1076
102002.1076
102002.1075
102002.1075
102002.1075
102002.1075
102002.1075
102002.1075
102002.0791
102002.0791
102002.0791
102002.079
102002.0789
102002.0788
102002.0787
102002.0786
102002.0785
102002.0783
102002.0782
102002.0781
102002.0779
102002.0778
102002.0777
102002.0775
102002.0774
102002.0773
102002.0772
102002.0771
102002.077
102002.0769
102002.0768
102002.0767
102002.0767
102002.0766
102002.0766
102002.0765
102002.0765
102002.0764
102002.0764
102002.0763
102002.0763
102002.0763
102002.0763
102002.0762
102002.0762
102002.0762
102002.0762
102002.0762
102002.0477
102002.0477
102002.0477
102002.0476
102002.0475
102002.0474
102002.0473
102002.0472
102002.0471
102002.047
102002.0468
102002.0467
102002.0466
102002.0465
102002.0463
102002.0462
102002.0461
102002.046
102002.0459
102002.0458
102002.0457
102002.0456
102002.0455
102002.0455
102002.0454
102002.0453
102002.0453
102002.0452
102002.0452
102002.0451
102002.0451
102002.0451
102002.045
102002.045
102002.045
102002.045
102002.045
102002.045
102002.0449
102002.0449
102002.0163
102002.0163
102002.0162
102002.0162
102002.0161
102002.016
102002.0159
102002.0158
102002.0157
102002.0156
102002.0155
102002.0154
102002.0153
102002.0151
102002.015
102002.0149
102002.0148
102002.0147
102002.0146
102002.0145
102002.0144
102002.0143
102002.0142
102002.0142
102002.0141
102002.0141
102002.014
102002.0139
102002.0139
102002.0139
102002.0138
102002.0138
102002.0138
102002.0137
102002.0137
102002.0137
102002.0137
102002.0137
102002.0137
102002.0137
102001.9849
102001.9849
102001.9848
102001.9848
102001.9847
102001.9846
102001.9846
102001.9845
102001.9844
102001.9842
102001.9841
102001.984
102001.9839
102001.9838
102001.9837
102001.9836
102001.9835
102001.9834
102001.9833
102001.9832
102001.9831
102001.983
102001.983
102001.9829
102001.9828
102001.9828
102001.9827
102001.9827
102001.9826
102001.9826
102001.9826
102001.9825
102001.9825
102001.9825
102001.9824
102001.9824
102001.9824
102001.9824
102001.9824
102001.9824
102001.9535
102001.9535
102001.9534
102001.9534
102001.9533
102001.9533
102001.9532
102001.9531
102001.953
102001.9529
102001.9528
102001.9527
102001.9526
102001.9525
102001.9524
102001.9523
102001.9522
102001.9521
102001.952
102001.9519
102001.9518
102001.9517
102001.9517
102001.9516
102001.9515
102001.9515
102001.9514
102001.9514
102001.9513
102001.9513
102001.9513
102001.9512
102001.9512
102001.9512
102001.9512
102001.9512
102001.9511
102001.9511
102001.9511
102001.9511
102001.9221
102001.9221
102001.922
102001.922
102001.9219
102001.9219
102001.9218
102001.9217
102001.9216
102001.9215
102001.9214
102001.9213
102001.9212
102001.9211
102001.921
102001.9209
102001.9209
102001.9208
102001.9207
102001.9206
102001.9205
102001.9204
102001.9204
102001.9203
102001.9203
102001.9202
102001.9201
102001.9201
102001.9201
102001.92
102001.92
102001.92
102001.9199
102001.9199
102001.9199
102001.9199
102001.9199
102001.9199
102001.9198
102001.9198
102001.8907
102001.8907
102001.8906
102001.8906
102001.8906
102001.8905
102001.8904
102001.8903
102001.8903
102001.8902
102001.8901
102001.89
102001.8899
102001.8898
102001.8897
102001.8896
102001.8895
102001.8895
102001.8894
102001.8893
102001.8892
102001.8891
102001.8891
102001.889
102001.889
102001.8889
102001.8889
102001.8888
102001.8888
102001.8887
102001.8887
102001.8887
102001.8887
102001.8886
102001.8886
102001.8886
102001.8886
102001.8886
102001.8886
102001.8886
102001.8593
102001.8593
102001.8592
102001.8592
102001.8592
102001.8591
102001.859
102001.859
102001.8589
102001.8588
102001.8587
102001.8587
102001.8586
102001.8585
102001.8584
102001.8583
102001.8582
102001.8581
102001.8581
102001.858
102001.8579
102001.8578
102001.8578
102001.8577
102001.8577
102001.8576
102001.8576
102001.8575
102001.8575
102001.8575
102001.8574
102001.8574
102001.8574
102001.8573
102001.8573
102001.8573
102001.8573
102001.8573
102001.8573
102001.8573
102001.8279
102001.8279
102001.8279
102001.8278
102001.8278
102001.8277
102001.8277
102001.8276
102001.8275
102001.8275
102001.8274
102001.8273
102001.8272
102001.8271
102001.8271
102001.827
102001.8269
102001.8268
102001.8268
102001.8267
102001.8266
102001.8265
102001.8265
102001.8264
102001.8264
102001.8263
102001.8263
102001.8262
102001.8262
102001.8262
102001.8261
102001.8261
102001.8261
102001.8261
102001.826
102001.826
102001.826
102001.826
102001.826
102001.826
102001.7965
102001.7965
102001.7965
102001.7965
102001.7964
102001.7964
102001.7963
102001.7963
102001.7962
102001.7961
102001.796
102001.796
102001.7959
102001.7958
102001.7957
102001.7957
102001.7956
102001.7955
102001.7954
102001.7954
102001.7953
102001.7952
102001.7952
102001.7951
102001.7951
102001.795
102001.795
102001.7949
102001.7949
102001.7949
102001.7948
102001.7948
102001.7948
102001.7948
102001.7948
102001.7947
102001.7947
102001.7947
102001.7947
102001.7947
102001.7651
102001.7651
102001.7651
102001.7651
102001.765
102001.765
102001.765
102001.7649
102001.7648
102001.7648
102001.7647
102001.7646
102001.7646
102001.7645
102001.7644
102001.7643
102001.7643
102001.7642
102001.7641
102001.7641
102001.764
102001.7639
102001.7639
102001.7638
102001.7638
102001.7637
102001.7637
102001.7637
102001.7636
102001.7636
102001.7636
102001.7635
102001.7635
102001.7635
102001.7635
102001.7635
102001.7634
102001.7634
102001.7634
102001.7634
102001.7338
102001.7337
102001.7337
102001.7337
102001.7337
102001.7336
102001.7336
102001.7335
102001.7335
102001.7334
102001.7334
102001.7333
102001.7332
102001.7332
102001.7331
102001.733
102001.7329
102001.7329
102001.7328
102001.7328
102001.7327
102001.7326
102001.7326
102001.7325
102001.7325
102001.7324
102001.7324
102001.7324
102001.7323
102001.7323
102001.7323
102001.7322
102001.7322
102001.7322
102001.7322
102001.7322
102001.7322
102001.7322
102001.7321
102001.7321
102001.7024
102001.7024
102001.7024
102001.7023
102001.7023
102001.7023
102001.7022
102001.7022
102001.7021
102001.7021
102001.702
102001.702
102001.7019
102001.7018
102001.7018
102001.7017
102001.7016
102001.7016
102001.7015
102001.7014
102001.7014
102001.7013
102001.7013
102001.7012
102001.7012
102001.7011
102001.7011
102001.7011
102001.701
102001.701
102001.701
102001.701
102001.7009
102001.7009
102001.7009
102001.7009
102001.7009
102001.7009
102001.7009
102001.7009
102001.671
102001.671
102001.671
102001.671
102001.671
102001.6709
102001.6709
102001.6708
102001.6708
102001.6707
102001.6707
102001.6706
102001.6706
102001.6705
102001.6704
102001.6704
102001.6703
102001.6703
102001.6702
102001.6701
102001.6701
102001.67
102001.67
102001.6699
102001.6699
102001.6698
102001.6698
102001.6698
102001.6697
102001.6697
102001.6697
102001.6697
102001.6696
102001.6696
102001.6696
102001.6696
102001.6696
102001.6696
102001.6696
102001.6696
102001.6397
102001.6397
102001.6397
102001.6396
102001.6396
102001.6396
102001.6395
102001.6395
102001.6394
102001.6394
102001.6393
102001.6393
102001.6392
102001.6392
102001.6391
102001.6391
102001.639
102001.6389
102001.6389
102001.6388
102001.6388
102001.6387
102001.6387
102001.6386
102001.6386
102001.6385
102001.6385
102001.6385
102001.6384
102001.6384
102001.6384
102001.6384
102001.6383
102001.6383
102001.6383
102001.6383
102001.6383
102001.6383
102001.6383
102001.6383
102001.6083
102001.6083
102001.6083
102001.6083
102001.6083
102001.6082
102001.6082
102001.6081
102001.6081
102001.6081
102001.608
102001.608
102001.6079
102001.6078
102001.6078
102001.6077
102001.6077
102001.6076
102001.6076
102001.6075
102001.6075
102001.6074
102001.6074
102001.6073
102001.6073
102001.6072
102001.6072
102001.6072
102001.6071
102001.6071
102001.6071
102001.6071
102001.6071
102001.607
102001.607
102001.607
102001.607
102001.607
102001.607
102001.607
102001.577
102001.577
102001.577
102001.5769
102001.5769
102001.5769
102001.5768
102001.5768
102001.5768
102001.5767
102001.5767
102001.5766
102001.5766
102001.5765
102001.5765
102001.5764
102001.5764
102001.5763
102001.5763
102001.5762
102001.5762
102001.5761
102001.5761
102001.576
102001.576
102001.5759
102001.5759
102001.5759
102001.5759
102001.5758
102001.5758
102001.5758
102001.5758
102001.5757
102001.5757
102001.5757
102001.5757
102001.5757
102001.5757
102001.5757
102001.5456
102001.5456
102001.5456
102001.5456
102001.5456
102001.5455
102001.5455
102001.5455
102001.5454
102001.5454
102001.5453
102001.5453
102001.5452
102001.5452
102001.5451
102001.5451
102001.545
102001.545
102001.5449
102001.5449
102001.5448
102001.5448
102001.5448
102001.5447
102001.5447
102001.5446
102001.5446
102001.5446
102001.5446
102001.5445
102001.5445
102001.5445
102001.5445
102001.5444
102001.5444
102001.5444
102001.5444
102001.5444
102001.5444
102001.5444
102001.5143
102001.5143
102001.5143
102001.5142
102001.5142
102001.5142
102001.5142
102001.5141
102001.5141
102001.5141
102001.514
102001.514
102001.5139
102001.5139
102001.5138
102001.5138
102001.5137
102001.5137
102001.5136
102001.5136
102001.5135
102001.5135
102001.5135
102001.5134
102001.5134
102001.5133
102001.5133
102001.5133
102001.5133
102001.5132
102001.5132
102001.5132
102001.5132
102001.5131
102001.5131
102001.5131
102001.5131
102001.5131
102001.5131
102001.5131
102001.4829
102001.4829
102001.4829
102001.4829
102001.4829
102001.4829
102001.4828
102001.4828
102001.4828
102001.4827
102001.4827
102001.4826
102001.4826
102001.4826
102001.4825
102001.4825
102001.4824
102001.4824
102001.4823
102001.4823
102001.4822
102001.4822
102001.4822
102001.4821
102001.4821
102001.482
102001.482
102001.482
102001.482
102001.4819
102001.4819
102001.4819
102001.4819
102001.4819
102001.4818
102001.4818
102001.4818
102001.4818
102001.4818
102001.4818
102001.4516
102001.4516
102001.4516
102001.4516
102001.4516
102001.4515
102001.4515
102001.4515
102001.4514
102001.4514
102001.4514
102001.4513
102001.4513
102001.4512
102001.4512
102001.4511
102001.4511
102001.4511
102001.451
102001.451
102001.4509
102001.4509
102001.4508
102001.4508
102001.4508
102001.4507
102001.4507
102001.4507
102001.4507
102001.4506
102001.4506
102001.4506
102001.4506
102001.4506
102001.4505
102001.4505
102001.4505
102001.4505
102001.4505
102001.4505
102001.4203
102001.4203
102001.4203
102001.4202
102001.4202
102001.4202
102001.4202
102001.4202
102001.4201
102001.4201
102001.42
102001.42
102001.42
102001.4199
102001.4199
102001.4198
102001.4198
102001.4197
102001.4197
102001.4197
102001.4196
102001.4196
102001.4195
102001.4195
102001.4195
102001.4194
102001.4194
102001.4194
102001.4194
102001.4193
102001.4193
102001.4193
102001.4193
102001.4193
102001.4192
102001.4192
102001.4192
102001.4192
102001.4192
102001.4192
102001.3889
102001.3889
102001.3889
102001.3889
102001.3889
102001.3889
102001.3889
102001.3888
102001.3888
102001.3888
102001.3887
102001.3887
102001.3886
102001.3886
102001.3886
102001.3885
102001.3885
102001.3884
102001.3884
102001.3883
102001.3883
102001.3883
102001.3882
102001.3882
102001.3882
102001.3881
102001.3881
102001.3881
102001.388
102001.388
102001.388
102001.388
102001.388
102001.388
102001.3879
102001.3879
102001.3879
102001.3879
102001.3879
102001.3879
102001.3576
102001.3576
102001.3576
102001.3576
102001.3576
102001.3576
102001.3575
102001.3575
102001.3575
102001.3574
102001.3574
102001.3574
102001.3573
102001.3573
102001.3572
102001.3572
102001.3572
102001.3571
102001.3571
102001.357
102001.357
102001.357
102001.3569
102001.3569
102001.3569
102001.3568
102001.3568
102001.3568
102001.3567
102001.3567
102001.3567
102001.3567
102001.3567
102001.3567
102001.3566
102001.3566
102001.3566
102001.3566
102001.3566
102001.3566
102001.3263
102001.3263
102001.3263
102001.3263
102001.3263
102001.3262
102001.3262
102001.3262
102001.3262
102001.3261
102001.3261
102001.3261
102001.326
102001.326
102001.3259
102001.3259
102001.3259
102001.3258
102001.3258
102001.3257
102001.3257
102001.3257
102001.3256
102001.3256
102001.3256
102001.3255
102001.3255
102001.3255
102001.3254
102001.3254
102001.3254
102001.3254
102001.3254
102001.3253
102001.3253
102001.3253
102001.3253
102001.3253
102001.3253
102001.3253
102001.295
102001.295
102001.295
102001.295
102001.2949
102001.2949
102001.2949
102001.2949
102001.2948
102001.2948
102001.2948
102001.2947
102001.2947
102001.2947
102001.2946
102001.2946
102001.2945
102001.2945
102001.2945
102001.2944
102001.2944
102001.2943
102001.2943
102001.2943
102001.2942
102001.2942
102001.2942
102001.2942
102001.2941
102001.2941
102001.2941
102001.2941
102001.2941
102001.294
102001.294
102001.294
102001.294
102001.294
102001.294
102001.294
102001.2637
102001.2637
102001.2637
102001.2636
102001.2636
102001.2636
102001.2636
102001.2636
102001.2635
102001.2635
102001.2635
102001.2634
102001.2634
102001.2634
102001.2633
102001.2633
102001.2632
102001.2632
102001.2632
102001.2631
102001.2631
102001.263
102001.263
102001.263
102001.2629
102001.2629
102001.2629
102001.2629
102001.2628
102001.2628
102001.2628
102001.2628
102001.2628
102001.2627
102001.2627
102001.2627
102001.2627
102001.2627
102001.2627
102001.2627
102001.2324
102001.2324
102001.2323
102001.2323
102001.2323
102001.2323
102001.2323
102001.2322
102001.2322
102001.2322
102001.2322
102001.2321
102001.2321
102001.232
102001.232
102001.232
102001.2319
102001.2319
102001.2318
102001.2318
102001.2318
102001.2317
102001.2317
102001.2317
102001.2316
102001.2316
102001.2316
102001.2316
102001.2315
102001.2315
102001.2315
102001.2315
102001.2315
102001.2314
102001.2314
102001.2314
102001.2314
102001.2314
102001.2314
102001.2314
102001.201
102001.201
102001.201
102001.201
102001.201
102001.201
102001.201
102001.2009
102001.2009
102001.2009
102001.2008
102001.2008
102001.2008
102001.2007
102001.2007
102001.2007
102001.2006
102001.2006
102001.2005
102001.2005
102001.2005
102001.2004
102001.2004
102001.2004
102001.2003
102001.2003
102001.2003
102001.2002
102001.2002
102001.2002
102001.2002
102001.2002
102001.2001
102001.2001
102001.2001
102001.2001
102001.2001
102001.2001
102001.2001
102001.2001
)
;

boundaryField
{
    front
    {
        type            wedge;
    }
    back
    {
        type            wedge;
    }
    tankWall
    {
        type            fixedFluxPressure;
        gradient        uniform 0;
        value           nonuniform List<scalar> 
120
(
102865.7092
102858.2504
102850.6518
102842.9948
102835.2889
102827.5408
102819.7599
102811.9514
102804.1198
102796.2687
102788.3994
102780.5128
102772.6097
102764.6912
102756.7587
102748.8135
102740.8567
102732.8892
102724.9113
102716.9235
102708.9258
102700.9181
102692.9006
102684.8734
102676.8372
102668.7918
102660.7363
102652.6704
102644.5937
102636.5057
102628.4064
102620.2959
102612.1757
102604.0462
102595.9068
102587.7573
102579.5979
102571.4283
102563.2484
102555.0578
102546.8562
102538.6437
102530.4208
102522.1883
102513.9477
102505.7014
102497.4503
102489.1999
102480.9598
102472.756
102464.6338
102456.6711
102449.095
102442.117
102435.8496
102430.2894
102425.1312
102419.4249
102410.8189
102393.7179
102354.0117
102184.6123
102002.99
102002.9455
102002.918
102002.8851
102002.856
102002.8244
102002.7938
102002.7627
102002.7317
102002.7007
102002.6695
102002.6384
102002.6072
102002.5761
102002.5449
102002.5137
102002.4824
102002.4512
102002.42
102002.3888
102002.3575
102002.3263
102002.295
102002.2638
102002.2325
102002.2013
102002.17
102002.1387
102002.1075
102002.0762
102002.0449
102002.0137
102001.9824
102001.9511
102001.9198
102001.8886
102001.8573
102001.826
102001.7947
102001.7634
102001.7321
102001.7009
102001.6696
102001.6383
102001.607
102001.5757
102001.5444
102001.5131
102001.4818
102001.4505
102001.4192
102001.3879
102001.3566
102001.3253
102001.294
102001.2627
102001.2314
102001.2001
)
;
    }
    bottom
    {
        type            fixedFluxPressure;
        gradient        uniform 0;
        value           nonuniform List<scalar> 
40
(
102866.1799
102866.179
102866.177
102866.1738
102866.1696
102866.1643
102866.158
102866.1507
102866.1425
102866.1334
102866.1235
102866.1129
102866.1015
102866.0896
102866.0771
102866.0642
102866.0509
102866.0374
102866.0236
102866.0098
102865.9959
102865.9822
102865.9686
102865.9552
102865.9423
102865.9297
102865.9176
102865.9061
102865.8952
102865.8849
102865.8753
102865.8664
102865.8582
102865.8505
102865.8435
102865.8367
102865.8312
102865.8209
102865.8312
102865.7092
)
;
    }
    top
    {
        type            fixedFluxPressure;
        gradient        uniform 0;
        value           nonuniform List<scalar> 
40
(
102001.201
102001.201
102001.201
102001.201
102001.201
102001.201
102001.201
102001.2009
102001.2009
102001.2009
102001.2008
102001.2008
102001.2008
102001.2007
102001.2007
102001.2007
102001.2006
102001.2006
102001.2005
102001.2005
102001.2005
102001.2004
102001.2004
102001.2004
102001.2003
102001.2003
102001.2003
102001.2002
102001.2002
102001.2002
102001.2002
102001.2002
102001.2001
102001.2001
102001.2001
102001.2001
102001.2001
102001.2001
102001.2001
102001.2001
)
;
    }
    axis
    {
        type            empty;
    }
}


// ************************************************************************* //
