/*--------------------------------*- C++ -*----------------------------------*\
| =========                 |                                                 |
| \\      /  F ield         | OpenFOAM: The Open Source CFD Toolbox           |
|  \\    /   O peration     | Version:  v1912                                 |
|   \\  /    A nd           | Website:  www.openfoam.com                      |
|    \\/     M anipulation  |                                                 |
\*---------------------------------------------------------------------------*/
FoamFile
{
    version     2.0;
    format      ascii;
    class       volScalarField;
    location    "0.7";
    object      p_rgh;
}
// * * * * * * * * * * * * * * * * * * * * * * * * * * * * * * * * * * * * * //

dimensions      [1 -1 -2 0 0 0 0];


internalField   nonuniform List<scalar> 
4800
(
102869.7922
102869.7913
102869.7893
102869.7861
102869.7818
102869.7765
102869.7702
102869.7628
102869.7546
102869.7455
102869.7355
102869.7248
102869.7134
102869.7014
102869.6889
102869.6759
102869.6626
102869.6489
102869.6351
102869.6212
102869.6073
102869.5935
102869.5798
102869.5664
102869.5534
102869.5408
102869.5286
102869.517
102869.5061
102869.4957
102869.4861
102869.4771
102869.4688
102869.4612
102869.4541
102869.4473
102869.4417
102869.4314
102869.4417
102869.3197
102862.4366
102862.4357
102862.4337
102862.4305
102862.4262
102862.4209
102862.4145
102862.4072
102862.3989
102862.3897
102862.3798
102862.369
102862.3576
102862.3456
102862.333
102862.3199
102862.3065
102862.2929
102862.279
102862.265
102862.2511
102862.2372
102862.2235
102862.2101
102862.197
102862.1843
102862.1721
102862.1605
102862.1495
102862.1392
102862.1295
102862.1205
102862.1122
102862.1046
102862.0976
102862.0909
102862.0852
102862.0765
102862.0799
102861.8609
102855.0817
102855.0809
102855.0788
102855.0756
102855.0713
102855.0659
102855.0595
102855.0521
102855.0438
102855.0346
102855.0245
102855.0137
102855.0022
102854.9901
102854.9774
102854.9643
102854.9508
102854.937
102854.9231
102854.909
102854.895
102854.881
102854.8672
102854.8537
102854.8405
102854.8277
102854.8155
102854.8038
102854.7927
102854.7823
102854.7726
102854.7636
102854.7554
102854.7478
102854.7408
102854.7343
102854.7288
102854.722
102854.717
102854.2622
102847.7275
102847.7267
102847.7246
102847.7214
102847.717
102847.7116
102847.7052
102847.6977
102847.6893
102847.68
102847.6698
102847.6589
102847.6473
102847.6351
102847.6223
102847.609
102847.5954
102847.5814
102847.5673
102847.5531
102847.5389
102847.5248
102847.5108
102847.4972
102847.4839
102847.471
102847.4586
102847.4468
102847.4357
102847.4252
102847.4154
102847.4064
102847.3981
102847.3906
102847.3837
102847.3775
102847.3721
102847.3666
102847.3495
102846.6052
102840.374
102840.3733
102840.3712
102840.3679
102840.3635
102840.358
102840.3515
102840.3439
102840.3354
102840.326
102840.3157
102840.3046
102840.2928
102840.2804
102840.2675
102840.254
102840.2402
102840.2261
102840.2118
102840.1974
102840.1829
102840.1686
102840.1545
102840.1406
102840.1271
102840.1141
102840.1015
102840.0896
102840.0783
102840.0677
102840.0579
102840.0488
102840.0405
102840.033
102840.0262
102840.0202
102840.0151
102840.0105
102839.9752
102838.8993
102833.0213
102833.0206
102833.0185
102833.0151
102833.0107
102833.0051
102832.9985
102832.9908
102832.9821
102832.9725
102832.9621
102832.9508
102832.9389
102832.9262
102832.913
102832.8994
102832.8853
102832.871
102832.8564
102832.8417
102832.8271
102832.8125
102832.7981
102832.784
102832.7702
102832.757
102832.7442
102832.7321
102832.7206
102832.7099
102832.7
102832.6908
102832.6825
102832.675
102832.6684
102832.6625
102832.6575
102832.6532
102832.5973
102831.1512
102825.6693
102825.6686
102825.6665
102825.6631
102825.6586
102825.6529
102825.6461
102825.6383
102825.6295
102825.6197
102825.609
102825.5976
102825.5854
102825.5725
102825.559
102825.5451
102825.5307
102825.5161
102825.5012
102825.4862
102825.4712
102825.4564
102825.4417
102825.4273
102825.4132
102825.3997
102825.3867
102825.3744
102825.3627
102825.3518
102825.3417
102825.3325
102825.3241
102825.3167
102825.3101
102825.3043
102825.2994
102825.2953
102825.2092
102823.3703
102818.3181
102818.3174
102818.3153
102818.3118
102818.3072
102818.3014
102818.2945
102818.2865
102818.2775
102818.2675
102818.2566
102818.2449
102818.2324
102818.2192
102818.2054
102818.1911
102818.1764
102818.1614
102818.1462
102818.1309
102818.1155
102818.1003
102818.0852
102818.0705
102818.0561
102818.0423
102818.029
102818.0163
102818.0045
102817.9934
102817.9831
102817.9738
102817.9654
102817.9579
102817.9514
102817.9457
102817.941
102817.9374
102817.8082
102815.5618
102810.9677
102810.967
102810.9648
102810.9613
102810.9566
102810.9506
102810.9435
102810.9354
102810.9261
102810.9159
102810.9047
102810.8927
102810.8799
102810.8663
102810.8522
102810.8376
102810.8225
102810.8071
102810.7914
102810.7757
102810.7599
102810.7442
102810.7288
102810.7136
102810.6989
102810.6846
102810.671
102810.6581
102810.6459
102810.6346
102810.6241
102810.6146
102810.6061
102810.5986
102810.5922
102810.5867
102810.5823
102810.5794
102810.3984
102807.7301
102803.6181
102803.6175
102803.6152
102803.6116
102803.6067
102803.6006
102803.5934
102803.5849
102803.5754
102803.5649
102803.5534
102803.5411
102803.5279
102803.514
102803.4994
102803.4844
102803.4688
102803.4529
102803.4368
102803.4206
102803.4044
102803.3882
102803.3723
102803.3567
102803.3415
102803.3268
102803.3128
102803.2995
102803.287
102803.2754
102803.2647
102803.2551
102803.2464
102803.2389
102803.2325
102803.2272
102803.223
102803.2207
102802.98
102799.8789
102796.2693
102796.2687
102796.2664
102796.2627
102796.2577
102796.2514
102796.2439
102796.2353
102796.2255
102796.2146
102796.2028
102796.1901
102796.1765
102796.1621
102796.1471
102796.1315
102796.1155
102796.0991
102796.0825
102796.0657
102796.0489
102796.0322
102796.0158
102795.9996
102795.984
102795.9688
102795.9544
102795.9406
102795.9278
102795.9158
102795.9049
102795.895
102795.8863
102795.8787
102795.8723
102795.8671
102795.8632
102795.8612
102795.5541
102792.0095
102788.9214
102788.9208
102788.9184
102788.9146
102788.9095
102788.903
102788.8953
102788.8863
102788.8762
102788.865
102788.8528
102788.8397
102788.8256
102788.8108
102788.7953
102788.7791
102788.7626
102788.7456
102788.7284
102788.711
102788.6936
102788.6763
102788.6593
102788.6425
102788.6263
102788.6106
102788.5956
102788.5815
102788.5682
102788.5559
102788.5446
102788.5345
102788.5256
102788.5179
102788.5115
102788.5063
102788.5027
102788.5009
102788.12
102784.123
102781.5744
102781.5738
102781.5714
102781.5675
102781.5621
102781.5554
102781.5474
102781.5382
102781.5278
102781.5162
102781.5035
102781.4899
102781.4753
102781.46
102781.4439
102781.4272
102781.41
102781.3924
102781.3745
102781.3564
102781.3384
102781.3204
102781.3027
102781.2854
102781.2685
102781.2522
102781.2367
102781.222
102781.2082
102781.1955
102781.1839
102781.1735
102781.1644
102781.1565
102781.1501
102781.145
102781.1414
102781.1398
102780.6776
102776.22
102774.2283
102774.2277
102774.2252
102774.2212
102774.2157
102774.2087
102774.2005
102774.1909
102774.1801
102774.1681
102774.1549
102774.1408
102774.1257
102774.1097
102774.093
102774.0757
102774.0578
102774.0395
102774.0209
102774.0021
102773.9833
102773.9646
102773.9462
102773.9281
102773.9105
102773.8936
102773.8774
102773.8622
102773.8479
102773.8347
102773.8227
102773.8119
102773.8026
102773.7946
102773.7881
102773.7829
102773.7795
102773.7775
102773.2267
102768.3016
102766.8832
102766.8826
102766.8801
102766.8758
102766.8701
102766.8629
102766.8544
102766.8444
102766.8332
102766.8207
102766.8071
102766.7924
102766.7767
102766.7601
102766.7427
102766.7246
102766.706
102766.6869
102766.6675
102766.648
102766.6284
102766.6089
102766.5896
102766.5708
102766.5524
102766.5348
102766.5179
102766.502
102766.4871
102766.4734
102766.4609
102766.4498
102766.4402
102766.432
102766.4254
102766.4203
102766.4169
102766.4143
102765.7675
102760.3691
102759.5391
102759.5385
102759.5359
102759.5315
102759.5256
102759.5181
102759.5092
102759.4989
102759.4872
102759.4742
102759.46
102759.4447
102759.4283
102759.411
102759.3929
102759.3741
102759.3546
102759.3347
102759.3145
102759.294
102759.2736
102759.2532
102759.2331
102759.2133
102759.1942
102759.1757
102759.1581
102759.1414
102759.1259
102759.1116
102759.0986
102759.0871
102759.0771
102759.0687
102759.062
102759.0568
102759.0536
102759.0502
102758.2995
102752.4239
102752.1961
102752.1955
102752.1927
102752.1882
102752.182
102752.1743
102752.165
102752.1542
102752.1421
102752.1285
102752.1138
102752.0978
102752.0807
102752.0627
102752.0437
102752.024
102752.0037
102751.9829
102751.9617
102751.9403
102751.9189
102751.8976
102751.8765
102751.8558
102751.8357
102751.8164
102751.7979
102751.7805
102751.7643
102751.7493
102751.7358
102751.7238
102751.7134
102751.7047
102751.6978
102751.6926
102751.6895
102751.6849
102750.8228
102744.467
102744.8541
102744.8535
102744.8507
102744.8459
102744.8395
102744.8314
102744.8218
102744.8106
102744.7979
102744.7838
102744.7684
102744.7517
102744.7339
102744.715
102744.6952
102744.6746
102744.6533
102744.6315
102744.6093
102744.5869
102744.5644
102744.542
102744.5199
102744.4982
102744.4771
102744.4568
102744.4375
102744.4192
102744.4022
102744.3865
102744.3723
102744.3598
102744.349
102744.34
102744.3328
102744.3276
102744.3245
102744.3182
102743.3375
102736.4994
102737.5133
102737.5128
102737.5098
102737.5048
102737.4981
102737.4897
102737.4796
102737.4679
102737.4547
102737.44
102737.4239
102737.4064
102737.3878
102737.368
102737.3473
102737.3257
102737.3034
102737.2805
102737.2572
102737.2337
102737.2101
102737.1866
102737.1633
102737.1405
102737.1184
102737.097
102737.0767
102737.0574
102737.0395
102737.0231
102737.0082
102736.9951
102736.9838
102736.9744
102736.967
102736.9617
102736.9586
102736.9504
102735.8434
102728.5215
102730.1737
102730.1732
102730.17
102730.1649
102730.1579
102730.1492
102730.1386
102730.1264
102730.1126
102730.0972
102730.0803
102730.0621
102730.0425
102730.0218
102730.0001
102729.9774
102729.954
102729.93
102729.9055
102729.8808
102729.8559
102729.8312
102729.8067
102729.7827
102729.7594
102729.7369
102729.7155
102729.6952
102729.6764
102729.6591
102729.6434
102729.6296
102729.6178
102729.608
102729.6003
102729.5948
102729.5917
102729.5812
102728.3405
102720.5336
102722.8354
102722.8348
102722.8316
102722.8262
102722.819
102722.8098
102722.7988
102722.786
102722.7715
102722.7554
102722.7378
102722.7187
102722.6982
102722.6765
102722.6536
102722.6298
102722.6052
102722.58
102722.5542
102722.5282
102722.502
102722.4759
102722.4502
102722.4249
102722.4003
102722.3765
102722.3539
102722.3325
102722.3126
102722.2944
102722.2779
102722.2634
102722.251
102722.2407
102722.2327
102722.227
102722.2239
102722.2105
102720.8288
102712.5359
102715.4984
102715.4978
102715.4945
102715.4889
102715.4813
102715.4717
102715.4602
102715.4468
102715.4317
102715.4148
102715.3963
102715.3762
102715.3547
102715.3319
102715.308
102715.2829
102715.257
102715.2304
102715.2033
102715.1759
102715.1483
102715.1208
102715.0936
102715.0669
102715.0409
102715.0158
102714.9919
102714.9694
102714.9483
102714.929
102714.9116
102714.8963
102714.8832
102714.8724
102714.864
102714.8581
102714.855
102714.8383
102713.3082
102704.5283
102708.1628
102708.1622
102708.1587
102708.1529
102708.1449
102708.1349
102708.1229
102708.1089
102708.093
102708.0753
102708.0559
102708.0349
102708.0123
102707.9883
102707.9631
102707.9368
102707.9095
102707.8815
102707.8529
102707.8239
102707.7948
102707.7657
102707.737
102707.7088
102707.6813
102707.6548
102707.6295
102707.6056
102707.5834
102707.5629
102707.5445
102707.5283
102707.5144
102707.5031
102707.4943
102707.4882
102707.4851
102707.4645
102705.7786
102696.5108
102700.8287
102700.8281
102700.8244
102700.8183
102700.81
102700.7995
102700.7869
102700.7723
102700.7557
102700.7371
102700.7168
102700.6947
102700.6709
102700.6457
102700.6192
102700.5914
102700.5626
102700.5331
102700.5029
102700.4723
102700.4415
102700.4108
102700.3804
102700.3506
102700.3215
102700.2934
102700.2666
102700.2413
102700.2177
102700.1961
102700.1766
102700.1594
102700.1447
102700.1326
102700.1234
102700.117
102700.114
102700.0893
102698.2396
102688.4837
102693.4961
102693.4955
102693.4917
102693.4853
102693.4766
102693.4657
102693.4525
102693.4371
102693.4197
102693.4002
102693.3789
102693.3556
102693.3307
102693.3041
102693.2761
102693.2469
102693.2165
102693.1853
102693.1534
102693.1211
102693.0885
102693.056
102693.0238
102692.9922
102692.9614
102692.9317
102692.9032
102692.8764
102692.8514
102692.8284
102692.8077
102692.7894
102692.7738
102692.761
102692.7511
102692.7444
102692.7412
102692.7114
102690.6927
102680.4477
102686.1652
102686.1646
102686.1606
102686.1539
102686.1448
102686.1333
102686.1195
102686.1035
102686.0852
102686.0648
102686.0423
102686.0178
102685.9916
102685.9636
102685.9341
102685.9032
102685.8712
102685.8382
102685.8044
102685.7702
102685.7358
102685.7014
102685.6672
102685.6337
102685.601
102685.5695
102685.5393
102685.5108
102685.4842
102685.4598
102685.4378
102685.4183
102685.4017
102685.3881
102685.3776
102685.3703
102685.3666
102685.3306
102683.1376
102672.4025
102678.836
102678.8354
102678.8312
102678.8242
102678.8147
102678.8027
102678.7882
102678.7714
102678.7522
102678.7308
102678.7071
102678.6814
102678.6538
102678.6243
102678.5931
102678.5605
102678.5267
102678.4918
102678.456
102678.4198
102678.3833
102678.3468
102678.3106
102678.2751
102678.2404
102678.2069
102678.1748
102678.1446
102678.1163
102678.0903
102678.0668
102678.0461
102678.0283
102678.0138
102678.0025
102677.9947
102677.9907
102677.948
102675.5725
102664.3474
102671.5086
102671.508
102671.5036
102671.4963
102671.4863
102671.4738
102671.4586
102671.441
102671.4209
102671.3983
102671.3735
102671.3464
102671.3173
102671.2862
102671.2533
102671.2189
102671.183
102671.1461
102671.1082
102671.0698
102671.0311
102670.9924
102670.954
102670.9162
102670.8794
102670.8438
102670.8097
102670.7775
102670.7474
102670.7197
102670.6947
102670.6726
102670.6536
102670.638
102670.626
102670.6176
102670.6131
102670.5629
102667.9979
102656.2819
102664.1831
102664.1824
102664.1778
102664.1703
102664.1599
102664.1467
102664.1309
102664.1124
102664.0913
102664.0676
102664.0415
102664.013
102663.9823
102663.9494
102663.9147
102663.8783
102663.8403
102663.8012
102663.7611
102663.7203
102663.6792
102663.6381
102663.5973
102663.5572
102663.518
102663.4802
102663.444
102663.4097
102663.3776
102663.3481
102663.3214
102663.2977
102663.2774
102663.2607
102663.2477
102663.2387
102663.2337
102663.1751
102660.4137
102648.2056
102656.8597
102656.8589
102656.8541
102656.8462
102656.8353
102656.8216
102656.805
102656.7856
102656.7635
102656.7386
102656.7112
102656.6812
102656.6488
102656.6141
102656.5774
102656.5388
102656.4986
102656.4571
102656.4146
102656.3713
102656.3276
102656.2839
102656.2406
102656.1979
102656.1563
102656.116
102656.0774
102656.0409
102656.0068
102655.9752
102655.9467
102655.9214
102655.8996
102655.8817
102655.8678
102655.858
102655.8526
102655.7845
102652.8197
102640.1182
102649.5383
102649.5375
102649.5325
102649.5243
102649.5129
102649.4986
102649.4812
102649.4609
102649.4377
102649.4116
102649.3827
102649.3511
102649.3169
102649.2803
102649.2415
102649.2006
102649.158
102649.1139
102649.0688
102649.0228
102648.9764
102648.9299
102648.8838
102648.8383
102648.794
102648.7512
102648.7101
102648.6712
102648.6348
102648.6011
102648.5706
102648.5435
102648.5202
102648.5009
102648.4859
102648.4754
102648.4695
102648.3915
102645.2157
102632.0194
102642.2192
102642.2184
102642.2132
102642.2045
102642.1927
102642.1777
102642.1596
102642.1384
102642.114
102642.0866
102642.0562
102642.0229
102641.9868
102641.9481
102641.907
102641.8637
102641.8185
102641.7717
102641.7237
102641.6748
102641.6254
102641.5759
102641.5268
102641.4785
102641.4313
102641.3856
102641.3419
102641.3004
102641.2615
102641.2256
102641.1929
102641.1639
102641.1388
102641.118
102641.1018
102641.0906
102641.0846
102640.9964
102637.6016
102623.9095
102634.9024
102634.9015
102634.8961
102634.8871
102634.8748
102634.8592
102634.8403
102634.8181
102634.7925
102634.7638
102634.7318
102634.6967
102634.6587
102634.6177
102634.5742
102634.5283
102634.4803
102634.4305
102634.3794
102634.3273
102634.2747
102634.222
102634.1697
102634.1182
102634.0679
102634.0193
102633.9727
102633.9284
102633.887
102633.8486
102633.8136
102633.7824
102633.7554
102633.733
102633.7154
102633.7031
102633.6964
102633.5972
102629.9804
102615.7897
102627.5881
102627.5872
102627.5815
102627.5722
102627.5594
102627.5431
102627.5234
102627.5002
102627.4735
102627.4433
102627.4097
102627.3727
102627.3325
102627.2892
102627.243
102627.1943
102627.1433
102627.0904
102627.0359
102626.9804
102626.9244
102626.8682
102626.8124
102626.7575
102626.7039
102626.652
102626.6023
102626.5552
102626.5109
102626.4698
102626.4324
102626.3989
102626.3698
102626.3455
102626.3265
102626.3129
102626.3048
102626.1927
102622.3531
102607.6606
102620.2764
102620.2754
102620.2695
102620.2599
102620.2466
102620.2297
102620.2091
102620.1849
102620.157
102620.1253
102620.09
102620.051
102620.0085
102619.9627
102619.9138
102619.862
102619.8077
102619.7513
102619.6933
102619.6341
102619.5743
102619.5143
102619.4548
102619.3962
102619.339
102619.2837
102619.2308
102619.1805
102619.1332
102619.0893
102619.0491
102619.013
102618.9816
102618.9554
102618.9347
102618.9199
102618.9109
102618.7857
102614.7158
102599.5214
102612.9674
102612.9663
102612.9602
102612.9502
102612.9365
102612.9189
102612.8976
102612.8723
102612.8432
102612.81
102612.7729
102612.7318
102612.6869
102612.6384
102612.5865
102612.5314
102612.4736
102612.4135
102612.3516
102612.2884
102612.2245
102612.1604
102612.0968
102612.0342
102611.9732
102611.9143
102611.8578
102611.8042
102611.7537
102611.7067
102611.6636
102611.6247
102611.5907
102611.5623
102611.5398
102611.5238
102611.5139
102611.3751
102607.0697
102591.3722
102605.6612
102605.66
102605.6537
102605.6434
102605.6292
102605.6111
102605.589
102605.5627
102605.5323
102605.4976
102605.4586
102605.4153
102605.3679
102605.3165
102605.2614
102605.2028
102605.1412
102605.077
102605.0109
102604.9433
102604.8749
102604.8064
102604.7383
102604.6715
102604.6063
102604.5435
102604.4833
102604.4261
102604.3722
102604.3219
102604.2755
102604.2336
102604.1967
102604.1657
102604.1413
102604.1239
102604.1131
102603.9606
102599.4148
102583.2129
102598.3579
102598.3566
102598.3502
102598.3396
102598.3251
102598.3064
102598.2835
102598.2562
102598.2245
102598.1882
102598.1473
102598.1018
102598.0517
102597.9972
102597.9386
102597.8762
102597.8105
102597.7419
102597.6711
102597.5987
102597.5255
102597.4521
102597.3793
102597.3077
102597.2382
102597.1711
102597.1069
102597.046
102596.9885
102596.9347
102596.8847
102596.8393
102596.7991
102596.7653
102596.7386
102596.7198
102596.708
102596.5417
102591.751
102575.0435
102591.0577
102591.0563
102591.0498
102591.039
102591.024
102591.0049
102590.9813
102590.9531
102590.9201
102590.8823
102590.8394
102590.7914
102590.7385
102590.6807
102590.6184
102590.5519
102590.4816
102590.4083
102590.3324
102590.2548
102590.1762
102590.0975
102590.0194
102589.9428
102589.8685
102589.7969
102589.7286
102589.6637
102589.6024
102589.5447
102589.4908
102589.4414
102589.3974
102589.3603
102589.3311
102589.3107
102589.2978
102589.1183
102584.0785
102566.8636
102583.7607
102583.7592
102583.7525
102583.7415
102583.7263
102583.7068
102583.6826
102583.6535
102583.6194
102583.5799
102583.535
102583.4845
102583.4286
102583.3673
102583.301
102583.23
102583.1548
102583.0762
102582.9948
102582.9114
102582.827
102582.7424
102582.6586
102582.5765
102582.497
102582.4206
102582.3479
102582.2789
102582.2136
102582.1518
102582.0935
102582.0395
102581.9909
102581.9498
102581.9177
102581.8956
102581.8814
102581.69
102576.3972
102558.6729
102576.4668
102576.4652
102576.4585
102576.4474
102576.4321
102576.4122
102576.3876
102576.3577
102576.3225
102576.2814
102576.2345
102576.1814
102576.1223
102576.0573
102575.9866
102575.9107
102575.8302
102575.7458
102575.6583
102575.5686
102575.4777
102575.3866
102575.2965
102575.2084
102575.1233
102575.0419
102574.9646
102574.8914
102574.822
102574.7557
102574.6924
102574.6328
102574.5787
102574.5327
102574.4971
102574.4731
102574.4578
102574.2564
102568.7081
102550.4711
102569.1762
102569.1745
102569.1678
102569.1568
102569.1414
102569.1215
102569.0965
102569.066
102569.0297
102568.9872
102568.9382
102568.8825
102568.82
102568.751
102568.6756
102568.5944
102568.508
102568.4172
102568.323
102568.2262
102568.1282
102568.03
102567.9329
102567.8382
102567.747
102567.6602
102567.5783
102567.5009
102567.4273
102567.3563
102567.2872
102567.2208
102567.1595
102567.1072
102567.0676
102567.0414
102567.0258
102566.8158
102561.0128
102542.2583
102561.8888
102561.8871
102561.8805
102561.8697
102561.8545
102561.8346
102561.8095
102561.7786
102561.7415
102561.6976
102561.6465
102561.5881
102561.5221
102561.4488
102561.3683
102561.2814
102561.1885
102561.0907
102560.9889
102560.8843
102560.7783
102560.6721
102560.5673
102560.4652
102560.3674
102560.275
102560.1885
102560.1072
102560.0296
102559.9534
102559.8774
102559.8023
102559.7315
102559.6709
102559.626
102559.5975
102559.5828
102559.3679
102553.3126
102534.0346
102554.6046
102554.6029
102554.5965
102554.5861
102554.5713
102554.5518
102554.5268
102554.4958
102554.4581
102554.4129
102554.3599
102554.2986
102554.229
102554.1511
102554.0652
102553.9718
102553.8718
102553.7662
102553.6561
102553.5429
102553.4279
102553.3127
102553.1991
102553.0889
102552.9839
102552.8857
102552.7948
102552.7102
102552.629
102552.5475
102552.4631
102552.3764
102552.2924
102552.2201
102552.1677
102552.1369
102552.1252
102551.9115
102545.6097
102525.8009
102547.3236
102547.3218
102547.3158
102547.306
102547.2919
102547.2731
102547.2487
102547.2179
102547.1798
102547.1337
102547.0788
102547.0147
102546.9412
102546.8584
102546.7665
102546.6662
102546.5584
102546.4441
102546.3247
102546.2017
102546.0766
102545.9513
102545.8278
102545.7083
102545.5955
102545.4913
102545.3965
102545.3098
102545.2261
102545.1391
102545.0442
102544.9416
102544.8384
102544.7489
102544.6859
102544.6531
102544.6482
102544.4439
102537.9045
102517.5584
102540.0454
102540.0437
102540.0383
102540.0293
102540.0163
102539.9987
102539.9753
102539.9452
102539.9072
102539.8603
102539.8038
102539.7369
102539.6594
102539.5713
102539.473
102539.365
102539.2485
102539.1245
102538.9947
102538.8607
102538.7243
102538.5874
102538.4525
102538.3225
102538.2008
102538.0905
102537.9934
102537.9068
102537.8227
102537.7297
102537.6205
102537.4949
102537.3631
102537.247
102537.1688
102537.1351
102537.143
102536.9536
102530.2044
102509.3099
102532.7698
102532.7683
102532.7636
102532.7558
102532.7445
102532.7285
102532.7068
102532.678
102532.6406
102532.5934
102532.5354
102532.4658
102532.3841
102532.2905
102532.1851
102532.0687
102531.9424
102531.8078
102531.6664
102531.5201
102531.3708
102531.2206
102531.0724
102530.93
102530.7982
102530.6822
102530.5848
102530.5024
102530.422
102530.3232
102530.1931
102530.0321
102529.8558
102529.697
102529.5964
102529.5647
102529.5972
102529.4418
102522.4978
102501.0566
102525.4963
102525.4951
102525.4915
102525.4853
102525.4761
102525.4626
102525.4433
102525.4165
102525.3804
102525.3335
102525.2743
102525.2021
102525.1162
102525.0165
102524.9034
102524.7778
102524.6408
102524.4943
102524.3401
102524.1802
102524.0163
102523.8505
102523.686
102523.5278
102523.3835
102523.2622
102523.1697
102523.101
102523.0339
102522.9334
102522.7741
102522.5556
102522.3024
102522.0715
102521.9339
102521.9123
102521.9953
102521.9058
102514.7955
102492.8038
102518.2244
102518.2236
102518.2213
102518.2173
102518.2108
102518.2006
102518.1848
102518.1611
102518.1272
102518.0812
102518.0214
102517.9467
102517.8564
102517.7503
102517.6288
102517.4929
102517.3442
102517.1845
102517.0161
102516.8406
102516.6596
102516.4755
102516.2915
102516.1139
102515.9539
102515.8287
102515.7507
102515.712
102515.6737
102515.5798
102515.3855
102515.0786
102514.6562
102514.2742
102514.1059
102514.1335
102514.319
102514.341
102507.1126
102484.5613
102510.9534
102510.9532
102510.9524
102510.951
102510.9482
102510.9425
102510.9314
102510.912
102510.8814
102510.8372
102510.7774
102510.7005
102510.6057
102510.4927
102510.362
102510.2148
102510.0528
102509.8784
102509.694
102509.5017
102509.3031
102509.1001
102508.8951
102508.6943
102508.515
102508.3851
102508.3274
102508.337
102508.353
102508.2847
102508.0486
102507.464
102506.2991
102505.594
102505.6203
102506.0529
102506.541
102506.7444
102499.4132
102476.3548
102503.6824
102503.6829
102503.6839
102503.6856
102503.6875
102503.6877
102503.683
102503.6695
102503.6437
102503.6024
102503.5432
102503.4644
102503.365
102503.2446
102503.1037
102502.9436
102502.7668
102502.5768
102502.377
102502.1702
102501.9579
102501.7397
102501.5136
102501.2834
102501.0731
102500.9281
102500.8923
102500.97
102501.066
102501.0291
102500.4341
102498.7886
102497.2804
102496.5345
102496.22
102497.2754
102498.6176
102499.1021
102491.6853
102468.2299
102496.4103
102496.4117
102496.4144
102496.4198
102496.4276
102496.4355
102496.4393
102496.4338
102496.4145
102496.3774
102496.3198
102496.2396
102496.1355
102496.007
102495.8547
102495.6809
102495.4898
102495.2862
102495.0746
102494.8576
102494.6371
102494.4092
102494.1622
102493.8902
102493.6288
102493.455
102493.4441
102493.6079
102493.7742
102493.2684
102491.4296
102489.9589
102489.5455
102488.7644
102487.8741
102488.1058
102490.4834
102491.4687
102483.8701
102460.264
102489.1362
102489.1383
102489.1425
102489.1518
102489.1669
102489.1849
102489.1999
102489.2051
102489.1944
102489.1632
102489.1083
102489.0273
102488.9188
102488.7821
102488.6187
102488.4329
102488.2302
102488.0155
102487.7925
102487.5661
102487.3409
102487.0994
102486.7929
102486.4205
102486.0962
102485.9485
102486.0048
102486.2247
102485.7604
102483.8579
102482.5629
102482.412
102482.3877
102481.365
102480.1852
102480.2655
102482.5874
102483.9663
102475.7396
102452.6846
102481.8593
102481.8615
102481.8661
102481.8791
102481.9031
102481.9344
102481.9645
102481.9839
102481.9846
102481.9612
102481.9103
102481.8299
102481.7184
102481.5751
102481.4023
102481.205
102480.9881
102480.754
102480.5024
102480.236
102479.9395
102479.5106
102478.9237
102478.437
102478.1947
102478.2533
102478.3484
102477.7709
102475.8034
102474.4296
102474.0431
102474.9312
102474.775
102473.8547
102472.9426
102473.2361
102475.145
102476.7247
102467.1591
102445.7026
102474.5794
102474.5808
102474.583
102474.5983
102474.6335
102474.6826
102474.733
102474.771
102474.7864
102474.7733
102474.7287
102474.6507
102474.5358
102474.3765
102474.1667
102473.9066
102473.5957
102473.2265
102472.786
102472.2336
102471.4242
102470.3699
102469.5742
102469.2045
102469.3129
102469.4341
102469.1745
102467.1635
102465.0936
102463.894
102463.0189
102463.2172
102464.2509
102465.5136
102466.1451
102467.1289
102468.3928
102469.4092
102458.2182
102439.4308
102467.298
102467.2954
102467.2904
102467.3074
102467.3557
102467.4277
102467.504
102467.5642
102467.5932
102467.5798
102467.5107
102467.36
102467.0829
102466.6335
102466.0324
102465.3637
102464.65
102463.8179
102462.7747
102461.3954
102459.7082
102458.2888
102457.6028
102457.3734
102457.6568
102457.8002
102456.9822
102454.3173
102451.4073
102447.8133
102443.2238
102439.6577
102441.3522
102449.9818
102456.1467
102459.8866
102461.6553
102461.157
102449.1485
102433.8661
102459.9362
102459.9119
102459.865
102459.8428
102459.8593
102459.8945
102459.8995
102459.8067
102459.5353
102458.9909
102458.0883
102456.7959
102455.1836
102453.5028
102452.0792
102450.9571
102449.8521
102448.4444
102446.633
102444.5353
102442.5218
102441.1032
102440.4352
102440.2259
102440.6451
102440.9539
102440.3313
102436.1966
102429.9448
102419.4982
102404.863
102391.437
102385.7462
102405.0082
102431.6895
102446.0023
102450.9049
102451.594
102440.4184
102428.7041
102443.9105
102443.6604
102442.711
102441.6531
102440.734
102439.8374
102438.6262
102436.7546
102434.0856
102430.8055
102427.4029
102424.3952
102422.1345
102420.8823
102420.4435
102420.2293
102419.5024
102418.0099
102416.3089
102414.6333
102413.0032
102411.5717
102410.6729
102410.3794
102411.2637
102412.2408
102412.7209
102406.9066
102394.9244
102375.0052
102344.97
102312.5219
102293.0444
102294.4837
102361.446
102413.0454
102435.8696
102440.9475
102432.4451
102422.9956
102326.3871
102327.1235
102324.7899
102323.2724
102323.9172
102326.2349
102328.8018
102330.5059
102331.509
102332.4991
102334.0862
102336.5989
102339.3212
102341.2513
102342.1726
102342.3588
102341.8272
102340.6537
102340.0184
102339.6838
102339.2456
102337.9886
102336.7935
102336.357
102337.8249
102341.3972
102345.1522
102347.4294
102340.0764
102316.1555
102279.7916
102230.1667
102185.2108
102168.2952
102218.7467
102319.901
102400.6288
102427.1423
102424.2293
102414.3902
102110.7282
102113.3853
102115.4946
102119.7769
102126.7425
102135.9402
102145.976
102155.3762
102163.4249
102169.7463
102174.1278
102176.4238
102176.9756
102176.2501
102174.6519
102173.3333
102172.0036
102170.4042
102169.0332
102168.456
102169.1792
102169.6668
102169.6721
102168.5903
102168.1094
102171.7656
102184.7253
102200.7436
102217.6362
102226.1696
102215.7068
102179.3729
102134.5789
102097.2636
102090.7695
102158.5911
102291.0352
102391.632
102412.7589
102397.2988
102050.4933
102049.3115
102051.6497
102055.4933
102058.8839
102061.3939
102062.9017
102063.5168
102063.576
102063.2856
102062.3171
102060.7444
102058.7876
102056.6345
102054.5979
102052.7549
102050.8061
102048.4896
102046.0008
102044.0443
102043.1665
102043.3339
102043.6986
102043.5297
102040.8248
102038.5434
102038.0846
102047.6762
102062.1001
102081.9934
102101.1411
102110.2048
102095.9936
102075.5224
102051.1245
102045.6565
102112.0846
102260.1187
102363.0724
102357.6281
102035.6355
102032.738
102031.7425
102031.3916
102030.9109
102029.6923
102027.8751
102025.8418
102023.9334
102022.2237
102020.7035
102019.3852
102018.2365
102017.2041
102016.2831
102015.4314
102014.5604
102013.6019
102012.5764
102011.6729
102011.106
102010.9096
102010.9383
102010.9597
102010.2856
102009.2084
102008.4827
102008.3287
102009.7014
102012.0722
102016.5227
102023.0743
102028.8276
102029.7861
102027.9663
102020.9106
102017.1685
102052.6283
102133.2641
102188.3078
102028.6943
102025.2289
102022.8916
102020.8284
102018.8016
102016.7082
102014.7067
102012.9949
102011.6509
102010.6225
102009.8453
102009.2686
102008.8335
102008.4848
102008.1914
102007.9281
102007.6739
102007.4239
102007.1924
102007.011
102006.9008
102006.8538
102006.8417
102006.8396
102006.7844
102006.6844
102006.6201
102006.5953
102006.5945
102006.6075
102006.6364
102006.6831
102006.7441
102006.8442
102007.2754
102008.3301
102007.6037
102006.9206
102006.6744
102006.5996
102024.2521
102020.7837
102018.0374
102015.4778
102013.2215
102011.3268
102009.8528
102008.7961
102008.0813
102007.6072
102007.295
102007.0899
102006.9514
102006.8533
102006.7791
102006.7194
102006.6702
102006.6313
102006.6035
102006.5867
102006.5782
102006.5746
102006.5731
102006.5718
102006.5691
102006.564
102006.5602
102006.5592
102006.56
102006.5602
102006.5601
102006.5598
102006.5607
102006.5625
102006.5631
102006.5648
102006.5703
102006.5651
102006.5605
102006.5558
102021.0182
102017.6897
102014.8483
102012.2776
102010.2756
102008.8505
102007.9174
102007.3467
102007.0104
102006.8162
102006.7054
102006.6419
102006.6043
102006.5805
102006.5645
102006.5533
102006.5454
102006.5402
102006.537
102006.535
102006.5337
102006.5332
102006.5331
102006.533
102006.5323
102006.5305
102006.5286
102006.5286
102006.5297
102006.531
102006.532
102006.5328
102006.5328
102006.5317
102006.5305
102006.5289
102006.5281
102006.5276
102006.5278
102006.5281
102018.5206
102015.3252
102012.5037
102010.1586
102008.5846
102007.6333
102007.1008
102006.8174
102006.6713
102006.5969
102006.5579
102006.5356
102006.5227
102006.5157
102006.5115
102006.5086
102006.5063
102006.5043
102006.5024
102006.5009
102006.4999
102006.4996
102006.4995
102006.4994
102006.4988
102006.4977
102006.4969
102006.4972
102006.498
102006.4986
102006.4989
102006.4995
102006.5005
102006.5016
102006.5012
102006.4997
102006.4982
102006.4964
102006.4953
102006.4952
102016.523
102013.4198
102010.7093
102008.7354
102007.6102
102007.0279
102006.743
102006.6085
102006.5455
102006.5134
102006.4953
102006.4859
102006.4813
102006.4785
102006.4764
102006.4745
102006.4727
102006.4709
102006.4693
102006.468
102006.4672
102006.467
102006.4669
102006.4667
102006.4664
102006.466
102006.4659
102006.4664
102006.467
102006.4677
102006.4683
102006.4686
102006.4687
102006.4684
102006.4683
102006.4678
102006.467
102006.467
102006.4666
102006.4661
102014.8811
102011.8434
102009.3485
102007.806
102007.0548
102006.7153
102006.5685
102006.5056
102006.4756
102006.4598
102006.4518
102006.448
102006.4455
102006.4436
102006.4419
102006.4404
102006.4389
102006.4375
102006.4362
102006.4352
102006.4348
102006.4347
102006.4349
102006.435
102006.4349
102006.4349
102006.4351
102006.4354
102006.4359
102006.4363
102006.4367
102006.437
102006.4372
102006.4373
102006.4369
102006.4364
102006.4359
102006.4349
102006.4345
102006.4345
102013.4895
102010.5214
102008.3336
102007.2011
102006.7242
102006.5364
102006.4655
102006.4366
102006.423
102006.4167
102006.4139
102006.4121
102006.4104
102006.409
102006.4077
102006.4065
102006.4054
102006.4044
102006.4036
102006.4031
102006.403
102006.4032
102006.4035
102006.4037
102006.4038
102006.404
102006.4041
102006.4044
102006.4047
102006.4051
102006.4054
102006.4056
102006.4057
102006.4057
102006.4055
102006.4051
102006.4047
102006.4044
102006.4041
102006.4039
102012.2711
102009.4065
102007.579
102006.7941
102006.5143
102006.4238
102006.3943
102006.384
102006.3806
102006.3794
102006.3783
102006.3773
102006.3762
102006.3753
102006.3744
102006.3736
102006.3729
102006.3723
102006.3719
102006.3718
102006.3719
102006.3722
102006.3724
102006.3727
102006.3728
102006.3729
102006.3731
102006.3733
102006.3736
102006.3738
102006.3741
102006.3742
102006.3743
102006.3742
102006.3741
102006.3738
102006.3735
102006.3731
102006.3729
102006.3728
102011.1778
102008.4673
102007.0177
102006.5193
102006.3835
102006.3511
102006.3447
102006.3444
102006.3448
102006.3448
102006.3445
102006.344
102006.3434
102006.3428
102006.3423
102006.3419
102006.3414
102006.3411
102006.341
102006.3409
102006.3411
102006.3412
102006.3414
102006.3416
102006.3418
102006.3419
102006.342
102006.3422
102006.3424
102006.3426
102006.3428
102006.3429
102006.3429
102006.3429
102006.3427
102006.3425
102006.3423
102006.3421
102006.3419
102006.3418
102010.185
102007.6883
102006.6157
102006.3532
102006.3096
102006.3066
102006.3088
102006.3106
102006.3116
102006.3121
102006.3122
102006.312
102006.3117
102006.3114
102006.3111
102006.3108
102006.3105
102006.3103
102006.3102
102006.3102
102006.3102
102006.3103
102006.3105
102006.3106
102006.3107
102006.3108
102006.3109
102006.3111
102006.3112
102006.3114
102006.3115
102006.3116
102006.3116
102006.3115
102006.3114
102006.3113
102006.3111
102006.3109
102006.3108
102006.3107
102009.2753
102007.0679
102006.3666
102006.2718
102006.2695
102006.2736
102006.2767
102006.2787
102006.2799
102006.2806
102006.2808
102006.2808
102006.2806
102006.2804
102006.2802
102006.2799
102006.2797
102006.2795
102006.2794
102006.2793
102006.2793
102006.2794
102006.2794
102006.2795
102006.2796
102006.2797
102006.2798
102006.2799
102006.28
102006.2801
102006.2802
102006.2803
102006.2803
102006.2802
102006.2801
102006.28
102006.2799
102006.2797
102006.2796
102006.2796
102008.3702
102006.6212
102006.251
102006.2335
102006.2388
102006.243
102006.2459
102006.2478
102006.249
102006.2496
102006.2499
102006.2499
102006.2497
102006.2495
102006.2493
102006.249
102006.2488
102006.2486
102006.2485
102006.2484
102006.2484
102006.2484
102006.2484
102006.2485
102006.2485
102006.2486
102006.2487
102006.2487
102006.2488
102006.2489
102006.2489
102006.249
102006.249
102006.2489
102006.2489
102006.2488
102006.2487
102006.2486
102006.2485
102006.2484
102007.4052
102006.3481
102006.2022
102006.2051
102006.2098
102006.2133
102006.2157
102006.2173
102006.2182
102006.2187
102006.2189
102006.2189
102006.2188
102006.2186
102006.2183
102006.2181
102006.2179
102006.2177
102006.2175
102006.2174
102006.2174
102006.2173
102006.2173
102006.2174
102006.2174
102006.2174
102006.2175
102006.2175
102006.2176
102006.2177
102006.2177
102006.2177
102006.2177
102006.2177
102006.2176
102006.2175
102006.2174
102006.2174
102006.2173
102006.2173
102006.5676
102006.2044
102006.1739
102006.1779
102006.1813
102006.1838
102006.1855
102006.1867
102006.1874
102006.1878
102006.1879
102006.1879
102006.1877
102006.1875
102006.1873
102006.1871
102006.1869
102006.1867
102006.1865
102006.1864
102006.1863
102006.1863
102006.1863
102006.1863
102006.1863
102006.1863
102006.1863
102006.1864
102006.1864
102006.1864
102006.1864
102006.1865
102006.1864
102006.1864
102006.1864
102006.1863
102006.1862
102006.1862
102006.1861
102006.1861
102006.1892
102006.1488
102006.1483
102006.1504
102006.1524
102006.154
102006.1551
102006.156
102006.1565
102006.1567
102006.1568
102006.1568
102006.1566
102006.1565
102006.1562
102006.156
102006.1558
102006.1556
102006.1555
102006.1553
102006.1553
102006.1552
102006.1551
102006.1551
102006.1551
102006.1551
102006.1551
102006.1552
102006.1552
102006.1552
102006.1552
102006.1552
102006.1552
102006.1551
102006.1551
102006.1551
102006.155
102006.1549
102006.1549
102006.1549
102006.1216
102006.1215
102006.1212
102006.1219
102006.1229
102006.1238
102006.1246
102006.1252
102006.1255
102006.1257
102006.1257
102006.1257
102006.1255
102006.1253
102006.1251
102006.1249
102006.1247
102006.1245
102006.1244
102006.1242
102006.1241
102006.1241
102006.124
102006.124
102006.124
102006.1239
102006.1239
102006.1239
102006.1239
102006.124
102006.124
102006.1239
102006.1239
102006.1239
102006.1239
102006.1238
102006.1238
102006.1237
102006.1237
102006.1237
102006.0937
102006.0934
102006.0925
102006.0925
102006.093
102006.0935
102006.094
102006.0943
102006.0945
102006.0946
102006.0946
102006.0945
102006.0944
102006.0942
102006.094
102006.0938
102006.0936
102006.0934
102006.0933
102006.0931
102006.093
102006.0929
102006.0929
102006.0928
102006.0928
102006.0928
102006.0927
102006.0927
102006.0927
102006.0927
102006.0927
102006.0927
102006.0927
102006.0926
102006.0926
102006.0926
102006.0925
102006.0925
102006.0925
102006.0925
102006.064
102006.0638
102006.0629
102006.0626
102006.0627
102006.0629
102006.0632
102006.0634
102006.0635
102006.0635
102006.0635
102006.0634
102006.0632
102006.063
102006.0628
102006.0626
102006.0624
102006.0623
102006.0621
102006.062
102006.0619
102006.0618
102006.0617
102006.0616
102006.0616
102006.0616
102006.0615
102006.0615
102006.0615
102006.0615
102006.0615
102006.0614
102006.0614
102006.0614
102006.0614
102006.0613
102006.0613
102006.0613
102006.0613
102006.0612
102006.0334
102006.0333
102006.0326
102006.0323
102006.0322
102006.0322
102006.0323
102006.0324
102006.0324
102006.0324
102006.0323
102006.0322
102006.032
102006.0318
102006.0316
102006.0314
102006.0313
102006.0311
102006.0309
102006.0308
102006.0307
102006.0306
102006.0305
102006.0304
102006.0304
102006.0303
102006.0303
102006.0303
102006.0303
102006.0302
102006.0302
102006.0302
102006.0302
102006.0301
102006.0301
102006.0301
102006.0301
102006.03
102006.03
102006.03
102006.0024
102006.0024
102006.0019
102006.0016
102006.0014
102006.0013
102006.0013
102006.0013
102006.0013
102006.0012
102006.0011
102006.0009
102006.0008
102006.0006
102006.0004
102006.0002
102006.0001
102005.9999
102005.9997
102005.9996
102005.9995
102005.9994
102005.9993
102005.9992
102005.9992
102005.9991
102005.9991
102005.999
102005.999
102005.999
102005.999
102005.9989
102005.9989
102005.9989
102005.9989
102005.9988
102005.9988
102005.9988
102005.9988
102005.9988
102005.9712
102005.9713
102005.9709
102005.9706
102005.9704
102005.9703
102005.9702
102005.9701
102005.9701
102005.97
102005.9698
102005.9697
102005.9695
102005.9694
102005.9692
102005.969
102005.9688
102005.9687
102005.9685
102005.9684
102005.9683
102005.9682
102005.9681
102005.968
102005.9679
102005.9679
102005.9679
102005.9678
102005.9678
102005.9677
102005.9677
102005.9677
102005.9677
102005.9676
102005.9676
102005.9676
102005.9676
102005.9676
102005.9675
102005.9675
102005.9399
102005.94
102005.9398
102005.9395
102005.9393
102005.9392
102005.9391
102005.939
102005.9389
102005.9387
102005.9386
102005.9384
102005.9383
102005.9381
102005.9379
102005.9378
102005.9376
102005.9374
102005.9373
102005.9372
102005.9371
102005.937
102005.9369
102005.9368
102005.9367
102005.9367
102005.9366
102005.9366
102005.9365
102005.9365
102005.9365
102005.9364
102005.9364
102005.9364
102005.9364
102005.9363
102005.9363
102005.9363
102005.9363
102005.9363
102005.9086
102005.9087
102005.9086
102005.9083
102005.9082
102005.908
102005.9079
102005.9077
102005.9076
102005.9075
102005.9073
102005.9072
102005.907
102005.9068
102005.9067
102005.9065
102005.9063
102005.9062
102005.9061
102005.9059
102005.9058
102005.9057
102005.9056
102005.9055
102005.9055
102005.9054
102005.9054
102005.9053
102005.9053
102005.9052
102005.9052
102005.9052
102005.9052
102005.9051
102005.9051
102005.9051
102005.9051
102005.9051
102005.905
102005.905
102005.8773
102005.8773
102005.8772
102005.8771
102005.8769
102005.8767
102005.8766
102005.8765
102005.8763
102005.8762
102005.876
102005.8759
102005.8757
102005.8756
102005.8754
102005.8752
102005.8751
102005.8749
102005.8748
102005.8747
102005.8746
102005.8745
102005.8744
102005.8743
102005.8742
102005.8742
102005.8741
102005.8741
102005.874
102005.874
102005.874
102005.8739
102005.8739
102005.8739
102005.8738
102005.8738
102005.8738
102005.8738
102005.8738
102005.8738
102005.8459
102005.846
102005.8459
102005.8458
102005.8456
102005.8455
102005.8453
102005.8452
102005.845
102005.8449
102005.8447
102005.8446
102005.8444
102005.8443
102005.8441
102005.844
102005.8438
102005.8437
102005.8435
102005.8434
102005.8433
102005.8432
102005.8431
102005.8431
102005.843
102005.8429
102005.8429
102005.8428
102005.8428
102005.8427
102005.8427
102005.8427
102005.8426
102005.8426
102005.8426
102005.8426
102005.8426
102005.8425
102005.8425
102005.8425
102005.8145
102005.8146
102005.8145
102005.8144
102005.8143
102005.8141
102005.814
102005.8139
102005.8137
102005.8136
102005.8134
102005.8133
102005.8131
102005.813
102005.8128
102005.8127
102005.8125
102005.8124
102005.8123
102005.8122
102005.8121
102005.812
102005.8119
102005.8118
102005.8117
102005.8117
102005.8116
102005.8116
102005.8115
102005.8115
102005.8114
102005.8114
102005.8114
102005.8113
102005.8113
102005.8113
102005.8113
102005.8113
102005.8113
102005.8113
102005.7831
102005.7832
102005.7831
102005.783
102005.7829
102005.7828
102005.7827
102005.7825
102005.7824
102005.7822
102005.7821
102005.782
102005.7818
102005.7817
102005.7815
102005.7814
102005.7813
102005.7811
102005.781
102005.7809
102005.7808
102005.7807
102005.7806
102005.7805
102005.7805
102005.7804
102005.7803
102005.7803
102005.7802
102005.7802
102005.7802
102005.7801
102005.7801
102005.7801
102005.7801
102005.78
102005.78
102005.78
102005.78
102005.78
102005.7517
102005.7518
102005.7517
102005.7516
102005.7515
102005.7514
102005.7513
102005.7512
102005.751
102005.7509
102005.7508
102005.7506
102005.7505
102005.7504
102005.7502
102005.7501
102005.75
102005.7498
102005.7497
102005.7496
102005.7495
102005.7494
102005.7493
102005.7493
102005.7492
102005.7491
102005.7491
102005.749
102005.749
102005.7489
102005.7489
102005.7489
102005.7488
102005.7488
102005.7488
102005.7488
102005.7488
102005.7488
102005.7487
102005.7487
102005.7203
102005.7204
102005.7203
102005.7203
102005.7202
102005.7201
102005.7199
102005.7198
102005.7197
102005.7196
102005.7194
102005.7193
102005.7192
102005.719
102005.7189
102005.7188
102005.7187
102005.7185
102005.7184
102005.7183
102005.7182
102005.7181
102005.7181
102005.718
102005.7179
102005.7179
102005.7178
102005.7178
102005.7177
102005.7177
102005.7176
102005.7176
102005.7176
102005.7175
102005.7175
102005.7175
102005.7175
102005.7175
102005.7175
102005.7175
102005.6889
102005.6889
102005.6889
102005.6889
102005.6888
102005.6887
102005.6886
102005.6885
102005.6883
102005.6882
102005.6881
102005.688
102005.6878
102005.6877
102005.6876
102005.6875
102005.6874
102005.6872
102005.6871
102005.687
102005.6869
102005.6869
102005.6868
102005.6867
102005.6866
102005.6866
102005.6865
102005.6865
102005.6864
102005.6864
102005.6864
102005.6863
102005.6863
102005.6863
102005.6863
102005.6862
102005.6862
102005.6862
102005.6862
102005.6862
102005.6575
102005.6575
102005.6575
102005.6575
102005.6574
102005.6573
102005.6572
102005.6571
102005.657
102005.6569
102005.6568
102005.6566
102005.6565
102005.6564
102005.6563
102005.6562
102005.6561
102005.6559
102005.6558
102005.6557
102005.6557
102005.6556
102005.6555
102005.6554
102005.6554
102005.6553
102005.6553
102005.6552
102005.6552
102005.6551
102005.6551
102005.6551
102005.655
102005.655
102005.655
102005.655
102005.655
102005.6549
102005.6549
102005.6549
102005.6261
102005.6261
102005.6261
102005.6261
102005.626
102005.6259
102005.6258
102005.6257
102005.6256
102005.6255
102005.6254
102005.6253
102005.6252
102005.6251
102005.625
102005.6248
102005.6247
102005.6246
102005.6245
102005.6245
102005.6244
102005.6243
102005.6242
102005.6241
102005.6241
102005.624
102005.624
102005.6239
102005.6239
102005.6238
102005.6238
102005.6238
102005.6238
102005.6237
102005.6237
102005.6237
102005.6237
102005.6237
102005.6237
102005.6237
102005.5947
102005.5947
102005.5947
102005.5947
102005.5946
102005.5945
102005.5944
102005.5944
102005.5943
102005.5942
102005.5941
102005.594
102005.5938
102005.5937
102005.5936
102005.5935
102005.5934
102005.5933
102005.5932
102005.5932
102005.5931
102005.593
102005.5929
102005.5929
102005.5928
102005.5927
102005.5927
102005.5926
102005.5926
102005.5926
102005.5925
102005.5925
102005.5925
102005.5925
102005.5924
102005.5924
102005.5924
102005.5924
102005.5924
102005.5924
102005.5633
102005.5633
102005.5633
102005.5633
102005.5632
102005.5632
102005.5631
102005.563
102005.5629
102005.5628
102005.5627
102005.5626
102005.5625
102005.5624
102005.5623
102005.5622
102005.5621
102005.562
102005.5619
102005.5619
102005.5618
102005.5617
102005.5616
102005.5616
102005.5615
102005.5615
102005.5614
102005.5614
102005.5613
102005.5613
102005.5613
102005.5612
102005.5612
102005.5612
102005.5612
102005.5611
102005.5611
102005.5611
102005.5611
102005.5611
102005.5319
102005.5319
102005.5319
102005.5319
102005.5318
102005.5318
102005.5317
102005.5316
102005.5315
102005.5315
102005.5314
102005.5313
102005.5312
102005.5311
102005.531
102005.5309
102005.5308
102005.5307
102005.5306
102005.5306
102005.5305
102005.5304
102005.5303
102005.5303
102005.5302
102005.5302
102005.5301
102005.5301
102005.53
102005.53
102005.53
102005.5299
102005.5299
102005.5299
102005.5299
102005.5299
102005.5298
102005.5298
102005.5298
102005.5298
102005.5005
102005.5005
102005.5005
102005.5005
102005.5005
102005.5004
102005.5003
102005.5003
102005.5002
102005.5001
102005.5
102005.4999
102005.4998
102005.4997
102005.4997
102005.4996
102005.4995
102005.4994
102005.4993
102005.4992
102005.4992
102005.4991
102005.499
102005.499
102005.4989
102005.4989
102005.4988
102005.4988
102005.4988
102005.4987
102005.4987
102005.4987
102005.4986
102005.4986
102005.4986
102005.4986
102005.4986
102005.4986
102005.4986
102005.4985
102005.4692
102005.4692
102005.4691
102005.4691
102005.4691
102005.469
102005.469
102005.4689
102005.4688
102005.4687
102005.4687
102005.4686
102005.4685
102005.4684
102005.4683
102005.4682
102005.4682
102005.4681
102005.468
102005.4679
102005.4679
102005.4678
102005.4677
102005.4677
102005.4676
102005.4676
102005.4675
102005.4675
102005.4675
102005.4674
102005.4674
102005.4674
102005.4673
102005.4673
102005.4673
102005.4673
102005.4673
102005.4673
102005.4673
102005.4673
102005.4378
102005.4378
102005.4378
102005.4377
102005.4377
102005.4376
102005.4376
102005.4375
102005.4375
102005.4374
102005.4373
102005.4372
102005.4372
102005.4371
102005.437
102005.4369
102005.4369
102005.4368
102005.4367
102005.4366
102005.4366
102005.4365
102005.4365
102005.4364
102005.4363
102005.4363
102005.4363
102005.4362
102005.4362
102005.4361
102005.4361
102005.4361
102005.4361
102005.436
102005.436
102005.436
102005.436
102005.436
102005.436
102005.436
102005.4064
102005.4064
102005.4064
102005.4064
102005.4063
102005.4063
102005.4062
102005.4062
102005.4061
102005.406
102005.406
102005.4059
102005.4058
102005.4058
102005.4057
102005.4056
102005.4055
102005.4055
102005.4054
102005.4053
102005.4053
102005.4052
102005.4052
102005.4051
102005.405
102005.405
102005.405
102005.4049
102005.4049
102005.4049
102005.4048
102005.4048
102005.4048
102005.4048
102005.4047
102005.4047
102005.4047
102005.4047
102005.4047
102005.4047
102005.375
102005.375
102005.375
102005.375
102005.375
102005.3749
102005.3749
102005.3748
102005.3748
102005.3747
102005.3746
102005.3746
102005.3745
102005.3744
102005.3744
102005.3743
102005.3742
102005.3741
102005.3741
102005.374
102005.374
102005.3739
102005.3738
102005.3738
102005.3738
102005.3737
102005.3737
102005.3736
102005.3736
102005.3736
102005.3735
102005.3735
102005.3735
102005.3735
102005.3735
102005.3734
102005.3734
102005.3734
102005.3734
102005.3734
102005.3437
102005.3437
102005.3437
102005.3436
102005.3436
102005.3436
102005.3435
102005.3435
102005.3434
102005.3434
102005.3433
102005.3432
102005.3432
102005.3431
102005.343
102005.343
102005.3429
102005.3428
102005.3428
102005.3427
102005.3427
102005.3426
102005.3425
102005.3425
102005.3425
102005.3424
102005.3424
102005.3423
102005.3423
102005.3423
102005.3422
102005.3422
102005.3422
102005.3422
102005.3422
102005.3421
102005.3421
102005.3421
102005.3421
102005.3421
102005.3123
102005.3123
102005.3123
102005.3123
102005.3122
102005.3122
102005.3122
102005.3121
102005.3121
102005.312
102005.312
102005.3119
102005.3118
102005.3118
102005.3117
102005.3116
102005.3116
102005.3115
102005.3115
102005.3114
102005.3113
102005.3113
102005.3112
102005.3112
102005.3112
102005.3111
102005.3111
102005.311
102005.311
102005.311
102005.3109
102005.3109
102005.3109
102005.3109
102005.3109
102005.3109
102005.3108
102005.3108
102005.3108
102005.3108
102005.2809
102005.2809
102005.2809
102005.2809
102005.2809
102005.2808
102005.2808
102005.2808
102005.2807
102005.2807
102005.2806
102005.2806
102005.2805
102005.2804
102005.2804
102005.2803
102005.2803
102005.2802
102005.2801
102005.2801
102005.28
102005.28
102005.2799
102005.2799
102005.2799
102005.2798
102005.2798
102005.2797
102005.2797
102005.2797
102005.2797
102005.2796
102005.2796
102005.2796
102005.2796
102005.2796
102005.2796
102005.2796
102005.2795
102005.2795
102005.2496
102005.2496
102005.2496
102005.2496
102005.2495
102005.2495
102005.2495
102005.2494
102005.2494
102005.2493
102005.2493
102005.2492
102005.2492
102005.2491
102005.2491
102005.249
102005.2489
102005.2489
102005.2488
102005.2488
102005.2487
102005.2487
102005.2486
102005.2486
102005.2486
102005.2485
102005.2485
102005.2484
102005.2484
102005.2484
102005.2484
102005.2483
102005.2483
102005.2483
102005.2483
102005.2483
102005.2483
102005.2483
102005.2483
102005.2483
102005.2182
102005.2182
102005.2182
102005.2182
102005.2182
102005.2182
102005.2181
102005.2181
102005.218
102005.218
102005.2179
102005.2179
102005.2178
102005.2178
102005.2177
102005.2177
102005.2176
102005.2176
102005.2175
102005.2175
102005.2174
102005.2174
102005.2173
102005.2173
102005.2172
102005.2172
102005.2172
102005.2171
102005.2171
102005.2171
102005.2171
102005.217
102005.217
102005.217
102005.217
102005.217
102005.217
102005.217
102005.217
102005.217
102005.1869
102005.1869
102005.1869
102005.1869
102005.1868
102005.1868
102005.1868
102005.1867
102005.1867
102005.1867
102005.1866
102005.1866
102005.1865
102005.1865
102005.1864
102005.1864
102005.1863
102005.1863
102005.1862
102005.1862
102005.1861
102005.1861
102005.186
102005.186
102005.1859
102005.1859
102005.1859
102005.1858
102005.1858
102005.1858
102005.1858
102005.1857
102005.1857
102005.1857
102005.1857
102005.1857
102005.1857
102005.1857
102005.1857
102005.1857
102005.1555
102005.1555
102005.1555
102005.1555
102005.1555
102005.1555
102005.1554
102005.1554
102005.1554
102005.1553
102005.1553
102005.1552
102005.1552
102005.1551
102005.1551
102005.155
102005.155
102005.1549
102005.1549
102005.1548
102005.1548
102005.1548
102005.1547
102005.1547
102005.1546
102005.1546
102005.1546
102005.1545
102005.1545
102005.1545
102005.1545
102005.1544
102005.1544
102005.1544
102005.1544
102005.1544
102005.1544
102005.1544
102005.1544
102005.1544
102005.1242
102005.1242
102005.1242
102005.1242
102005.1242
102005.1241
102005.1241
102005.1241
102005.124
102005.124
102005.124
102005.1239
102005.1239
102005.1238
102005.1238
102005.1237
102005.1237
102005.1236
102005.1236
102005.1235
102005.1235
102005.1235
102005.1234
102005.1234
102005.1233
102005.1233
102005.1233
102005.1232
102005.1232
102005.1232
102005.1232
102005.1231
102005.1231
102005.1231
102005.1231
102005.1231
102005.1231
102005.1231
102005.1231
102005.1231
102005.0929
102005.0929
102005.0929
102005.0928
102005.0928
102005.0928
102005.0928
102005.0927
102005.0927
102005.0927
102005.0926
102005.0926
102005.0925
102005.0925
102005.0925
102005.0924
102005.0924
102005.0923
102005.0923
102005.0922
102005.0922
102005.0921
102005.0921
102005.0921
102005.092
102005.092
102005.092
102005.0919
102005.0919
102005.0919
102005.0919
102005.0919
102005.0918
102005.0918
102005.0918
102005.0918
102005.0918
102005.0918
102005.0918
102005.0918
102005.0615
102005.0615
102005.0615
102005.0615
102005.0615
102005.0615
102005.0614
102005.0614
102005.0614
102005.0613
102005.0613
102005.0613
102005.0612
102005.0612
102005.0611
102005.0611
102005.061
102005.061
102005.061
102005.0609
102005.0609
102005.0608
102005.0608
102005.0608
102005.0607
102005.0607
102005.0607
102005.0606
102005.0606
102005.0606
102005.0606
102005.0606
102005.0605
102005.0605
102005.0605
102005.0605
102005.0605
102005.0605
102005.0605
102005.0605
102005.0302
102005.0302
102005.0302
102005.0302
102005.0302
102005.0301
102005.0301
102005.0301
102005.0301
102005.03
102005.03
102005.0299
102005.0299
102005.0299
102005.0298
102005.0298
102005.0297
102005.0297
102005.0296
102005.0296
102005.0296
102005.0295
102005.0295
102005.0295
102005.0294
102005.0294
102005.0294
102005.0293
102005.0293
102005.0293
102005.0293
102005.0292
102005.0292
102005.0292
102005.0292
102005.0292
102005.0292
102005.0292
102005.0292
102005.0292
102004.9989
102004.9989
102004.9989
102004.9989
102004.9988
102004.9988
102004.9988
102004.9988
102004.9987
102004.9987
102004.9987
102004.9986
102004.9986
102004.9985
102004.9985
102004.9985
102004.9984
102004.9984
102004.9983
102004.9983
102004.9983
102004.9982
102004.9982
102004.9982
102004.9981
102004.9981
102004.9981
102004.998
102004.998
102004.998
102004.998
102004.9979
102004.9979
102004.9979
102004.9979
102004.9979
102004.9979
102004.9979
102004.9979
102004.9979
102004.9676
102004.9675
102004.9675
102004.9675
102004.9675
102004.9675
102004.9675
102004.9674
102004.9674
102004.9674
102004.9673
102004.9673
102004.9673
102004.9672
102004.9672
102004.9671
102004.9671
102004.9671
102004.967
102004.967
102004.967
102004.9669
102004.9669
102004.9668
102004.9668
102004.9668
102004.9668
102004.9667
102004.9667
102004.9667
102004.9667
102004.9666
102004.9666
102004.9666
102004.9666
102004.9666
102004.9666
102004.9666
102004.9666
102004.9666
102004.9362
102004.9362
102004.9362
102004.9362
102004.9362
102004.9362
102004.9361
102004.9361
102004.9361
102004.9361
102004.936
102004.936
102004.936
102004.9359
102004.9359
102004.9358
102004.9358
102004.9358
102004.9357
102004.9357
102004.9356
102004.9356
102004.9356
102004.9355
102004.9355
102004.9355
102004.9355
102004.9354
102004.9354
102004.9354
102004.9354
102004.9353
102004.9353
102004.9353
102004.9353
102004.9353
102004.9353
102004.9353
102004.9353
102004.9353
102004.9049
102004.9049
102004.9049
102004.9049
102004.9049
102004.9049
102004.9048
102004.9048
102004.9048
102004.9047
102004.9047
102004.9047
102004.9046
102004.9046
102004.9046
102004.9045
102004.9045
102004.9044
102004.9044
102004.9044
102004.9043
102004.9043
102004.9043
102004.9042
102004.9042
102004.9042
102004.9041
102004.9041
102004.9041
102004.9041
102004.9041
102004.904
102004.904
102004.904
102004.904
102004.904
102004.904
102004.904
102004.904
102004.904
102004.8736
102004.8736
102004.8736
102004.8736
102004.8736
102004.8735
102004.8735
102004.8735
102004.8735
102004.8734
102004.8734
102004.8734
102004.8733
102004.8733
102004.8733
102004.8732
102004.8732
102004.8731
102004.8731
102004.8731
102004.873
102004.873
102004.873
102004.8729
102004.8729
102004.8729
102004.8728
102004.8728
102004.8728
102004.8728
102004.8727
102004.8727
102004.8727
102004.8727
102004.8727
102004.8727
102004.8727
102004.8727
102004.8727
102004.8727
102004.8423
102004.8423
102004.8423
102004.8423
102004.8422
102004.8422
102004.8422
102004.8422
102004.8422
102004.8421
102004.8421
102004.8421
102004.842
102004.842
102004.8419
102004.8419
102004.8419
102004.8418
102004.8418
102004.8418
102004.8417
102004.8417
102004.8417
102004.8416
102004.8416
102004.8416
102004.8415
102004.8415
102004.8415
102004.8415
102004.8414
102004.8414
102004.8414
102004.8414
102004.8414
102004.8414
102004.8414
102004.8414
102004.8414
102004.8414
102004.811
102004.811
102004.811
102004.811
102004.8109
102004.8109
102004.8109
102004.8109
102004.8108
102004.8108
102004.8108
102004.8107
102004.8107
102004.8107
102004.8106
102004.8106
102004.8106
102004.8105
102004.8105
102004.8104
102004.8104
102004.8104
102004.8103
102004.8103
102004.8103
102004.8103
102004.8102
102004.8102
102004.8102
102004.8102
102004.8101
102004.8101
102004.8101
102004.8101
102004.8101
102004.8101
102004.8101
102004.8101
102004.8101
102004.8101
)
;

boundaryField
{
    front
    {
        type            wedge;
    }
    back
    {
        type            wedge;
    }
    tankWall
    {
        type            fixedFluxPressure;
        gradient        uniform 0;
        value           nonuniform List<scalar> 
120
(
102869.3197
102861.8609
102854.2622
102846.6052
102838.8993
102831.1512
102823.3703
102815.5618
102807.7301
102799.8789
102792.0095
102784.123
102776.22
102768.3016
102760.3691
102752.4239
102744.467
102736.4994
102728.5215
102720.5336
102712.5359
102704.5283
102696.5108
102688.4837
102680.4477
102672.4025
102664.3474
102656.2819
102648.2056
102640.1182
102632.0194
102623.9095
102615.7897
102607.6606
102599.5214
102591.3722
102583.2129
102575.0435
102566.8636
102558.6729
102550.4711
102542.2583
102534.0346
102525.8009
102517.5584
102509.3099
102501.0566
102492.8038
102484.5613
102476.3548
102468.2299
102460.264
102452.6846
102445.7026
102439.4308
102433.8661
102428.7041
102422.9956
102414.3902
102397.2988
102357.6281
102188.3078
102006.5996
102006.5558
102006.5281
102006.4952
102006.4661
102006.4345
102006.4039
102006.3728
102006.3418
102006.3107
102006.2796
102006.2484
102006.2173
102006.1861
102006.1549
102006.1237
102006.0925
102006.0612
102006.03
102005.9988
102005.9675
102005.9363
102005.905
102005.8738
102005.8425
102005.8113
102005.78
102005.7487
102005.7175
102005.6862
102005.6549
102005.6237
102005.5924
102005.5611
102005.5298
102005.4985
102005.4673
102005.436
102005.4047
102005.3734
102005.3421
102005.3108
102005.2795
102005.2483
102005.217
102005.1857
102005.1544
102005.1231
102005.0918
102005.0605
102005.0292
102004.9979
102004.9666
102004.9353
102004.904
102004.8727
102004.8414
102004.8101
)
;
    }
    bottom
    {
        type            fixedFluxPressure;
        gradient        uniform 0;
        value           nonuniform List<scalar> 
40
(
102869.7922
102869.7913
102869.7893
102869.7861
102869.7818
102869.7765
102869.7702
102869.7628
102869.7546
102869.7455
102869.7355
102869.7248
102869.7134
102869.7014
102869.6889
102869.6759
102869.6626
102869.6489
102869.6351
102869.6212
102869.6073
102869.5935
102869.5798
102869.5664
102869.5534
102869.5408
102869.5286
102869.517
102869.5061
102869.4957
102869.4861
102869.4771
102869.4688
102869.4612
102869.4541
102869.4473
102869.4417
102869.4314
102869.4417
102869.3197
)
;
    }
    top
    {
        type            fixedFluxPressure;
        gradient        uniform 0;
        value           nonuniform List<scalar> 
40
(
102004.811
102004.811
102004.811
102004.811
102004.8109
102004.8109
102004.8109
102004.8109
102004.8108
102004.8108
102004.8108
102004.8107
102004.8107
102004.8107
102004.8106
102004.8106
102004.8106
102004.8105
102004.8105
102004.8104
102004.8104
102004.8104
102004.8103
102004.8103
102004.8103
102004.8103
102004.8102
102004.8102
102004.8102
102004.8102
102004.8101
102004.8101
102004.8101
102004.8101
102004.8101
102004.8101
102004.8101
102004.8101
102004.8101
102004.8101
)
;
    }
    axis
    {
        type            empty;
    }
}


// ************************************************************************* //
