/*--------------------------------*- C++ -*----------------------------------*\
| =========                 |                                                 |
| \\      /  F ield         | OpenFOAM: The Open Source CFD Toolbox           |
|  \\    /   O peration     | Version:  v1912                                 |
|   \\  /    A nd           | Website:  www.openfoam.com                      |
|    \\/     M anipulation  |                                                 |
\*---------------------------------------------------------------------------*/
FoamFile
{
    version     2.0;
    format      ascii;
    class       volScalarField;
    location    "0.8";
    object      p;
}
// * * * * * * * * * * * * * * * * * * * * * * * * * * * * * * * * * * * * * //

dimensions      [1 -1 -2 0 0 0 0];


internalField   nonuniform List<scalar> 
4800
(
103162.9636
103162.9618
103162.9575
103162.951
103162.9422
103162.9313
103162.9184
103162.9035
103162.8868
103162.8684
103162.8484
103162.827
103162.8044
103162.7807
103162.7561
103162.7308
103162.7049
103162.6787
103162.6523
103162.6259
103162.5997
103162.5739
103162.5485
103162.5239
103162.5
103162.4772
103162.4553
103162.4347
103162.4153
103162.3973
103162.3807
103162.3654
103162.3516
103162.3392
103162.3281
103162.318
103162.3098
103162.2977
103162.3061
103162.2231
103148.2512
103148.2494
103148.2452
103148.2386
103148.2298
103148.2188
103148.2058
103148.1909
103148.1741
103148.1556
103148.1356
103148.1141
103148.0914
103148.0676
103148.0429
103148.0175
103147.9915
103147.9652
103147.9387
103147.9122
103147.8859
103147.86
103147.8346
103147.8098
103147.7859
103147.763
103147.7411
103147.7204
103147.701
103147.6829
103147.6662
103147.651
103147.6371
103147.6247
103147.6137
103147.6038
103147.5954
103147.5852
103147.5886
103147.5353
103133.5404
103133.5386
103133.5343
103133.5277
103133.5188
103133.5078
103133.4947
103133.4796
103133.4627
103133.4441
103133.4239
103133.4023
103133.3794
103133.3554
103133.3305
103133.3049
103133.2788
103133.2522
103133.2256
103133.1989
103133.1724
103133.1463
103133.1207
103133.0958
103133.0717
103133.0486
103133.0266
103133.0057
103132.9862
103132.968
103132.9513
103132.936
103132.9221
103132.9097
103132.8988
103132.8891
103132.8808
103132.8728
103132.8733
103132.7886
103118.8311
103118.8294
103118.8251
103118.8184
103118.8094
103118.7983
103118.785
103118.7698
103118.7527
103118.7338
103118.7134
103118.6915
103118.6684
103118.6441
103118.6189
103118.593
103118.5666
103118.5398
103118.5128
103118.4858
103118.459
103118.4326
103118.4067
103118.3816
103118.3572
103118.3339
103118.3117
103118.2907
103118.271
103118.2527
103118.2358
103118.2204
103118.2065
103118.1941
103118.1833
103118.1738
103118.1658
103118.1592
103118.1584
103118.0524
103104.1235
103104.1218
103104.1175
103104.1107
103104.1015
103104.0902
103104.0768
103104.0613
103104.0439
103104.0248
103104.004
103103.9818
103103.9583
103103.9337
103103.9082
103103.8819
103103.855
103103.8278
103103.8004
103103.773
103103.7458
103103.7191
103103.6928
103103.6673
103103.6426
103103.619
103103.5965
103103.5752
103103.5553
103103.5368
103103.5197
103103.5042
103103.4903
103103.4779
103103.4671
103103.4579
103103.4501
103103.4445
103103.4427
103103.32
103089.4175
103089.4159
103089.4115
103089.4045
103089.3953
103089.3837
103089.37
103089.3542
103089.3365
103089.317
103089.2959
103089.2732
103089.2493
103089.2242
103089.1982
103089.1714
103089.144
103089.1163
103089.0884
103089.0605
103089.0329
103089.0056
103088.9789
103088.9529
103088.9278
103088.9038
103088.8809
103088.8593
103088.8391
103088.8204
103088.8031
103088.7875
103088.7734
103088.761
103088.7503
103088.7412
103088.7335
103088.7284
103088.7257
103088.5899
103074.7133
103074.7116
103074.7071
103074.7
103074.6906
103074.6788
103074.6647
103074.6486
103074.6305
103074.6105
103074.5889
103074.5658
103074.5413
103074.5156
103074.489
103074.4616
103074.4336
103074.4053
103074.3768
103074.3483
103074.32
103074.2922
103074.2649
103074.2384
103074.2128
103074.1883
103074.165
103074.143
103074.1225
103074.1034
103074.0859
103074.0701
103074.0559
103074.0435
103074.0327
103074.0237
103074.016
103074.0112
103074.0072
103073.8615
103060.0107
103060.0091
103060.0045
103059.9972
103059.9875
103059.9754
103059.961
103059.9444
103059.9259
103059.9054
103059.8832
103059.8594
103059.8343
103059.808
103059.7807
103059.7526
103059.7239
103059.6948
103059.6656
103059.6364
103059.6074
103059.5789
103059.551
103059.5238
103059.4977
103059.4726
103059.4488
103059.4263
103059.4053
103059.3859
103059.3681
103059.3521
103059.3377
103059.3252
103059.3144
103059.3055
103059.2979
103059.2935
103059.2886
103059.1322
103045.3099
103045.3083
103045.3036
103045.2962
103045.2861
103045.2737
103045.2588
103045.2418
103045.2227
103045.2016
103045.1787
103045.1543
103045.1284
103045.1013
103045.0732
103045.0443
103045.0148
103044.9849
103044.9548
103044.9248
103044.895
103044.8657
103044.837
103044.8091
103044.7822
103044.7565
103044.7321
103044.7091
103044.6876
103044.6678
103044.6497
103044.6334
103044.6188
103044.6061
103044.5953
103044.5864
103044.579
103044.5751
103044.5702
103044.402
103030.611
103030.6094
103030.6045
103030.5968
103030.5865
103030.5736
103030.5583
103030.5407
103030.5209
103030.4992
103030.4756
103030.4503
103030.4236
103030.3956
103030.3666
103030.3368
103030.3063
103030.2754
103030.2444
103030.2135
103030.1828
103030.1525
103030.123
103030.0943
103030.0666
103030.0402
103030.0151
103029.9915
103029.9694
103029.9491
103029.9306
103029.914
103029.8992
103029.8864
103029.8754
103029.8666
103029.8593
103029.8557
103029.851
103029.6719
103015.9139
103015.9123
103015.9073
103015.8994
103015.8887
103015.8753
103015.8595
103015.8412
103015.8208
103015.7982
103015.7738
103015.7476
103015.7199
103015.691
103015.6609
103015.63
103015.5985
103015.5666
103015.5345
103015.5024
103015.4707
103015.4395
103015.4089
103015.3793
103015.3508
103015.3235
103015.2976
103015.2733
103015.2507
103015.2298
103015.2109
103015.1938
103015.1788
103015.1657
103015.1547
103015.1459
103015.1386
103015.1352
103015.1308
103014.9417
103001.2188
103001.2172
103001.2121
103001.2038
103001.1927
103001.1788
103001.1624
103001.1434
103001.1221
103001.0987
103001.0733
103001.0462
103001.0174
103000.9874
103000.9562
103000.9241
103000.8914
103000.8582
103000.825
103000.7917
103000.7588
103000.7265
103000.6948
103000.6642
103000.6346
103000.6064
103000.5797
103000.5546
103000.5313
103000.5099
103000.4904
103000.4729
103000.4575
103000.4443
103000.4332
103000.4242
103000.417
103000.4137
103000.4096
103000.2112
102986.5257
102986.5242
102986.5188
102986.5102
102986.4986
102986.4842
102986.4671
102986.4473
102986.4252
102986.4008
102986.3743
102986.3461
102986.3161
102986.2848
102986.2524
102986.219
102986.1849
102986.1505
102986.1159
102986.0814
102986.0472
102986.0135
102985.9807
102985.9489
102985.9183
102985.889
102985.8614
102985.8354
102985.8114
102985.7892
102985.7692
102985.7512
102985.7355
102985.722
102985.7107
102985.7017
102985.6945
102985.6912
102985.6874
102985.4805
102971.8348
102971.8333
102971.8276
102971.8187
102971.8066
102971.7916
102971.7736
102971.753
102971.7299
102971.7045
102971.6768
102971.6473
102971.6161
102971.5834
102971.5496
102971.5148
102971.4793
102971.4433
102971.4073
102971.3713
102971.3357
102971.3007
102971.2665
102971.2334
102971.2016
102971.1712
102971.1425
102971.1157
102971.0907
102971.0679
102971.0472
102971.0287
102971.0126
102970.9987
102970.9872
102970.9782
102970.971
102970.9677
102970.9639
102970.7496
102957.1461
102957.1445
102957.1387
102957.1293
102957.1167
102957.1009
102957.0822
102957.0606
102957.0364
102957.0098
102956.9809
102956.95
102956.9174
102956.8832
102956.8478
102956.8114
102956.7743
102956.7368
102956.6991
102956.6615
102956.6244
102956.5878
102956.5522
102956.5177
102956.4846
102956.453
102956.4232
102956.3953
102956.3694
102956.3457
102956.3243
102956.3053
102956.2887
102956.2745
102956.2629
102956.2537
102956.2465
102956.2433
102956.239
102956.0185
102942.4597
102942.4581
102942.452
102942.4422
102942.429
102942.4125
102942.3928
102942.3702
102942.3448
102942.3169
102942.2866
102942.2542
102942.22
102942.1842
102942.1471
102942.109
102942.0701
102942.0308
102941.9914
102941.9521
102941.9132
102941.875
102941.8378
102941.8018
102941.7672
102941.7343
102941.7033
102941.6742
102941.6473
102941.6228
102941.6006
102941.581
102941.5639
102941.5494
102941.5374
102941.5281
102941.521
102941.5179
102941.5127
102941.2869
102927.7758
102927.7742
102927.7678
102927.7575
102927.7436
102927.7262
102927.7056
102927.6818
102927.6552
102927.6258
102927.594
102927.56
102927.5241
102927.4865
102927.4475
102927.4075
102927.3668
102927.3256
102927.2842
102927.243
102927.2023
102927.1623
102927.1233
102927.0857
102927.0495
102927.0151
102926.9827
102926.9525
102926.9245
102926.899
102926.876
102926.8557
102926.838
102926.8231
102926.8109
102926.8015
102926.7945
102926.7914
102926.785
102926.5546
102913.0945
102913.0928
102913.0861
102913.0753
102913.0606
102913.0424
102913.0206
102912.9956
102912.9676
102912.9367
102912.9032
102912.8674
102912.8296
102912.7901
102912.7491
102912.7071
102912.6642
102912.6209
102912.5775
102912.5342
102912.4915
102912.4495
102912.4087
102912.3692
102912.3314
102912.2954
102912.2616
102912.23
102912.2008
102912.1743
102912.1504
102912.1293
102912.1111
102912.0958
102912.0833
102912.0738
102912.0669
102912.064
102912.0559
102911.8216
102898.4158
102898.4142
102898.4071
102898.3957
102898.3803
102898.361
102898.3381
102898.3117
102898.2821
102898.2496
102898.2143
102898.1766
102898.1367
102898.0951
102898.0519
102898.0076
102897.9625
102897.9169
102897.8712
102897.8258
102897.7808
102897.7368
102897.6939
102897.6525
102897.6128
102897.5751
102897.5397
102897.5067
102897.4762
102897.4486
102897.4237
102897.4019
102897.383
102897.3672
102897.3544
102897.3447
102897.3378
102897.335
102897.3257
102897.0878
102883.7401
102883.7384
102883.7309
102883.7189
102883.7026
102883.6822
102883.658
102883.6302
102883.599
102883.5646
102883.5273
102883.4875
102883.4455
102883.4015
102883.356
102883.3093
102883.2617
102883.2137
102883.1655
102883.1176
102883.0703
102883.0239
102882.9789
102882.9353
102882.8937
102882.8542
102882.817
102882.7825
102882.7507
102882.7218
102882.696
102882.6733
102882.6537
102882.6374
102882.6243
102882.6144
102882.6074
102882.6044
102882.5944
102882.353
102869.0673
102869.0656
102869.0578
102869.045
102869.0278
102869.0063
102868.9807
102868.9512
102868.9182
102868.8818
102868.8424
102868.8004
102868.7559
102868.7095
102868.6614
102868.612
102868.5618
102868.5111
102868.4603
102868.4098
102868.3599
102868.3111
102868.2636
102868.2178
102868.174
102868.1325
102868.0936
102868.0574
102868.0241
102867.9939
102867.967
102867.9434
102867.9231
102867.9063
102867.8928
102867.8827
102867.8757
102867.8725
102867.8613
102867.6167
102854.3978
102854.3961
102854.3878
102854.3743
102854.356
102854.3332
102854.3061
102854.2749
102854.2399
102854.2014
102854.1597
102854.1152
102854.0682
102854.019
102853.9681
102853.916
102853.8629
102853.8093
102853.7556
102853.7022
102853.6496
102853.5981
102853.5481
102853.4998
102853.4538
102853.4101
102853.3692
102853.3312
102853.2964
102853.2648
102853.2367
102853.2121
102853.1911
102853.1737
102853.1598
102853.1495
102853.1425
102853.1391
102853.1264
102852.879
102839.7318
102839.7299
102839.7211
102839.7068
102839.6875
102839.6633
102839.6345
102839.6015
102839.5644
102839.5235
102839.4793
102839.4321
102839.3823
102839.3302
102839.2763
102839.2211
102839.1649
102839.1082
102839.0514
102838.995
102838.9394
102838.885
102838.8322
102838.7813
102838.7328
102838.6869
102838.6438
102838.604
102838.5674
102838.5344
102838.5051
102838.4794
102838.4576
102838.4396
102838.4254
102838.4149
102838.4078
102838.4044
102838.3896
102838.1397
102825.0693
102825.0674
102825.0581
102825.0429
102825.0224
102824.9967
102824.9661
102824.931
102824.8916
102824.8483
102824.8014
102824.7513
102824.6984
102824.6432
102824.586
102824.5274
102824.4679
102824.4078
102824.3477
102824.288
102824.2292
102824.1717
102824.1159
102824.0622
102824.011
102823.9627
102823.9174
102823.8755
102823.8371
102823.8026
102823.7719
102823.7452
102823.7226
102823.704
102823.6893
102823.6787
102823.6717
102823.6682
102823.6511
102823.3992
102810.4107
102810.4088
102810.3989
102810.3827
102810.3609
102810.3336
102810.3011
102810.2638
102810.2219
102810.1758
102810.126
102810.0728
102810.0166
102809.9579
102809.8973
102809.8351
102809.7719
102809.7082
102809.6445
102809.5813
102809.519
102809.4581
102809.3992
102809.3425
102809.2884
102809.2374
102809.1897
102809.1457
102809.1054
102809.0692
102809.0371
102809.0093
102808.9857
102808.9665
102808.9515
102808.9407
102808.934
102808.9308
102808.9104
102808.6575
102795.7563
102795.7542
102795.7437
102795.7265
102795.7033
102795.6742
102795.6396
102795.5999
102795.5553
102795.5064
102795.4533
102795.3967
102795.337
102795.2746
102795.2102
102795.1441
102795.077
102795.0094
102794.9418
102794.8747
102794.8087
102794.7443
102794.6819
102794.6219
102794.5648
102794.511
102794.4607
102794.4144
102794.3721
102794.3341
102794.3005
102794.2715
102794.2471
102794.2272
102794.2118
102794.2008
102794.1941
102794.1909
102794.169
102793.9146
102781.1062
102781.1041
102781.0929
102781.0746
102781.0498
102781.0188
102780.982
102780.9397
102780.8922
102780.84
102780.7835
102780.7233
102780.6597
102780.5934
102780.5248
102780.4545
102780.3832
102780.3114
102780.2396
102780.1684
102780.0984
102780.03
102779.9639
102779.9005
102779.8401
102779.7833
102779.7303
102779.6815
102779.637
102779.5972
102779.5621
102779.5318
102779.5064
102779.4859
102779.47
102779.4588
102779.4519
102779.4485
102779.4264
102779.1703
102766.4609
102766.4587
102766.4467
102766.4272
102766.4007
102766.3677
102766.3284
102766.2833
102766.2326
102766.177
102766.1168
102766.0526
102765.9848
102765.9142
102765.8412
102765.7664
102765.6905
102765.6141
102765.5378
102765.4621
102765.3878
102765.3153
102765.2452
102765.178
102765.1142
102765.0541
102764.9982
102764.9468
102764.9
102764.8582
102764.8215
102764.7899
102764.7635
102764.7423
102764.7261
102764.7148
102764.7079
102764.7046
102764.6809
102764.4236
102751.8206
102751.8183
102751.8055
102751.7847
102751.7564
102751.7211
102751.6792
102751.631
102751.5769
102751.5176
102751.4533
102751.3848
102751.3126
102751.2372
102751.1594
102751.0797
102750.9989
102750.9176
102750.8364
102750.756
102750.677
102750.6
102750.5257
102750.4545
102750.3869
102750.3234
102750.2643
102750.2101
102750.1609
102750.117
102750.0785
102750.0456
102750.0183
102749.9964
102749.9799
102749.9685
102749.9619
102749.9587
102749.9327
102749.6745
102737.1858
102737.1833
102737.1696
102737.1473
102737.1171
102737.0794
102737.0346
102736.9831
102736.9253
102736.8619
102736.7933
102736.7201
102736.643
102736.5626
102736.4796
102736.3946
102736.3085
102736.2218
102736.1353
102736.0498
102735.9658
102735.884
102735.8051
102735.7296
102735.658
102735.5908
102735.5284
102735.4712
102735.4194
102735.3733
102735.3331
102735.2987
102735.2704
102735.2479
102735.2311
102735.2198
102735.2134
102735.2104
102735.1818
102734.9229
102722.5568
102722.5541
102722.5395
102722.5156
102722.4833
102722.4429
102722.3949
102722.3398
102722.2781
102722.2103
102722.1369
102722.0587
102721.9763
102721.8904
102721.8018
102721.7111
102721.6192
102721.5268
102721.4346
102721.3435
102721.2541
102721.1672
102721.0833
102721.0032
102720.9273
102720.8562
102720.7903
102720.7299
102720.6753
102720.6269
102720.5847
102720.549
102720.5196
102720.4965
102720.4796
102720.4685
102720.4625
102720.4597
102720.4281
102720.1689
102707.934
102707.9311
102707.9154
102707.8899
102707.8552
102707.812
102707.7606
102707.7016
102707.6355
102707.5629
102707.4844
102707.4008
102707.3127
102707.2208
102707.1261
102707.0292
102706.9311
102706.8324
102706.7342
102706.637
102706.5419
102706.4493
102706.3602
102706.2751
102706.1947
102706.1193
102706.0496
102705.9858
102705.9284
102705.8775
102705.8333
102705.796
102705.7656
102705.742
102705.7249
102705.7142
102705.7091
102705.7068
102705.6716
102705.4129
102693.3181
102693.3149
102693.2981
102693.2706
102693.2335
102693.1871
102693.1321
102693.0688
102692.998
102692.9202
102692.8361
102692.7466
102692.6522
102692.5539
102692.4526
102692.349
102692.2441
102692.1388
102692.0339
102691.9303
102691.8288
102691.7303
102691.6355
102691.5451
102691.4597
102691.3799
102691.3061
102691.2388
102691.1782
102691.1246
102691.0784
102691.0395
102691.008
102690.984
102690.9669
102690.9567
102690.9528
102690.9519
102690.9116
102690.6547
102678.7094
102678.706
102678.6878
102678.6584
102678.6185
102678.5687
102678.5096
102678.4418
102678.3658
102678.2824
102678.1923
102678.0962
102677.9952
102677.8899
102677.7814
102677.6705
102677.5583
102677.4457
102677.3336
102677.2231
102677.1148
102677.0099
102676.909
102676.8129
102676.7222
102676.6376
102676.5595
102676.4883
102676.4244
102676.368
102676.3195
102676.2789
102676.2465
102676.2219
102676.2049
102676.1952
102676.1921
102676.1927
102676.1504
102675.8944
102664.1086
102664.1049
102664.0853
102664.0537
102664.0108
102663.9573
102663.8939
102663.821
102663.7394
102663.6499
102663.5532
102663.4501
102663.3417
102663.2289
102663.1126
102662.9938
102662.8737
102662.7532
102662.6334
102662.5152
102662.3997
102662.2878
102662.1803
102662.0781
102661.9819
102661.8921
102661.8094
102661.7341
102661.6666
102661.6072
102661.5562
102661.5139
102661.4803
102661.4554
102661.4386
102661.4295
102661.4268
102661.4291
102661.3873
102661.1309
102649.5164
102649.5123
102649.4912
102649.4571
102649.411
102649.3535
102649.2853
102649.2069
102649.1192
102649.023
102648.9191
102648.8085
102648.6921
102648.571
102648.4462
102648.3189
102648.1902
102648.0611
102647.9329
102647.8066
102647.6832
102647.5638
102647.4493
102647.3405
102647.2382
102647.143
102647.0554
102646.9757
102646.9043
102646.8416
102646.788
102646.7437
102646.7091
102646.6839
102646.6675
102646.6591
102646.6575
102646.6624
102646.619
102646.3633
102634.9335
102634.9289
102634.9061
102634.8694
102634.8197
102634.7578
102634.6844
102634.6001
102634.5058
102634.4023
102634.2905
102634.1716
102634.0465
102633.9164
102633.7824
102633.6458
102633.5077
102633.3694
102633.2321
102633.0969
102632.965
102632.8375
102632.7154
102632.5996
102632.4909
102632.3899
102632.2971
102632.2127
102632.1371
102632.0707
102632.0141
102631.9677
102631.9319
102631.9066
102631.8907
102631.8836
102631.8835
102631.8911
102631.8458
102631.5909
102620.3608
102620.3556
102620.331
102620.2913
102620.2378
102620.1711
102620.0919
102620.0011
102619.8995
102619.7881
102619.6678
102619.5398
102619.4052
102619.2653
102619.1213
102618.9745
102618.8263
102618.6779
102618.5307
102618.3859
102618.2448
102618.1085
102617.9783
102617.855
102617.7395
102617.6324
102617.5339
102617.4445
102617.3643
102617.2938
102617.2338
102617.1849
102617.1479
102617.1225
102617.1073
102617.1019
102617.1042
102617.1146
102617.0674
102616.8134
102605.7991
102605.7932
102605.7665
102605.7237
102605.6659
102605.5939
102605.5086
102605.4107
102605.3011
102605.181
102605.0514
102604.9134
102604.7685
102604.6179
102604.463
102604.3051
102604.1458
102603.9865
102603.8285
102603.6732
102603.5221
102603.3765
102603.2374
102603.1062
102602.9835
102602.8698
102602.7655
102602.6706
102602.5853
102602.5102
102602.4461
102602.3943
102602.3558
102602.3302
102602.3162
102602.3132
102602.3184
102602.3319
102602.2832
102602.0303
102591.2495
102591.2427
102591.2138
102591.1675
102591.1051
102591.0273
102590.9351
102590.8294
102590.7112
102590.5816
102590.4417
102590.293
102590.1367
102589.9744
102589.8075
102589.6376
102589.4662
102589.2949
102589.1252
102588.9586
102588.7966
102588.6407
102588.4923
102588.3525
102588.2222
102588.1019
102587.9914
102587.8907
102587.7997
102587.7189
102587.6499
102587.5944
102587.554
102587.5283
102587.5158
102587.5162
102587.5252
102587.5425
102587.4924
102587.241
102576.713
102576.7053
102576.6739
102576.6238
102576.5562
102576.4722
102576.3725
102576.2583
102576.1305
102575.9904
102575.8394
102575.6788
102575.5101
102575.3349
102575.155
102574.9718
102574.7873
102574.6029
102574.4204
102574.2414
102574.0676
102573.9006
102573.742
102573.5933
102573.4551
102573.3279
102573.2112
102573.1042
102573.0066
102572.9192
102572.8438
102572.7833
102572.7404
102572.7143
102572.7043
102572.7091
102572.7233
102572.7453
102572.6946
102572.4452
102562.1911
102562.1822
102562.148
102562.0937
102562.0205
102561.9295
102561.8217
102561.6981
102561.5599
102561.4084
102561.245
102561.0714
102560.889
102560.6998
102560.5055
102560.3079
102560.1089
102559.9102
102559.7137
102559.5211
102559.3344
102559.1553
102558.9858
102558.8276
102558.6815
102558.5476
102558.4247
102558.3111
102558.2058
102558.1098
102558.026
102557.9586
102557.9121
102557.8854
102557.8788
102557.8898
102557.9113
102557.9394
102557.8894
102557.6424
102547.685
102547.6748
102547.6375
102547.5785
102547.4992
102547.4006
102547.2838
102547.1499
102547.0002
102546.8362
102546.6593
102546.4713
102546.2739
102546.0692
102545.8591
102545.6457
102545.4308
102545.2165
102545.0046
102544.7971
102544.5961
102544.4038
102544.2227
102544.0547
102543.9008
102543.7606
102543.6318
102543.5114
102543.397
102543.2899
102543.1943
102543.1169
102543.0648
102543.0374
102543.0355
102543.0556
102543.0873
102543.1242
102543.0756
102542.8325
102533.1965
102533.1846
102533.1439
102533.0798
102532.9937
102532.8868
102532.7601
102532.6149
102532.4526
102532.2747
102532.0829
102531.8791
102531.6652
102531.4434
102531.216
102530.9851
102530.7529
102530.5215
102530.2928
102530.0689
102529.852
102529.645
102529.4511
102529.273
102529.1119
102528.9667
102528.8331
102528.7056
102528.58
102528.4579
102528.3457
102528.2533
102528.1924
102528.1641
102528.1691
102528.2022
102528.2488
102528.2982
102528.2536
102528.0153
102518.7275
102518.7136
102518.669
102518.5991
102518.5056
102518.3895
102518.2519
102518.0943
102517.918
102517.7249
102517.5167
102517.2954
102517.0633
102516.8227
102516.5762
102516.3263
102516.0752
102515.825
102515.5777
102515.3354
102515.1006
102514.877
102514.6692
102514.4813
102514.3145
102514.1666
102514.0298
102513.895
102513.7549
102513.6118
102513.4748
102513.3598
102513.2853
102513.256
102513.2717
102513.3246
102513.3942
102513.4613
102513.4231
102513.1916
102504.2799
102504.2635
102504.2145
102504.1384
102504.0366
102503.9103
102503.7608
102503.5895
102503.398
102503.188
102502.9617
102502.7211
102502.4689
102502.2076
102501.9402
102501.6695
102501.3978
102501.1272
102500.8592
102500.5956
102500.3397
102500.0966
102499.873
102499.6756
102499.5067
102499.3614
102499.2259
102499.0843
102498.9246
102498.7504
102498.5759
102498.4256
102498.3284
102498.2981
102498.3307
102498.4152
102498.5196
102498.6123
102498.5841
102498.3625
102489.8561
102489.8368
102489.7828
102489.6996
102489.5887
102489.4512
102489.2886
102489.1022
102488.8939
102488.6654
102488.419
102488.1572
102487.8828
102487.5988
102487.3085
102487.0147
102486.7202
102486.4269
102486.1358
102485.8485
102485.5684
102485.3027
102485.062
102484.8572
102484.6922
102484.5583
102484.4318
102484.2856
102484.1007
102483.8807
102483.6471
102483.4388
102483.3032
102483.27
102483.3288
102483.4648
102483.6222
102483.7515
102483.7401
102483.5314
102475.4588
102475.4359
102475.3762
102475.2851
102475.164
102475.0142
102474.8371
102474.6343
102474.4074
102474.1587
102473.8902
102473.6048
102473.3055
102472.9959
102472.6799
102472.3613
102472.0434
102471.7276
102471.4139
102471.1019
102470.7952
102470.5035
102470.244
102470.0336
102469.8793
102469.7672
102469.6595
102469.5121
102469.2985
102469.0162
102468.6969
102468.3983
102468.1949
102468.1472
102468.246
102468.464
102468.7036
102468.8841
102468.8927
102468.7049
102461.0913
102461.0639
102460.9974
102460.8972
102460.7648
102460.6015
102460.4086
102460.1877
102459.9407
102459.6694
102459.3762
102459.064
102458.7366
102458.399
102458.0568
102457.7154
102457.3781
102457.0445
102456.711
102456.3742
102456.0366
102455.7121
102455.4265
102455.2069
102455.0696
102454.9939
102454.9189
102454.7796
102454.5368
102454.179
102453.7483
102453.3242
102453.007
102452.9104
102453.0633
102453.4081
102453.769
102454.0142
102454.0477
102453.8966
102446.7574
102446.7241
102446.6494
102446.5387
102446.3938
102446.2155
102446.0052
102445.7645
102445.4951
102445.1989
102444.8782
102444.537
102444.1808
102443.8164
102443.4514
102443.0913
102442.7389
102442.3915
102442.0416
102441.6804
102441.3083
102440.9436
102440.6236
102440.389
102440.2723
102440.2437
102440.2126
102440.0893
102439.8191
102439.3878
102438.8474
102438.2817
102437.8003
102437.5918
102437.7972
102438.3194
102438.8349
102439.1555
102439.2111
102439.1367
102432.4615
102432.4204
102432.3353
102432.2123
102432.053
102431.858
102431.6288
102431.3667
102431.0733
102430.751
102430.4027
102430.0338
102429.6505
102429.2611
102428.8743
102428.4966
102428.1316
102427.775
102427.4134
102427.0314
102426.626
102426.221
102425.8652
102425.6124
102425.5171
102425.5352
102425.5403
102425.4228
102425.1238
102424.629
102424.003
102423.3223
102422.684
102422.3063
102422.5307
102423.2684
102423.9414
102424.3306
102424.3931
102424.4906
102418.2109
102418.1587
102418.0595
102417.9211
102417.7452
102417.5322
102417.2832
102416.9993
102416.6828
102416.3361
102415.9622
102415.566
102415.1544
102414.7375
102414.3276
102413.9332
102413.56
102413.203
102412.8397
102412.4461
102412.0166
102411.5825
102411.2027
102410.9374
102410.8531
102410.8869
102410.8945
102410.7743
102410.4477
102409.8923
102409.1925
102408.4266
102407.7054
102407.1968
102407.4569
102408.3733
102409.1587
102409.5742
102409.6068
102410.0718
102404.012
102403.9449
102403.8275
102403.6702
102403.4757
102403.244
102402.9757
102402.6715
102402.3331
102401.9625
102401.5622
102401.138
102400.6973
102400.2524
102399.8208
102399.4135
102399.0291
102398.6616
102398.2921
102397.8954
102397.4647
102397.0311
102396.6505
102396.3872
102396.2985
102396.3092
102396.2951
102396.1596
102395.7905
102395.1658
102394.3752
102393.5675
102392.8512
102392.4368
102392.8176
102393.7627
102394.5492
102394.9322
102394.9284
102396.0669
102389.8792
102389.7886
102389.6453
102389.4642
102389.2491
102388.9987
102388.7119
102388.3878
102388.0278
102387.6343
102387.2085
102386.7565
102386.2884
102385.8134
102385.3473
102384.9131
102384.518
102384.147
102383.7748
102383.3784
102382.9562
102382.5352
102382.1724
102381.9318
102381.8376
102381.8147
102381.7634
102381.5797
102381.1442
102380.4253
102379.4998
102378.6104
102378.0013
102377.9125
102378.5776
102379.5046
102380.1032
102380.4131
102380.5665
102382.6897
102375.829
102375.7
102375.5167
102375.3034
102375.0657
102374.798
102374.4954
102374.1533
102373.7729
102373.3588
102372.9111
102372.424
102371.9136
102371.4045
102370.9172
102370.4685
102370.0627
102369.682
102369.2994
102368.8987
102368.4839
102368.0786
102367.7454
102367.544
102367.4537
102367.4094
102367.3161
102367.0714
102366.5548
102365.6995
102364.5728
102363.4387
102362.8808
102363.1756
102364.2907
102365.4264
102365.8053
102366.0439
102366.8388
102370.1679
102361.8905
102361.6996
102361.4579
102361.2059
102360.9492
102360.6701
102360.358
102360.0052
102359.6065
102359.1609
102358.6751
102358.1569
102357.618
102357.0838
102356.579
102356.1202
102355.704
102355.306
102354.9036
102354.4916
102354.0768
102353.6851
102353.3818
102353.2223
102353.1521
102353.1216
102353.0285
102352.7696
102352.1971
102351.1799
102349.7546
102348.2614
102347.3998
102347.9844
102349.6308
102351.2375
102351.7064
102352.0422
102354.1733
102358.7154
102348.1945
102347.9312
102347.6345
102347.3574
102347.0909
102346.7934
102346.4486
102346.0577
102345.6233
102345.1442
102344.6199
102344.0608
102343.4862
102342.927
102342.4087
102341.9425
102341.5156
102341.0981
102340.6731
102340.2442
102339.8212
102339.4363
102339.1535
102339.0226
102339.0088
102339.0675
102339.0927
102338.9534
102338.4686
102337.4252
102335.7435
102333.8005
102332.4156
102332.7245
102334.8016
102337.2254
102338.3416
102339.1542
102342.9867
102348.418
102335.2622
102334.9794
102334.6576
102334.3351
102333.9783
102333.5723
102333.1227
102332.6391
102332.1218
102331.5651
102330.9717
102330.3532
102329.7296
102329.1376
102328.6016
102328.1261
102327.6935
102327.27
102326.8378
102326.3999
102325.9693
102325.588
102325.3197
102325.2065
102325.2872
102325.5193
102325.8229
102326.028
102325.9336
102325.2518
102323.7871
102321.7709
102319.9885
102319.344
102320.9561
102323.9378
102326.5358
102328.4999
102333.4293
102339.1017
102324.2371
102323.9485
102323.5488
102323.0497
102322.4503
102321.7961
102321.1227
102320.4573
102319.7995
102319.1321
102318.4571
102317.7804
102317.1214
102316.5082
102315.9646
102315.4977
102315.0939
102314.7203
102314.3491
102313.9692
102313.5881
102313.2478
102312.9994
102312.8968
102313.0366
102313.3837
102313.9277
102314.5599
102315.0846
102315.2002
102314.5598
102313.2477
102311.6552
102310.5116
102310.6113
102312.7076
102316.2177
102319.73
102325.0321
102330.233
102315.9533
102315.6153
102315.093
102314.3953
102313.5925
102312.7554
102311.9369
102311.1692
102310.4557
102309.7817
102309.1377
102308.5235
102307.9553
102307.4452
102307.007
102306.645
102306.3509
102306.1018
102305.8717
102305.6432
102305.4123
102305.1948
102305.014
102304.9063
102304.9453
102305.1509
102305.5419
102306.1322
102306.8295
102307.4515
102307.6962
102307.4332
102306.67
102305.8426
102305.169
102305.68
102307.8786
102311.7549
102316.9276
102321.0968
102310.0984
102309.7696
102309.2536
102308.5948
102307.8745
102307.1541
102306.4752
102305.8545
102305.2918
102304.7797
102304.3066
102303.8778
102303.5081
102303.2034
102302.9601
102302.7695
102302.621
102302.5024
102302.4022
102302.3121
102302.2261
102302.1412
102302.0588
102301.9882
102301.9428
102301.9652
102302.0605
102302.2541
102302.5496
102302.9108
102303.2978
102303.5287
102303.4989
102303.2472
102302.8713
102302.6059
102303.1408
102305.2287
102308.7545
102311.4636
102306.0882
102305.8706
102305.5111
102305.0799
102304.6334
102304.2041
102303.8082
102303.4482
102303.1165
102302.8043
102302.51
102302.2483
102302.0395
102301.8882
102301.7811
102301.7036
102301.6457
102301.6008
102301.5652
102301.5375
102301.5158
102301.4971
102301.479
102301.4605
102301.4444
102301.4344
102301.4323
102301.444
102301.4679
102301.5157
102301.6035
102301.7084
102301.8053
102301.831
102301.7954
102301.6602
102301.6111
102301.9635
102302.9806
102303.8982
102303.4404
102303.3391
102303.1593
102302.968
102302.7839
102302.6132
102302.4557
102302.3073
102302.1601
102302.0065
102301.8471
102301.6987
102301.5849
102301.5112
102301.4644
102301.4326
102301.4098
102301.3931
102301.3811
102301.3727
102301.3669
102301.3628
102301.3596
102301.3565
102301.3529
102301.3499
102301.3494
102301.35
102301.3505
102301.3509
102301.3515
102301.3513
102301.353
102301.3637
102301.3824
102301.3785
102301.3545
102301.346
102301.3471
102301.3483
102301.9644
102301.9038
102301.8365
102301.7924
102301.7565
102301.7236
102301.6915
102301.6573
102301.6158
102301.562
102301.4953
102301.43
102301.3834
102301.3569
102301.3393
102301.3257
102301.3155
102301.3082
102301.3028
102301.2989
102301.2961
102301.2942
102301.2927
102301.291
102301.2885
102301.2868
102301.2871
102301.288
102301.2886
102301.2889
102301.2892
102301.2888
102301.2873
102301.2859
102301.2859
102301.2867
102301.2861
102301.2851
102301.2861
102301.2869
102301.4419
102301.3823
102301.3403
102301.3235
102301.315
102301.3095
102301.3053
102301.301
102301.2932
102301.2798
102301.2616
102301.2499
102301.2515
102301.2568
102301.2555
102301.2506
102301.2454
102301.2407
102301.2367
102301.2336
102301.2316
102301.2303
102301.2293
102301.2279
102301.2259
102301.2247
102301.225
102301.2258
102301.2263
102301.2266
102301.2266
102301.2263
102301.2254
102301.2247
102301.2245
102301.2248
102301.2246
102301.2241
102301.2244
102301.2248
102301.2754
102301.2238
102301.1869
102301.1667
102301.1533
102301.1424
102301.1327
102301.1232
102301.1141
102301.1077
102301.1093
102301.127
102301.155
102301.1749
102301.1812
102301.1805
102301.1774
102301.1739
102301.1707
102301.1685
102301.1673
102301.1667
102301.1661
102301.1651
102301.1637
102301.1629
102301.1631
102301.1637
102301.1641
102301.1642
102301.1642
102301.1639
102301.1634
102301.1629
102301.1627
102301.1628
102301.1627
102301.1624
102301.1625
102301.1627
102301.1457
102301.1176
102301.0961
102301.0799
102301.0656
102301.0514
102301.0368
102301.0219
102301.0098
102301.006
102301.0172
102301.0462
102301.0794
102301.1006
102301.109
102301.1106
102301.1093
102301.1071
102301.1051
102301.1038
102301.1034
102301.1034
102301.1031
102301.1025
102301.1017
102301.1012
102301.1013
102301.1016
102301.1018
102301.1019
102301.1019
102301.1017
102301.1013
102301.101
102301.1008
102301.1008
102301.1007
102301.1005
102301.1006
102301.1007
102301.0474
102301.0329
102301.0201
102301.0079
102300.9953
102300.982
102300.9677
102300.9538
102300.9445
102300.9452
102300.9596
102300.9861
102301.0131
102301.0303
102301.0388
102301.042
102301.0421
102301.0411
102301.0401
102301.0397
102301.0399
102301.0402
102301.0403
102301.04
102301.0396
102301.0393
102301.0393
102301.0394
102301.0396
102301.0397
102301.0396
102301.0395
102301.0392
102301.039
102301.0388
102301.0388
102301.0387
102301.0386
102301.0386
102301.0386
102300.9714
102300.9621
102300.9536
102300.9442
102300.9339
102300.9227
102300.9112
102300.9011
102300.8957
102300.8987
102300.9117
102300.9315
102300.9507
102300.9641
102300.9716
102300.975
102300.976
102300.976
102300.9759
102300.9762
102300.9768
102300.9773
102300.9776
102300.9775
102300.9774
102300.9772
102300.9772
102300.9773
102300.9774
102300.9774
102300.9774
102300.9773
102300.9771
102300.9769
102300.9768
102300.9767
102300.9767
102300.9766
102300.9766
102300.9766
102300.9052
102300.8983
102300.8923
102300.8849
102300.8765
102300.8675
102300.8587
102300.852
102300.8493
102300.8527
102300.8628
102300.8769
102300.8905
102300.9003
102300.9064
102300.9096
102300.9112
102300.9119
102300.9125
102300.9132
102300.914
102300.9147
102300.915
102300.9151
102300.9151
102300.9151
102300.9151
102300.9152
102300.9152
102300.9152
102300.9152
102300.9151
102300.915
102300.9149
102300.9148
102300.9147
102300.9146
102300.9146
102300.9146
102300.9146
102300.8433
102300.838
102300.8334
102300.8272
102300.8202
102300.8129
102300.8063
102300.8017
102300.8002
102300.8033
102300.8109
102300.821
102300.8304
102300.8376
102300.8426
102300.8456
102300.8475
102300.8487
102300.8497
102300.8506
102300.8515
102300.8522
102300.8526
102300.8528
102300.8529
102300.8529
102300.8529
102300.853
102300.853
102300.853
102300.853
102300.853
102300.8529
102300.8528
102300.8527
102300.8526
102300.8526
102300.8526
102300.8525
102300.8525
102300.7828
102300.7786
102300.7748
102300.7694
102300.7633
102300.7574
102300.7523
102300.7489
102300.7483
102300.7508
102300.7564
102300.7635
102300.7702
102300.7757
102300.7797
102300.7826
102300.7846
102300.7861
102300.7873
102300.7883
102300.7891
102300.7898
102300.7902
102300.7905
102300.7906
102300.7907
102300.7908
102300.7908
102300.7909
102300.7909
102300.7909
102300.7908
102300.7908
102300.7907
102300.7906
102300.7906
102300.7905
102300.7905
102300.7905
102300.7905
102300.7221
102300.7188
102300.7155
102300.7106
102300.7053
102300.7004
102300.6963
102300.6939
102300.6936
102300.6957
102300.6997
102300.7048
102300.7098
102300.7141
102300.7176
102300.7202
102300.7222
102300.7238
102300.725
102300.726
102300.7268
102300.7274
102300.7279
102300.7282
102300.7284
102300.7285
102300.7286
102300.7286
102300.7287
102300.7287
102300.7287
102300.7287
102300.7286
102300.7286
102300.7286
102300.7285
102300.7285
102300.7285
102300.7285
102300.7284
102300.6606
102300.6582
102300.655
102300.6506
102300.646
102300.6418
102300.6387
102300.6369
102300.6368
102300.6385
102300.6415
102300.6454
102300.6492
102300.6528
102300.6558
102300.6582
102300.6601
102300.6616
102300.6628
102300.6638
102300.6645
102300.6652
102300.6656
102300.6659
102300.6661
102300.6663
102300.6664
102300.6665
102300.6665
102300.6666
102300.6666
102300.6666
102300.6665
102300.6665
102300.6665
102300.6664
102300.6664
102300.6664
102300.6664
102300.6664
102300.5982
102300.5965
102300.5934
102300.5895
102300.5854
102300.5821
102300.5797
102300.5784
102300.5785
102300.58
102300.5825
102300.5855
102300.5886
102300.5916
102300.5941
102300.5963
102300.5981
102300.5995
102300.6007
102300.6016
102300.6023
102300.6029
102300.6033
102300.6037
102300.6039
102300.6041
102300.6042
102300.6043
102300.6044
102300.6044
102300.6044
102300.6044
102300.6044
102300.6044
102300.6044
102300.6044
102300.6044
102300.6043
102300.6043
102300.6043
102300.5352
102300.5338
102300.5309
102300.5275
102300.5242
102300.5216
102300.5199
102300.5191
102300.5195
102300.5208
102300.5228
102300.5253
102300.5279
102300.5304
102300.5326
102300.5345
102300.5361
102300.5375
102300.5385
102300.5394
102300.5401
102300.5407
102300.5411
102300.5415
102300.5417
102300.5419
102300.542
102300.5421
102300.5422
102300.5423
102300.5423
102300.5423
102300.5423
102300.5423
102300.5423
102300.5423
102300.5423
102300.5423
102300.5423
102300.5423
102300.4717
102300.4706
102300.4681
102300.4654
102300.4628
102300.4609
102300.4598
102300.4594
102300.4599
102300.4611
102300.4628
102300.4649
102300.467
102300.4691
102300.4711
102300.4728
102300.4742
102300.4754
102300.4764
102300.4773
102300.4779
102300.4785
102300.4789
102300.4793
102300.4795
102300.4797
102300.4799
102300.48
102300.4801
102300.4801
102300.4802
102300.4802
102300.4802
102300.4802
102300.4802
102300.4802
102300.4802
102300.4802
102300.4802
102300.4802
102300.4084
102300.4073
102300.4054
102300.4034
102300.4015
102300.4002
102300.3995
102300.3995
102300.4
102300.4011
102300.4025
102300.4043
102300.4061
102300.4079
102300.4096
102300.411
102300.4123
102300.4134
102300.4144
102300.4151
102300.4158
102300.4163
102300.4167
102300.4171
102300.4173
102300.4175
102300.4177
102300.4178
102300.4179
102300.418
102300.418
102300.4181
102300.4181
102300.4181
102300.4181
102300.4181
102300.4181
102300.4181
102300.4181
102300.4181
102300.3452
102300.3443
102300.3431
102300.3416
102300.3404
102300.3395
102300.3392
102300.3393
102300.3398
102300.3408
102300.342
102300.3435
102300.345
102300.3465
102300.348
102300.3493
102300.3505
102300.3515
102300.3523
102300.3531
102300.3537
102300.3542
102300.3546
102300.3549
102300.3552
102300.3554
102300.3556
102300.3557
102300.3558
102300.3559
102300.3559
102300.356
102300.356
102300.356
102300.356
102300.356
102300.356
102300.356
102300.356
102300.356
102300.2825
102300.2818
102300.2813
102300.2802
102300.2794
102300.2788
102300.2787
102300.2788
102300.2794
102300.2802
102300.2813
102300.2825
102300.2838
102300.2851
102300.2864
102300.2876
102300.2886
102300.2895
102300.2903
102300.291
102300.2916
102300.292
102300.2924
102300.2928
102300.293
102300.2932
102300.2934
102300.2936
102300.2937
102300.2937
102300.2938
102300.2938
102300.2939
102300.2939
102300.2939
102300.2939
102300.2939
102300.2939
102300.2939
102300.2939
102300.2204
102300.22
102300.2198
102300.219
102300.2184
102300.2181
102300.218
102300.2182
102300.2187
102300.2195
102300.2204
102300.2214
102300.2226
102300.2237
102300.2248
102300.2258
102300.2268
102300.2276
102300.2283
102300.2289
102300.2295
102300.2299
102300.2303
102300.2306
102300.2309
102300.2311
102300.2313
102300.2314
102300.2315
102300.2316
102300.2317
102300.2317
102300.2318
102300.2318
102300.2318
102300.2318
102300.2319
102300.2319
102300.2319
102300.2319
102300.1586
102300.1583
102300.1582
102300.1578
102300.1574
102300.1572
102300.1572
102300.1574
102300.1579
102300.1585
102300.1593
102300.1602
102300.1612
102300.1622
102300.1632
102300.1641
102300.1649
102300.1657
102300.1663
102300.1669
102300.1674
102300.1679
102300.1682
102300.1685
102300.1688
102300.169
102300.1692
102300.1693
102300.1694
102300.1695
102300.1696
102300.1696
102300.1697
102300.1697
102300.1697
102300.1698
102300.1698
102300.1698
102300.1698
102300.1698
102300.0968
102300.0967
102300.0968
102300.0966
102300.0963
102300.0962
102300.0963
102300.0965
102300.0969
102300.0974
102300.0981
102300.0989
102300.0998
102300.1006
102300.1015
102300.1023
102300.1031
102300.1037
102300.1044
102300.1049
102300.1054
102300.1058
102300.1061
102300.1064
102300.1067
102300.1069
102300.107
102300.1072
102300.1073
102300.1074
102300.1075
102300.1075
102300.1076
102300.1076
102300.1076
102300.1077
102300.1077
102300.1077
102300.1077
102300.1077
102300.0352
102300.0352
102300.0354
102300.0353
102300.0351
102300.0351
102300.0352
102300.0354
102300.0358
102300.0363
102300.0369
102300.0376
102300.0383
102300.0391
102300.0398
102300.0405
102300.0412
102300.0418
102300.0424
102300.0429
102300.0433
102300.0437
102300.044
102300.0443
102300.0446
102300.0448
102300.0449
102300.0451
102300.0452
102300.0453
102300.0454
102300.0454
102300.0455
102300.0455
102300.0456
102300.0456
102300.0456
102300.0456
102300.0456
102300.0456
102299.9738
102299.9738
102299.974
102299.974
102299.9739
102299.9738
102299.9739
102299.9742
102299.9745
102299.975
102299.9755
102299.9761
102299.9768
102299.9774
102299.9781
102299.9787
102299.9793
102299.9799
102299.9804
102299.9809
102299.9813
102299.9817
102299.982
102299.9822
102299.9825
102299.9827
102299.9828
102299.983
102299.9831
102299.9832
102299.9833
102299.9833
102299.9834
102299.9834
102299.9835
102299.9835
102299.9835
102299.9835
102299.9835
102299.9835
102299.9123
102299.9124
102299.9126
102299.9125
102299.9125
102299.9125
102299.9126
102299.9129
102299.9132
102299.9136
102299.9141
102299.9146
102299.9152
102299.9158
102299.9164
102299.9169
102299.9175
102299.918
102299.9185
102299.9189
102299.9193
102299.9196
102299.9199
102299.9202
102299.9204
102299.9206
102299.9208
102299.9209
102299.921
102299.9211
102299.9212
102299.9212
102299.9213
102299.9213
102299.9214
102299.9214
102299.9214
102299.9214
102299.9215
102299.9215
102299.8509
102299.851
102299.8511
102299.8511
102299.8511
102299.8511
102299.8513
102299.8515
102299.8518
102299.8521
102299.8526
102299.853
102299.8536
102299.8541
102299.8546
102299.8551
102299.8556
102299.8561
102299.8565
102299.8569
102299.8573
102299.8576
102299.8579
102299.8581
102299.8583
102299.8585
102299.8587
102299.8588
102299.8589
102299.859
102299.8591
102299.8592
102299.8592
102299.8593
102299.8593
102299.8593
102299.8593
102299.8594
102299.8594
102299.8594
102299.7894
102299.7895
102299.7896
102299.7896
102299.7896
102299.7897
102299.7898
102299.79
102299.7903
102299.7906
102299.791
102299.7914
102299.7919
102299.7924
102299.7928
102299.7933
102299.7937
102299.7942
102299.7946
102299.7949
102299.7952
102299.7955
102299.7958
102299.796
102299.7963
102299.7964
102299.7966
102299.7967
102299.7968
102299.7969
102299.797
102299.7971
102299.7971
102299.7972
102299.7972
102299.7972
102299.7973
102299.7973
102299.7973
102299.7973
102299.7279
102299.7279
102299.728
102299.728
102299.7281
102299.7282
102299.7283
102299.7285
102299.7288
102299.7291
102299.7294
102299.7298
102299.7302
102299.7306
102299.731
102299.7315
102299.7319
102299.7322
102299.7326
102299.7329
102299.7332
102299.7335
102299.7338
102299.734
102299.7342
102299.7344
102299.7345
102299.7346
102299.7348
102299.7348
102299.7349
102299.735
102299.7351
102299.7351
102299.7351
102299.7352
102299.7352
102299.7352
102299.7352
102299.7352
102299.6663
102299.6664
102299.6664
102299.6665
102299.6665
102299.6666
102299.6668
102299.6669
102299.6672
102299.6674
102299.6678
102299.6681
102299.6685
102299.6688
102299.6692
102299.6696
102299.67
102299.6703
102299.6706
102299.671
102299.6712
102299.6715
102299.6717
102299.6719
102299.6721
102299.6723
102299.6724
102299.6726
102299.6727
102299.6728
102299.6728
102299.6729
102299.673
102299.673
102299.6731
102299.6731
102299.6731
102299.6731
102299.6731
102299.6731
102299.6047
102299.6047
102299.6048
102299.6048
102299.6049
102299.605
102299.6051
102299.6053
102299.6055
102299.6058
102299.6061
102299.6064
102299.6067
102299.607
102299.6074
102299.6077
102299.6081
102299.6084
102299.6087
102299.609
102299.6092
102299.6095
102299.6097
102299.6099
102299.6101
102299.6102
102299.6104
102299.6105
102299.6106
102299.6107
102299.6108
102299.6108
102299.6109
102299.6109
102299.611
102299.611
102299.611
102299.6111
102299.6111
102299.6111
102299.5431
102299.5431
102299.5431
102299.5432
102299.5433
102299.5434
102299.5435
102299.5437
102299.5439
102299.5441
102299.5443
102299.5446
102299.5449
102299.5452
102299.5455
102299.5459
102299.5462
102299.5465
102299.5467
102299.547
102299.5472
102299.5475
102299.5477
102299.5479
102299.548
102299.5482
102299.5483
102299.5484
102299.5485
102299.5486
102299.5487
102299.5488
102299.5488
102299.5489
102299.5489
102299.5489
102299.549
102299.549
102299.549
102299.549
102299.4814
102299.4814
102299.4815
102299.4815
102299.4816
102299.4817
102299.4818
102299.482
102299.4822
102299.4824
102299.4826
102299.4829
102299.4831
102299.4834
102299.4837
102299.484
102299.4842
102299.4845
102299.4848
102299.485
102299.4852
102299.4855
102299.4857
102299.4858
102299.486
102299.4861
102299.4863
102299.4864
102299.4865
102299.4866
102299.4866
102299.4867
102299.4868
102299.4868
102299.4868
102299.4869
102299.4869
102299.4869
102299.4869
102299.4869
102299.4197
102299.4197
102299.4198
102299.4198
102299.4199
102299.42
102299.4201
102299.4203
102299.4204
102299.4206
102299.4208
102299.4211
102299.4213
102299.4216
102299.4218
102299.4221
102299.4223
102299.4226
102299.4228
102299.423
102299.4232
102299.4234
102299.4236
102299.4238
102299.4239
102299.4241
102299.4242
102299.4243
102299.4244
102299.4245
102299.4246
102299.4246
102299.4247
102299.4247
102299.4248
102299.4248
102299.4248
102299.4248
102299.4249
102299.4249
102299.358
102299.358
102299.358
102299.3581
102299.3582
102299.3583
102299.3584
102299.3585
102299.3587
102299.3588
102299.359
102299.3592
102299.3595
102299.3597
102299.3599
102299.3602
102299.3604
102299.3606
102299.3608
102299.3611
102299.3613
102299.3614
102299.3616
102299.3618
102299.3619
102299.362
102299.3622
102299.3623
102299.3624
102299.3624
102299.3625
102299.3626
102299.3626
102299.3627
102299.3627
102299.3627
102299.3628
102299.3628
102299.3628
102299.3628
102299.2962
102299.2962
102299.2963
102299.2963
102299.2964
102299.2965
102299.2966
102299.2967
102299.2969
102299.297
102299.2972
102299.2974
102299.2976
102299.2978
102299.298
102299.2983
102299.2985
102299.2987
102299.2989
102299.2991
102299.2993
102299.2994
102299.2996
102299.2997
102299.2999
102299.3
102299.3001
102299.3002
102299.3003
102299.3004
102299.3005
102299.3005
102299.3006
102299.3006
102299.3006
102299.3007
102299.3007
102299.3007
102299.3007
102299.3007
102299.2345
102299.2345
102299.2345
102299.2346
102299.2346
102299.2347
102299.2348
102299.2349
102299.2351
102299.2352
102299.2354
102299.2356
102299.2357
102299.2359
102299.2361
102299.2363
102299.2365
102299.2367
102299.2369
102299.2371
102299.2373
102299.2374
102299.2376
102299.2377
102299.2378
102299.238
102299.2381
102299.2382
102299.2383
102299.2383
102299.2384
102299.2385
102299.2385
102299.2385
102299.2386
102299.2386
102299.2386
102299.2387
102299.2387
102299.2387
102299.1727
102299.1727
102299.1727
102299.1728
102299.1728
102299.1729
102299.173
102299.1731
102299.1732
102299.1734
102299.1735
102299.1737
102299.1739
102299.174
102299.1742
102299.1744
102299.1746
102299.1748
102299.1749
102299.1751
102299.1753
102299.1754
102299.1756
102299.1757
102299.1758
102299.1759
102299.176
102299.1761
102299.1762
102299.1763
102299.1763
102299.1764
102299.1764
102299.1765
102299.1765
102299.1766
102299.1766
102299.1766
102299.1766
102299.1766
102299.1109
102299.1109
102299.1109
102299.111
102299.111
102299.1111
102299.1112
102299.1113
102299.1114
102299.1115
102299.1117
102299.1118
102299.112
102299.1121
102299.1123
102299.1125
102299.1126
102299.1128
102299.113
102299.1131
102299.1133
102299.1134
102299.1135
102299.1137
102299.1138
102299.1139
102299.114
102299.1141
102299.1142
102299.1142
102299.1143
102299.1143
102299.1144
102299.1144
102299.1145
102299.1145
102299.1145
102299.1145
102299.1145
102299.1146
102299.049
102299.0491
102299.0491
102299.0491
102299.0492
102299.0492
102299.0493
102299.0494
102299.0495
102299.0496
102299.0498
102299.0499
102299.0501
102299.0502
102299.0504
102299.0505
102299.0507
102299.0508
102299.051
102299.0511
102299.0513
102299.0514
102299.0515
102299.0516
102299.0518
102299.0519
102299.052
102299.052
102299.0521
102299.0522
102299.0522
102299.0523
102299.0523
102299.0524
102299.0524
102299.0524
102299.0525
102299.0525
102299.0525
102299.0525
102298.9872
102298.9872
102298.9872
102298.9873
102298.9873
102298.9874
102298.9875
102298.9876
102298.9877
102298.9878
102298.9879
102298.988
102298.9881
102298.9883
102298.9884
102298.9886
102298.9887
102298.9889
102298.989
102298.9891
102298.9893
102298.9894
102298.9895
102298.9896
102298.9897
102298.9898
102298.9899
102298.99
102298.9901
102298.9901
102298.9902
102298.9902
102298.9903
102298.9903
102298.9904
102298.9904
102298.9904
102298.9904
102298.9904
102298.9904
102298.9253
102298.9254
102298.9254
102298.9254
102298.9255
102298.9255
102298.9256
102298.9257
102298.9258
102298.9259
102298.926
102298.9261
102298.9262
102298.9264
102298.9265
102298.9266
102298.9268
102298.9269
102298.927
102298.9271
102298.9273
102298.9274
102298.9275
102298.9276
102298.9277
102298.9278
102298.9279
102298.928
102298.928
102298.9281
102298.9282
102298.9282
102298.9282
102298.9283
102298.9283
102298.9283
102298.9284
102298.9284
102298.9284
102298.9284
102298.8635
102298.8635
102298.8635
102298.8635
102298.8636
102298.8636
102298.8637
102298.8638
102298.8639
102298.864
102298.8641
102298.8642
102298.8643
102298.8644
102298.8645
102298.8647
102298.8648
102298.8649
102298.865
102298.8652
102298.8653
102298.8654
102298.8655
102298.8656
102298.8657
102298.8658
102298.8658
102298.8659
102298.866
102298.8661
102298.8661
102298.8662
102298.8662
102298.8662
102298.8663
102298.8663
102298.8663
102298.8663
102298.8663
102298.8663
102298.8016
102298.8016
102298.8016
102298.8016
102298.8017
102298.8017
102298.8018
102298.8019
102298.802
102298.802
102298.8021
102298.8022
102298.8024
102298.8025
102298.8026
102298.8027
102298.8028
102298.8029
102298.803
102298.8032
102298.8033
102298.8034
102298.8035
102298.8036
102298.8037
102298.8037
102298.8038
102298.8039
102298.804
102298.804
102298.8041
102298.8041
102298.8042
102298.8042
102298.8042
102298.8042
102298.8043
102298.8043
102298.8043
102298.8043
102298.7397
102298.7397
102298.7397
102298.7397
102298.7398
102298.7398
102298.7399
102298.74
102298.74
102298.7401
102298.7402
102298.7403
102298.7404
102298.7405
102298.7406
102298.7407
102298.7408
102298.7409
102298.7411
102298.7412
102298.7413
102298.7414
102298.7415
102298.7416
102298.7416
102298.7417
102298.7418
102298.7419
102298.7419
102298.742
102298.742
102298.7421
102298.7421
102298.7422
102298.7422
102298.7422
102298.7422
102298.7422
102298.7422
102298.7423
102298.6778
102298.6778
102298.6778
102298.6778
102298.6779
102298.6779
102298.678
102298.678
102298.6781
102298.6782
102298.6783
102298.6784
102298.6785
102298.6786
102298.6787
102298.6788
102298.6789
102298.679
102298.6791
102298.6792
102298.6793
102298.6794
102298.6794
102298.6795
102298.6796
102298.6797
102298.6798
102298.6798
102298.6799
102298.6799
102298.68
102298.68
102298.6801
102298.6801
102298.6801
102298.6802
102298.6802
102298.6802
102298.6802
102298.6802
102298.6159
102298.6159
102298.6159
102298.6159
102298.616
102298.616
102298.616
102298.6161
102298.6162
102298.6162
102298.6163
102298.6164
102298.6165
102298.6166
102298.6167
102298.6168
102298.6169
102298.617
102298.6171
102298.6172
102298.6173
102298.6173
102298.6174
102298.6175
102298.6176
102298.6177
102298.6177
102298.6178
102298.6179
102298.6179
102298.618
102298.618
102298.618
102298.6181
102298.6181
102298.6181
102298.6181
102298.6182
102298.6182
102298.6182
102298.5539
102298.5539
102298.554
102298.554
102298.554
102298.5541
102298.5541
102298.5542
102298.5542
102298.5543
102298.5544
102298.5545
102298.5545
102298.5546
102298.5547
102298.5548
102298.5549
102298.555
102298.5551
102298.5552
102298.5553
102298.5553
102298.5554
102298.5555
102298.5556
102298.5556
102298.5557
102298.5558
102298.5558
102298.5559
102298.5559
102298.556
102298.556
102298.556
102298.5561
102298.5561
102298.5561
102298.5561
102298.5561
102298.5561
102298.492
102298.492
102298.492
102298.492
102298.4921
102298.4921
102298.4922
102298.4922
102298.4923
102298.4923
102298.4924
102298.4925
102298.4926
102298.4926
102298.4927
102298.4928
102298.4929
102298.493
102298.4931
102298.4932
102298.4932
102298.4933
102298.4934
102298.4935
102298.4936
102298.4936
102298.4937
102298.4937
102298.4938
102298.4938
102298.4939
102298.4939
102298.494
102298.494
102298.494
102298.494
102298.4941
102298.4941
102298.4941
102298.4941
102298.4301
102298.4301
102298.4301
102298.4301
102298.4301
102298.4302
102298.4302
102298.4303
102298.4303
102298.4304
102298.4304
102298.4305
102298.4306
102298.4307
102298.4307
102298.4308
102298.4309
102298.431
102298.4311
102298.4312
102298.4312
102298.4313
102298.4314
102298.4315
102298.4315
102298.4316
102298.4317
102298.4317
102298.4318
102298.4318
102298.4319
102298.4319
102298.4319
102298.432
102298.432
102298.432
102298.432
102298.432
102298.4321
102298.4321
102298.3681
102298.3681
102298.3681
102298.3681
102298.3682
102298.3682
102298.3683
102298.3683
102298.3684
102298.3684
102298.3685
102298.3685
102298.3686
102298.3687
102298.3688
102298.3688
102298.3689
102298.369
102298.3691
102298.3692
102298.3692
102298.3693
102298.3694
102298.3694
102298.3695
102298.3696
102298.3696
102298.3697
102298.3697
102298.3698
102298.3698
102298.3699
102298.3699
102298.3699
102298.37
102298.37
102298.37
102298.37
102298.37
102298.37
102298.3061
102298.3062
102298.3062
102298.3062
102298.3062
102298.3062
102298.3063
102298.3063
102298.3064
102298.3064
102298.3065
102298.3066
102298.3066
102298.3067
102298.3068
102298.3068
102298.3069
102298.307
102298.3071
102298.3071
102298.3072
102298.3073
102298.3074
102298.3074
102298.3075
102298.3076
102298.3076
102298.3077
102298.3077
102298.3078
102298.3078
102298.3078
102298.3079
102298.3079
102298.3079
102298.3079
102298.308
102298.308
102298.308
102298.308
102298.2442
102298.2442
102298.2442
102298.2442
102298.2442
102298.2443
102298.2443
102298.2444
102298.2444
102298.2445
102298.2445
102298.2446
102298.2446
102298.2447
102298.2448
102298.2449
102298.2449
102298.245
102298.2451
102298.2451
102298.2452
102298.2453
102298.2453
102298.2454
102298.2455
102298.2455
102298.2456
102298.2456
102298.2457
102298.2457
102298.2458
102298.2458
102298.2458
102298.2459
102298.2459
102298.2459
102298.2459
102298.2459
102298.246
102298.246
102298.1822
102298.1822
102298.1822
102298.1822
102298.1823
102298.1823
102298.1823
102298.1824
102298.1824
102298.1825
102298.1825
102298.1826
102298.1826
102298.1827
102298.1828
102298.1829
102298.1829
102298.183
102298.1831
102298.1831
102298.1832
102298.1833
102298.1833
102298.1834
102298.1835
102298.1835
102298.1836
102298.1836
102298.1837
102298.1837
102298.1838
102298.1838
102298.1838
102298.1838
102298.1839
102298.1839
102298.1839
102298.1839
102298.1839
102298.1839
102298.1202
102298.1202
102298.1202
102298.1203
102298.1203
102298.1203
102298.1203
102298.1204
102298.1204
102298.1205
102298.1205
102298.1206
102298.1207
102298.1207
102298.1208
102298.1208
102298.1209
102298.121
102298.1211
102298.1211
102298.1212
102298.1213
102298.1213
102298.1214
102298.1214
102298.1215
102298.1215
102298.1216
102298.1216
102298.1217
102298.1217
102298.1218
102298.1218
102298.1218
102298.1218
102298.1219
102298.1219
102298.1219
102298.1219
102298.1219
102298.0582
102298.0582
102298.0583
102298.0583
102298.0583
102298.0583
102298.0584
102298.0584
102298.0584
102298.0585
102298.0585
102298.0586
102298.0587
102298.0587
102298.0588
102298.0588
102298.0589
102298.059
102298.059
102298.0591
102298.0592
102298.0592
102298.0593
102298.0594
102298.0594
102298.0595
102298.0595
102298.0596
102298.0596
102298.0597
102298.0597
102298.0597
102298.0598
102298.0598
102298.0598
102298.0598
102298.0599
102298.0599
102298.0599
102298.0599
102297.9962
102297.9962
102297.9963
102297.9963
102297.9963
102297.9963
102297.9964
102297.9964
102297.9964
102297.9965
102297.9965
102297.9966
102297.9967
102297.9967
102297.9968
102297.9968
102297.9969
102297.997
102297.997
102297.9971
102297.9972
102297.9972
102297.9973
102297.9973
102297.9974
102297.9975
102297.9975
102297.9976
102297.9976
102297.9976
102297.9977
102297.9977
102297.9977
102297.9978
102297.9978
102297.9978
102297.9978
102297.9978
102297.9979
102297.9979
102297.9342
102297.9342
102297.9343
102297.9343
102297.9343
102297.9343
102297.9344
102297.9344
102297.9344
102297.9345
102297.9345
102297.9346
102297.9346
102297.9347
102297.9348
102297.9348
102297.9349
102297.935
102297.935
102297.9351
102297.9351
102297.9352
102297.9353
102297.9353
102297.9354
102297.9354
102297.9355
102297.9355
102297.9356
102297.9356
102297.9357
102297.9357
102297.9357
102297.9358
102297.9358
102297.9358
102297.9358
102297.9358
102297.9358
102297.9358
102297.8722
102297.8722
102297.8723
102297.8723
102297.8723
102297.8723
102297.8724
102297.8724
102297.8724
102297.8725
102297.8725
102297.8726
102297.8726
102297.8727
102297.8728
102297.8728
102297.8729
102297.8729
102297.873
102297.8731
102297.8731
102297.8732
102297.8733
102297.8733
102297.8734
102297.8734
102297.8735
102297.8735
102297.8736
102297.8736
102297.8736
102297.8737
102297.8737
102297.8737
102297.8738
102297.8738
102297.8738
102297.8738
102297.8738
102297.8738
102297.8102
102297.8102
102297.8102
102297.8103
102297.8103
102297.8103
102297.8103
102297.8104
102297.8104
102297.8105
102297.8105
102297.8106
102297.8106
102297.8107
102297.8107
102297.8108
102297.8109
102297.8109
102297.811
102297.8111
102297.8111
102297.8112
102297.8112
102297.8113
102297.8114
102297.8114
102297.8115
102297.8115
102297.8115
102297.8116
102297.8116
102297.8117
102297.8117
102297.8117
102297.8117
102297.8118
102297.8118
102297.8118
102297.8118
102297.8118
)
;

boundaryField
{
    front
    {
        type            wedge;
    }
    back
    {
        type            wedge;
    }
    tankWall
    {
        type            calculated;
        value           nonuniform List<scalar> 
120
(
103162.2388
103147.5797
103132.8604
103118.1507
103103.4439
103088.7388
103074.0346
103059.3286
103044.6209
103029.9126
103015.2036
103000.4936
102985.7827
102971.071
102956.3585
102941.6449
102926.93
102912.2138
102897.4961
102882.7768
102868.0555
102853.3322
102838.6068
102823.8796
102809.1507
102794.4201
102779.6875
102764.952
102750.2137
102735.4724
102720.7283
102705.9817
102691.2327
102676.481
102661.7259
102646.9661
102632.2014
102617.4311
102602.6548
102587.8721
102573.0825
102558.2857
102543.4813
102528.6695
102513.8508
102499.0263
102484.1996
102469.3771
102454.5726
102439.8161
102425.1729
102410.7563
102396.7527
102383.3754
102370.8517
102359.3959
102349.0943
102339.775
102330.908
102321.7864
102312.1939
102304.531
102301.3484
102301.2872
102301.2248
102301.1627
102301.1007
102301.0386
102300.9766
102300.9146
102300.8525
102300.7905
102300.7284
102300.6664
102300.6043
102300.5423
102300.4802
102300.4181
102300.356
102300.2939
102300.2319
102300.1698
102300.1077
102300.0456
102299.9835
102299.9215
102299.8594
102299.7973
102299.7352
102299.6731
102299.6111
102299.549
102299.4869
102299.4249
102299.3628
102299.3007
102299.2387
102299.1766
102299.1146
102299.0525
102298.9904
102298.9284
102298.8663
102298.8043
102298.7423
102298.6802
102298.6182
102298.5561
102298.4941
102298.4321
102298.37
102298.308
102298.246
102298.1839
102298.1219
102298.0599
102297.9979
102297.9358
102297.8738
102297.8118
)
;
    }
    bottom
    {
        type            calculated;
        value           nonuniform List<scalar> 
40
(
103166.6425
103166.6406
103166.6364
103166.6298
103166.621
103166.6101
103166.5972
103166.5823
103166.5656
103166.5472
103166.5272
103166.5059
103166.4832
103166.4595
103166.4349
103166.4096
103166.3837
103166.3575
103166.3311
103166.3047
103166.2785
103166.2527
103166.2274
103166.2027
103166.1789
103166.156
103166.1342
103166.1135
103166.0942
103166.0761
103166.0595
103166.0442
103166.0304
103166.018
103166.0069
103165.9968
103165.9887
103165.9764
103165.9849
103165.8632
)
;
    }
    top
    {
        type            calculated;
        value           nonuniform List<scalar> 
40
(
102297.7949
102297.7949
102297.7949
102297.7949
102297.795
102297.795
102297.795
102297.7951
102297.7951
102297.7951
102297.7952
102297.7952
102297.7953
102297.7954
102297.7954
102297.7955
102297.7955
102297.7956
102297.7957
102297.7957
102297.7958
102297.7959
102297.7959
102297.796
102297.796
102297.7961
102297.7961
102297.7962
102297.7962
102297.7963
102297.7963
102297.7963
102297.7964
102297.7964
102297.7964
102297.7964
102297.7964
102297.7965
102297.7965
102297.7965
)
;
    }
    axis
    {
        type            empty;
    }
}


// ************************************************************************* //
