/*--------------------------------*- C++ -*----------------------------------*\
| =========                 |                                                 |
| \\      /  F ield         | OpenFOAM: The Open Source CFD Toolbox           |
|  \\    /   O peration     | Version:  v1912                                 |
|   \\  /    A nd           | Website:  www.openfoam.com                      |
|    \\/     M anipulation  |                                                 |
\*---------------------------------------------------------------------------*/
FoamFile
{
    version     2.0;
    format      ascii;
    class       volScalarField;
    location    "0.8";
    object      p_rgh_0;
}
// * * * * * * * * * * * * * * * * * * * * * * * * * * * * * * * * * * * * * //

dimensions      [1 -1 -2 0 0 0 0];


internalField   nonuniform List<scalar> 
4800
(
103163.4332
103163.4313
103163.4271
103163.4205
103163.4118
103163.4009
103163.388
103163.3732
103163.3565
103163.3382
103163.3183
103163.297
103163.2744
103163.2508
103163.2263
103163.201
103163.1753
103163.1491
103163.1228
103163.0965
103163.0703
103163.0446
103163.0193
103162.9947
103162.9709
103162.9481
103162.9263
103162.9057
103162.8864
103162.8684
103162.8518
103162.8366
103162.8228
103162.8104
103162.7993
103162.7892
103162.781
103162.7688
103162.7772
103162.6555
103156.0784
103156.0766
103156.0723
103156.0658
103156.057
103156.0461
103156.0331
103156.0182
103156.0015
103155.9831
103155.9631
103155.9417
103155.9191
103155.8954
103155.8707
103155.8454
103155.8195
103155.7933
103155.7669
103155.7404
103155.7142
103155.6883
103155.663
103155.6383
103155.6145
103155.5916
103155.5697
103155.5491
103155.5297
103155.5116
103155.495
103155.4798
103155.466
103155.4536
103155.4425
103155.4325
103155.4243
103155.4138
103155.4156
103155.1969
103148.7252
103148.7234
103148.7191
103148.7125
103148.7037
103148.6927
103148.6796
103148.6646
103148.6478
103148.6292
103148.6091
103148.5875
103148.5647
103148.5408
103148.516
103148.4905
103148.4644
103148.438
103148.4113
103148.3847
103148.3583
103148.3323
103148.3067
103148.2819
103148.2579
103148.2348
103148.2128
103148.1921
103148.1726
103148.1544
103148.1377
103148.1224
103148.1086
103148.0962
103148.0853
103148.0755
103148.0675
103148.0589
103148.0525
103147.5974
103141.3736
103141.3719
103141.3675
103141.3609
103141.3519
103141.3408
103141.3276
103141.3124
103141.2954
103141.2766
103141.2562
103141.2344
103141.2113
103141.1872
103141.1621
103141.1362
103141.1099
103141.0831
103141.0562
103141.0293
103141.0026
103140.9763
103140.9505
103140.9253
103140.9011
103140.8778
103140.8556
103140.8346
103140.815
103140.7967
103140.7799
103140.7645
103140.7506
103140.7383
103140.7274
103140.7179
103140.7102
103140.703
103140.6847
103139.9384
103134.0236
103134.0219
103134.0175
103134.0108
103134.0017
103133.9904
103133.977
103133.9616
103133.9443
103133.9252
103133.9045
103133.8824
103133.8589
103133.8344
103133.8089
103133.7827
103133.7559
103133.7288
103133.7015
103133.6742
103133.6471
103133.6204
103133.5942
103133.5687
103133.5441
103133.5205
103133.4981
103133.4768
103133.4569
103133.4385
103133.4215
103133.406
103133.3921
103133.3797
103133.3689
103133.3596
103133.3521
103133.3459
103133.3093
103132.2299
103126.6752
103126.6736
103126.6692
103126.6623
103126.653
103126.6415
103126.6279
103126.6121
103126.5945
103126.5751
103126.554
103126.5314
103126.5075
103126.4825
103126.4566
103126.4299
103126.4026
103126.3749
103126.3471
103126.3193
103126.2917
103126.2645
103126.2379
103126.212
103126.187
103126.163
103126.1402
103126.1186
103126.0984
103126.0797
103126.0625
103126.0469
103126.0329
103126.0205
103126.0097
103126.0005
103125.9932
103125.9874
103125.9281
103124.4797
103119.3286
103119.327
103119.3225
103119.3154
103119.306
103119.2942
103119.2802
103119.2641
103119.2461
103119.2262
103119.2047
103119.1816
103119.1572
103119.1316
103119.1051
103119.0777
103119.0499
103119.0216
103118.9932
103118.9648
103118.9366
103118.9088
103118.8816
103118.8552
103118.8296
103118.8052
103118.7819
103118.76
103118.7395
103118.7204
103118.703
103118.6872
103118.673
103118.6606
103118.6498
103118.6407
103118.6334
103118.6279
103118.5389
103116.6961
103111.9837
103111.9821
103111.9775
103111.9702
103111.9605
103111.9485
103111.9341
103111.9176
103111.8991
103111.8787
103111.8566
103111.8329
103111.8078
103111.7816
103111.7544
103111.7263
103111.6977
103111.6688
103111.6396
103111.6105
103111.5816
103111.5532
103111.5253
103111.4982
103111.4721
103111.4471
103111.4233
103111.4009
103111.38
103111.3606
103111.3429
103111.3268
103111.3125
103111.2999
103111.2892
103111.2801
103111.273
103111.2678
103111.1345
103108.8855
103104.6405
103104.6389
103104.6342
103104.6268
103104.6168
103104.6044
103104.5896
103104.5726
103104.5535
103104.5325
103104.5097
103104.4854
103104.4596
103104.4326
103104.4045
103104.3757
103104.3463
103104.3165
103104.2865
103104.2565
103104.2268
103104.1976
103104.169
103104.1412
103104.1144
103104.0887
103104.0643
103104.0414
103104.02
103104.0002
103103.9821
103103.9658
103103.9513
103103.9386
103103.9278
103103.9187
103103.9117
103103.907
103103.7205
103101.0502
103097.2992
103097.2976
103097.2927
103097.2851
103097.2748
103097.2619
103097.2467
103097.2291
103097.2094
103097.1877
103097.1642
103097.139
103097.1124
103097.0845
103097.0556
103097.0258
103096.9955
103096.9647
103096.9338
103096.9029
103096.8723
103096.8421
103096.8126
103096.784
103096.7564
103096.73
103096.705
103096.6814
103096.6594
103096.6392
103096.6207
103096.604
103096.5893
103096.5764
103096.5656
103096.5566
103096.5497
103096.5452
103096.2978
103093.1934
103089.9597
103089.9581
103089.9531
103089.9452
103089.9346
103089.9213
103089.9055
103089.8873
103089.8669
103089.8444
103089.82
103089.7939
103089.7664
103089.7375
103089.7075
103089.6767
103089.6453
103089.6135
103089.5815
103089.5495
103089.5179
103089.4867
103089.4562
103089.4267
103089.3982
103089.371
103089.3452
103089.3209
103089.2983
103089.2775
103089.2586
103089.2416
103089.2265
103089.2135
103089.2026
103089.1935
103089.1867
103089.1824
103088.8672
103085.3168
103082.6222
103082.6207
103082.6155
103082.6073
103082.5962
103082.5824
103082.566
103082.5471
103082.5259
103082.5025
103082.4772
103082.4501
103082.4215
103082.3915
103082.3604
103082.3284
103082.2958
103082.2628
103082.2296
103082.1965
103082.1637
103082.1314
103082.0998
103082.0692
103082.0398
103082.0116
103081.985
103081.9599
103081.9367
103081.9152
103081.8958
103081.8784
103081.863
103081.8497
103081.8387
103081.8296
103081.8228
103081.8186
103081.4282
103077.4219
103075.2868
103075.2852
103075.2798
103075.2713
103075.2597
103075.2454
103075.2283
103075.2086
103075.1865
103075.1622
103075.1358
103075.1077
103075.0778
103075.0466
103075.0143
103074.981
103074.947
103074.9127
103074.8782
103074.8437
103074.8096
103074.7761
103074.7433
103074.7116
103074.6811
103074.6519
103074.6243
103074.5984
103074.5744
103074.5523
103074.5323
103074.5143
103074.4986
103074.4851
103074.4738
103074.4647
103074.458
103074.4536
103073.9807
103069.5107
103067.9534
103067.9519
103067.9463
103067.9374
103067.9253
103067.9103
103067.8925
103067.8719
103067.8489
103067.8235
103067.796
103067.7666
103067.7354
103067.7029
103067.6691
103067.6344
103067.599
103067.5632
103067.5272
103067.4913
103067.4558
103067.4209
103067.3868
103067.3538
103067.322
103067.2918
103067.2631
103067.2363
103067.2114
103067.1886
103067.1679
103067.1495
103067.1334
103067.1195
103067.1081
103067.0988
103067.0921
103067.0874
103066.5246
103061.5849
103060.6223
103060.6207
103060.6149
103060.6056
103060.593
103060.5773
103060.5586
103060.5371
103060.513
103060.4865
103060.4577
103060.4269
103060.3943
103060.3603
103060.325
103060.2887
103060.2517
103060.2143
103060.1767
103060.1392
103060.1022
103060.0657
103060.0302
103059.9958
103059.9627
103059.9312
103059.9014
103059.8736
103059.8478
103059.8241
103059.8028
103059.7838
103059.7672
103059.753
103059.7414
103059.732
103059.7253
103059.7199
103059.0595
103053.6459
103053.2935
103053.292
103053.2859
103053.2761
103053.2629
103053.2464
103053.2268
103053.2043
103053.179
103053.1512
103053.121
103053.0887
103053.0546
103053.0189
103052.9819
103052.9439
103052.9052
103052.866
103052.8267
103052.7875
103052.7487
103052.7106
103052.6735
103052.6376
103052.6031
103052.5702
103052.5392
103052.5102
103052.4834
103052.4589
103052.4368
103052.4171
103052.4001
103052.3855
103052.3737
103052.3642
103052.3576
103052.3511
103051.5851
103045.6944
103045.9672
103045.9656
103045.9592
103045.949
103045.9351
103045.9178
103045.8972
103045.8735
103045.847
103045.8177
103045.786
103045.7521
103045.7163
103045.6788
103045.64
103045.6001
103045.5595
103045.5184
103045.4771
103045.436
103045.3954
103045.3555
103045.3167
103045.2791
103045.243
103045.2087
103045.1764
103045.1462
103045.1182
103045.0928
103045.0698
103045.0495
103045.0319
103045.017
103045.0049
103044.9953
103044.9887
103044.9809
103044.1014
103037.7312
103038.6434
103038.6418
103038.6351
103038.6243
103038.6097
103038.5915
103038.5698
103038.5449
103038.517
103038.4862
103038.4528
103038.4172
103038.3795
103038.3401
103038.2992
103038.2573
103038.2146
103038.1714
103038.1281
103038.0849
103038.0423
103038.0004
103037.9597
103037.9203
103037.8826
103037.8467
103037.8129
103037.7814
103037.7523
103037.7257
103037.7019
103037.6809
103037.6627
103037.6473
103037.6349
103037.6252
103037.6188
103037.6094
103036.6085
103029.757
103031.3224
103031.3207
103031.3137
103031.3023
103031.2869
103031.2677
103031.2449
103031.2186
103031.1891
103031.1567
103031.1215
103031.0839
103031.0442
103031.0027
103030.9597
103030.9155
103030.8705
103030.8251
103030.7795
103030.7341
103030.6893
103030.6454
103030.6026
103030.5613
103030.5217
103030.4841
103030.4487
103030.4157
103030.3854
103030.3577
103030.333
103030.3111
103030.2923
103030.2765
103030.2637
103030.2539
103030.2475
103030.236
103029.107
103021.7723
103024.0042
103024.0025
103023.9951
103023.9831
103023.9668
103023.9465
103023.9224
103023.8947
103023.8635
103023.8293
103023.7921
103023.7525
103023.7106
103023.6667
103023.6214
103023.5748
103023.5274
103023.4795
103023.4314
103023.3837
103023.3365
103023.2902
103023.2452
103023.2018
103023.1603
103023.1208
103023.0838
103023.0493
103023.0175
103022.9887
103022.9629
103022.9402
103022.9207
103022.9044
103022.8913
103022.8812
103022.8747
103022.8606
103021.5967
103013.7775
103016.689
103016.6873
103016.6795
103016.6668
103016.6496
103016.6281
103016.6026
103016.5733
103016.5404
103016.5041
103016.4649
103016.4229
103016.3786
103016.3323
103016.2844
103016.2352
103016.1851
103016.1346
103016.0839
103016.0335
103015.9838
103015.935
103015.8877
103015.842
103015.7983
103015.7569
103015.718
103015.6819
103015.6486
103015.6185
103015.5916
103015.568
103015.5478
103015.5309
103015.5175
103015.5072
103015.5006
103015.4836
103014.0772
103005.7722
103009.3771
103009.3753
103009.367
103009.3536
103009.3354
103009.3127
103009.2857
103009.2546
103009.2197
103009.1813
103009.1398
103009.0954
103009.0485
103008.9995
103008.9488
103008.8968
103008.8438
103008.7904
103008.7368
103008.6836
103008.6312
103008.5798
103008.5298
103008.4817
103008.4357
103008.3922
103008.3513
103008.3134
103008.2786
103008.2471
103008.219
103008.1945
103008.1735
103008.1561
103008.1422
103008.1318
103008.1251
103008.1045
103006.5485
102997.7564
103002.0686
103002.0667
103002.058
103002.0437
103002.0244
103002.0003
103001.9717
103001.9387
103001.9017
103001.861
103001.817
103001.7699
103001.7202
103001.6683
103001.6146
103001.5595
103001.5035
103001.4469
103001.3903
103001.3341
103001.2786
103001.2243
103001.1717
103001.1209
103001.0725
103001.0266
103000.9837
103000.9439
103000.9074
103000.8744
103000.8451
103000.8195
103000.7977
103000.7797
103000.7655
103000.7549
103000.7482
103000.7236
102999.0106
102989.7302
102994.7637
102994.7618
102994.7525
102994.7374
102994.7169
102994.6913
102994.6608
102994.6258
102994.5866
102994.5434
102994.4966
102994.4467
102994.394
102994.3389
102994.282
102994.2235
102994.1642
102994.1043
102994.0443
102993.9848
102993.9261
102993.8687
102993.8131
102993.7595
102993.7085
102993.6602
102993.615
102993.5731
102993.5348
102993.5003
102993.4697
102993.443
102993.4203
102993.4017
102993.3871
102993.3763
102993.3698
102993.3406
102991.4636
102981.6937
102987.4627
102987.4607
102987.4508
102987.4347
102987.4129
102987.3857
102987.3534
102987.3162
102987.2744
102987.2285
102987.1788
102987.1258
102987.0698
102987.0113
102986.9509
102986.8889
102986.8259
102986.7623
102986.6988
102986.6357
102986.5736
102986.5129
102986.4541
102986.3975
102986.3436
102986.2926
102986.245
102986.201
102986.1608
102986.1246
102986.0926
102986.0648
102986.0413
102986.022
102986.007
102985.9961
102985.9898
102985.9557
102983.9072
102973.6475
102980.1658
102980.1637
102980.1532
102980.1361
102980.1129
102980.0839
102980.0495
102980.0099
102979.9655
102979.9166
102979.8638
102979.8074
102979.7478
102979.6857
102979.6214
102979.5555
102979.4886
102979.4212
102979.3538
102979.2869
102979.2211
102979.1568
102979.0945
102979.0347
102978.9777
102978.924
102978.8738
102978.8275
102978.7852
102978.7473
102978.7138
102978.6848
102978.6603
102978.6404
102978.625
102978.6139
102978.6076
102978.5678
102976.343
102965.5926
102972.8733
102972.8711
102972.8599
102972.8417
102972.817
102972.7861
102972.7494
102972.7072
102972.6599
102972.6079
102972.5516
102972.4915
102972.4282
102972.362
102972.2936
102972.2236
102972.1525
102972.0808
102972.0092
102971.9382
102971.8684
102971.8003
102971.7343
102971.671
102971.6107
102971.554
102971.5011
102971.4523
102971.4079
102971.3681
102971.333
102971.3028
102971.2774
102971.2568
102971.241
102971.2297
102971.2231
102971.1765
102968.771
102957.5296
102965.5855
102965.5832
102965.5713
102965.5518
102965.5255
102965.4925
102965.4534
102965.4084
102965.3579
102965.3025
102965.2425
102965.1784
102965.1109
102965.0405
102964.9677
102964.8931
102964.8175
102964.7413
102964.6651
102964.5897
102964.5156
102964.4433
102964.3733
102964.3063
102964.2426
102964.1826
102964.1268
102964.0754
102964.0287
102963.9869
102963.9502
102963.9186
102963.8922
102963.871
102963.8548
102963.8434
102963.8368
102963.7831
102961.1895
102949.4581
102958.3028
102958.3004
102958.2876
102958.2668
102958.2387
102958.2035
102958.1617
102958.1136
102958.0598
102958.0006
102957.9366
102957.8683
102957.7963
102957.7212
102957.6436
102957.5642
102957.4836
102957.4024
102957.3215
102957.2413
102957.1625
102957.0857
102957.0115
102956.9405
102956.873
102956.8096
102956.7507
102956.6965
102956.6473
102956.6034
102956.565
102956.5321
102956.5047
102956.4829
102956.4663
102956.4548
102956.4484
102956.3868
102953.599
102941.3781
102951.0254
102951.0229
102951.0093
102950.987
102950.9569
102950.9193
102950.8746
102950.8233
102950.7658
102950.7025
102950.6342
102950.5612
102950.4844
102950.4042
102950.3214
102950.2367
102950.1508
102950.0644
102949.9782
102949.8928
102949.809
102949.7275
102949.6487
102949.5734
102949.5019
102949.4348
102949.3725
102949.3154
102949.2636
102949.2176
102949.1773
102949.143
102949.1146
102949.0921
102949.0753
102949.0639
102949.0577
102948.9876
102945.9993
102933.2897
102943.754
102943.7512
102943.7366
102943.7128
102943.6806
102943.6404
102943.5926
102943.5377
102943.4761
102943.4085
102943.3354
102943.2575
102943.1753
102943.0897
102943.0013
102942.9109
102942.8192
102942.7271
102942.6352
102942.5443
102942.4551
102942.3684
102942.2848
102942.2048
102942.129
102942.058
102941.9922
102941.9318
102941.8773
102941.8289
102941.7868
102941.751
102941.7216
102941.6985
102941.6815
102941.6703
102941.6646
102941.5855
102938.3906
102925.1927
102936.4887
102936.4858
102936.4701
102936.4446
102936.4101
102936.367
102936.3158
102936.257
102936.1911
102936.1188
102936.0406
102935.9572
102935.8693
102935.7778
102935.6833
102935.5867
102935.4889
102935.3905
102935.2925
102935.1956
102935.1007
102935.0084
102934.9194
102934.8345
102934.7542
102934.679
102934.6093
102934.5456
102934.4882
102934.4373
102934.3931
102934.3558
102934.3254
102934.3017
102934.2846
102934.2738
102934.2689
102934.1806
102930.7727
102917.0873
102929.2303
102929.2271
102929.2103
102929.1829
102929.1459
102929.0997
102929.0448
102928.9818
102928.9112
102928.8337
102928.7499
102928.6606
102928.5665
102928.4686
102928.3675
102928.2642
102928.1596
102928.0546
102927.95
102927.8466
102927.7454
102927.6471
102927.5525
102927.4623
102927.3771
102927.2974
102927.2237
102927.1564
102927.0958
102927.0423
102926.996
102926.9571
102926.9256
102926.9014
102926.8843
102926.874
102926.8703
102926.7735
102923.1456
102908.974
102921.9791
102921.9757
102921.9576
102921.9282
102921.8884
102921.8388
102921.78
102921.7123
102921.6366
102921.5535
102921.4636
102921.3679
102921.2671
102921.1622
102921.054
102920.9435
102920.8316
102920.7193
102920.6075
102920.4972
102920.3893
102920.2845
102920.1838
102920.0879
102919.9974
102919.9129
102919.8349
102919.7638
102919.6999
102919.6435
102919.5949
102919.5543
102919.5218
102919.4972
102919.4801
102919.4703
102919.4673
102919.3607
102915.5129
102900.8542
102914.7359
102914.7321
102914.7126
102914.681
102914.6383
102914.585
102914.5217
102914.4491
102914.3678
102914.2785
102914.1821
102914.0794
102913.9714
102913.8589
102913.7429
102913.6245
102913.5047
102913.3846
102913.2651
102913.1472
102913.032
102912.9203
102912.8131
102912.7111
102912.6149
102912.5253
102912.4427
102912.3675
102912.3
102912.2405
102912.1895
102912.1471
102912.1135
102912.0884
102912.0716
102912.0624
102912.0597
102911.9427
102907.8742
102892.7277
102907.5012
102907.497
102907.476
102907.442
102907.396
102907.3387
102907.2707
102907.1926
102907.1052
102907.0093
102906.9058
102906.7955
102906.6794
102906.5587
102906.4343
102906.3074
102906.179
102906.0503
102905.9224
102905.7964
102905.6733
102905.5542
102905.4399
102905.3313
102905.2292
102905.1341
102905.0466
102904.967
102904.8956
102904.8328
102904.7791
102904.7348
102904.7
102904.6747
102904.6582
102904.6498
102904.6481
102904.5213
102900.2265
102884.5941
102900.2758
102900.2711
102900.2484
102900.2118
102900.1623
102900.1006
102900.0274
102899.9434
102899.8494
102899.7462
102899.6348
102899.5163
102899.3916
102899.2618
102899.1283
102898.9921
102898.8544
102898.7164
102898.5794
102898.4446
102898.313
102898.1858
102898.0639
102897.9484
102897.8398
102897.739
102897.6462
102897.5618
102897.4863
102897.4199
102897.3632
102897.3167
102897.2807
102897.2552
102897.2391
102897.2319
102897.2319
102897.0953
102892.5702
102876.453
102893.0606
102893.0553
102893.0307
102892.9912
102892.9379
102892.8714
102892.7925
102892.702
102892.6007
102892.4896
102892.3698
102892.2422
102892.108
102891.9685
102891.825
102891.6786
102891.5308
102891.3828
102891.2359
102891.0915
102890.9507
102890.8148
102890.6848
102890.5617
102890.4464
102890.3394
102890.241
102890.1516
102890.0714
102890.0009
102889.9408
102889.8918
102889.8545
102889.8289
102889.8135
102889.8081
102889.8102
102889.6643
102884.9052
102868.3041
102885.8564
102885.8504
102885.8238
102885.7811
102885.7235
102885.6518
102885.5667
102885.4691
102885.3599
102885.2402
102885.111
102884.9735
102884.8291
102884.6789
102884.5244
102884.367
102884.2082
102884.0492
102883.8916
102883.7368
102883.586
102883.4406
102883.3019
102883.1709
102883.0483
102882.9348
102882.8306
102882.7358
102882.6505
102882.5753
102882.5111
102882.4591
102882.4203
102882.3945
102882.3802
102882.3771
102882.3822
102882.2274
102877.2314
102860.1468
102878.6643
102878.6575
102878.6286
102878.5824
102878.5202
102878.4427
102878.3509
102878.2455
102878.1277
102877.9985
102877.8591
102877.7108
102877.555
102877.3932
102877.2268
102877.0574
102876.8864
102876.7156
102876.5463
102876.3801
102876.2185
102876.0629
102875.9148
102875.7752
102875.6451
102875.5249
102875.4146
102875.3139
102875.2229
102875.1421
102875.0729
102875.0171
102874.9764
102874.9504
102874.9376
102874.9378
102874.9466
102874.7847
102869.5486
102851.9803
102871.4853
102871.4775
102871.4462
102871.3962
102871.3289
102871.2451
102871.1458
102871.032
102870.9046
102870.765
102870.6145
102870.4544
102870.2862
102870.1116
102869.9321
102869.7495
102869.5655
102869.3816
102869.1995
102869.0209
102868.8475
102868.6809
102868.5226
102868.3741
102868.2361
102868.109
102867.9924
102867.8855
102867.788
102867.7004
102867.6249
102867.5641
102867.5208
102867.4943
102867.4838
102867.4884
102867.5023
102867.3354
102861.8573
102843.8036
102864.3209
102864.3119
102864.2778
102864.2236
102864.1507
102864.0601
102863.9526
102863.8294
102863.6917
102863.5407
102863.3779
102863.2048
102863.023
102862.8344
102862.6406
102862.4436
102862.2451
102862.0469
102861.8509
102861.6588
102861.4724
102861.2937
102861.1245
102860.9665
102860.8206
102860.6868
102860.564
102860.4505
102860.3453
102860.2493
102860.1653
102860.0975
102860.0505
102860.0234
102860.0161
102860.0269
102860.048
102859.8781
102854.1587
102835.6161
102857.1723
102857.162
102857.1248
102857.0659
102856.9869
102856.8887
102856.7723
102856.6389
102856.4897
102856.3262
102856.1499
102855.9625
102855.7658
102855.5617
102855.3522
102855.1393
102854.925
102854.7113
102854.4999
102854.2929
102854.0923
102853.9004
102853.7195
102853.5518
102853.398
102853.258
102853.1293
102853.009
102852.8948
102852.7876
102852.6919
102852.6141
102852.5613
102852.5334
102852.5307
102852.5504
102852.5817
102852.4122
102846.4527
102827.4175
102850.0413
102850.0293
102849.9886
102849.9247
102849.839
102849.7324
102849.6062
102849.4615
102849.2997
102849.1225
102848.9313
102848.7282
102848.515
102848.2939
102848.0671
102847.8368
102847.6052
102847.3744
102847.1463
102846.9229
102846.7065
102846.4998
102846.3062
102846.1283
102845.9674
102845.8222
102845.6888
102845.5615
102845.4361
102845.3141
102845.2017
102845.1088
102845.0471
102845.0181
102845.0222
102845.0547
102845.1009
102844.9386
102838.7403
102819.2084
102842.9297
102842.9156
102842.8711
102842.8015
102842.7083
102842.5926
102842.4556
102842.2985
102842.1229
102841.9305
102841.723
102841.5024
102841.2711
102841.0312
102840.7854
102840.5362
102840.2857
102840.0361
102839.7893
102839.5476
102839.3133
102839.0901
102838.8826
102838.6949
102838.5281
102838.3803
102838.2437
102838.1092
102837.9695
102837.8266
102837.6895
102837.5739
102837.4983
102837.468
102837.4824
102837.5346
102837.6037
102837.4566
102831.0227
102810.9901
102835.8395
102835.823
102835.7741
102835.6983
102835.5969
102835.4711
102835.3221
102835.1514
102834.9606
102834.7514
102834.5259
102834.2861
102834.0347
102833.7742
102833.5075
102833.2375
102832.9665
102832.6966
102832.4292
102832.1663
102831.911
102831.6683
102831.445
102831.2476
102831.0785
102830.9332
102830.7979
102830.6568
102830.4978
102830.324
102830.1495
102829.9986
102829.8999
102829.8682
102829.8991
102829.9824
102830.0866
102829.9608
102823.3008
102802.7654
102828.7731
102828.7536
102828.6998
102828.6169
102828.5064
102828.3695
102828.2075
102828.0218
102827.8143
102827.5867
102827.3412
102827.0802
102826.8067
102826.5236
102826.2341
102825.9411
102825.6472
102825.3546
102825.0642
102824.7776
102824.4982
102824.233
102823.9924
102823.7873
102823.6219
102823.4878
102823.3617
102823.2163
102823.0326
102822.8134
102822.58
102822.3709
102822.2334
102822.198
102822.2545
102822.3888
102822.5461
102822.4547
102815.5752
102794.5374
102821.7331
102821.7101
102821.6506
102821.5597
102821.4392
102821.29
102821.1136
102820.9116
102820.6856
102820.4378
102820.1703
102819.8859
102819.5876
102819.2789
102818.9638
102818.646
102818.3286
102818.0135
102817.7004
102817.3892
102817.0831
102816.792
102816.5325
102816.3216
102816.1666
102816.0543
102815.9471
102815.8011
102815.5893
102815.3084
102814.9884
102814.6848
102814.4798
102814.4311
102814.5282
102814.7437
102814.9825
102814.9438
102807.8444
102786.3112
102814.7228
102814.6953
102814.629
102814.5292
102814.3974
102814.2348
102814.0427
102813.8227
102813.5766
102813.3064
102813.0144
102812.7033
102812.377
102812.0403
102811.6988
102811.3579
102811.021
102810.6879
102810.3551
102810.0192
102809.6826
102809.3587
102809.0731
102808.8527
102808.7142
102808.638
102808.564
102808.4269
102808.1864
102807.8202
102807.3374
102806.8249
102806.5098
102806.4754
102806.6839
102807.0418
102807.4034
102807.4284
102800.1138
102778.0966
102807.7459
102807.7126
102807.6382
102807.528
102807.3837
102807.2061
102806.9968
102806.7571
102806.4889
102806.1938
102805.8744
102805.5344
102805.1791
102804.8155
102804.451
102804.0912
102803.739
102803.392
102803.0429
102802.6828
102802.3113
102801.9463
102801.625
102801.3894
102801.2721
102801.2442
102801.2152
102801.0935
102800.7904
102800.1775
102799.3433
102798.5947
102798.1392
102798.1251
102798.6183
102799.284
102799.8243
102799.9262
102792.3681
102769.9142
102800.8069
102800.7659
102800.6812
102800.5588
102800.4001
102800.2061
102799.9779
102799.7169
102799.4248
102799.1037
102798.7567
102798.3887
102798.0064
102797.6175
102797.2311
102796.8534
102796.4881
102796.1312
102795.7685
102795.3813
102794.9644
102794.5485
102794.1906
102793.9491
102793.8649
102793.8892
102793.8929
102793.6868
102793.0419
102792.1157
102791.2773
102790.6075
102790.0244
102789.7447
102790.3532
102791.4801
102792.2787
102792.4466
102784.5919
102761.8063
102793.9129
102793.8608
102793.7623
102793.6246
102793.4495
102793.2375
102792.9897
102792.7071
102792.3917
102792.0462
102791.6733
102791.2778
102790.8657
102790.4466
102790.0333
102789.6349
102789.2554
102788.8844
102788.4862
102788.0303
102787.5467
102787.0987
102786.7673
102786.5713
102786.5237
102786.5553
102786.3693
102785.7382
102784.9543
102784.2601
102783.6473
102782.995
102782.3283
102781.8586
102782.3535
102783.7731
102784.8286
102785.0206
102776.7416
102753.8384
102787.0703
102787.0036
102786.887
102786.7306
102786.537
102786.3063
102786.0392
102785.7362
102785.3984
102785.0272
102784.6217
102784.1829
102783.7176
102783.2438
102782.7859
102782.3507
102781.9137
102781.4291
102780.8723
102780.317
102779.8373
102779.4961
102779.3124
102779.1719
102779.1019
102778.8077
102778.1823
102777.5966
102777.1058
102776.6866
102776.1573
102775.447
102774.7784
102774.4109
102774.9099
102776.2654
102777.5387
102777.6741
102768.6109
102746.2137
102780.293
102780.2031
102780.0605
102779.8801
102779.6652
102779.4144
102779.1255
102778.7937
102778.4126
102777.9706
102777.4535
102776.8747
102776.2809
102775.7094
102775.1597
102774.5982
102773.9587
102773.224
102772.5306
102772.01
102771.644
102771.5563
102771.4502
102771.2885
102770.9607
102770.295
102769.8091
102769.4975
102769.1593
102768.8018
102768.1573
102767.54
102767.1559
102767.2441
102768.0919
102769.3435
102770.3772
102770.391
102760.0393
102739.1319
102773.5747
102773.4399
102773.237
102772.9922
102772.7157
102772.3988
102772.0192
102771.5393
102770.9283
102770.1853
102769.368
102768.571
102767.8556
102767.1955
102766.5028
102765.6794
102764.7372
102763.8498
102763.1976
102762.7494
102762.6002
102762.6258
102762.5016
102762.3284
102761.771
102761.1549
102760.6924
102760.1569
102759.3848
102758.4
102757.3168
102757.2167
102757.8785
102759.1964
102761.0118
102762.6104
102763.3022
102762.8127
102751.0576
102732.7257
102766.2666
102765.8274
102765.0746
102764.3178
102763.7208
102763.205
102762.5969
102761.7851
102760.7987
102759.7803
102758.8933
102758.1784
102757.5351
102756.8178
102755.8764
102754.7771
102753.7125
102752.8697
102752.2957
102751.881
102751.8219
102751.8482
102751.7303
102751.5855
102750.7881
102749.6714
102748.222
102746.0344
102743.1106
102739.7237
102736.611
102734.5867
102737.7903
102744.0981
102749.8625
102753.8684
102755.4018
102754.0409
102741.898
102727.0392
102752.2116
102749.4633
102745.8685
102743.826
102743.6842
102744.3083
102744.739
102744.7512
102744.5444
102744.3547
102744.1927
102743.9334
102743.4892
102742.7677
102741.69
102740.6185
102739.6488
102738.8258
102738.1747
102737.683
102737.4611
102737.4415
102737.3084
102737.0233
102735.1767
102732.1874
102727.9594
102721.6665
102712.9902
102701.8904
102690.1357
102681.7505
102679.2882
102701.4925
102723.5968
102737.8553
102742.8302
102743.9394
102733.037
102721.8359
102710.4058
102702.0566
102695.513
102694.8614
102699.8599
102705.5942
102710.4994
102714.1192
102716.7054
102718.4861
102719.4284
102719.6231
102719.3296
102718.826
102718.1073
102717.4176
102716.5549
102715.3499
102713.9731
102712.7243
102711.831
102711.3323
102711.1224
102710.6542
102707.8006
102702.4722
102694.9064
102683.2432
102665.6183
102640.6997
102610.1823
102582.3437
102569.3214
102592.0467
102652.2068
102703.9569
102727.3394
102732.7892
102725.0244
102716.2361
102618.9046
102611.575
102608.961
102616.1703
102626.5169
102637.035
102646.2079
102653.1129
102657.6064
102659.9562
102660.5302
102660.0635
102658.3447
102656.8454
102655.5272
102654.1723
102652.1644
102648.9786
102644.844
102640.3326
102636.2601
102633.4756
102632.1201
102631.7028
102632.3566
102633.0045
102632.2889
102622.8986
102605.7725
102576.8937
102535.1502
102488.6099
102456.4331
102448.0702
102507.8013
102610.9681
102692.7253
102719.4427
102716.9877
102707.9558
102527.3672
102521.3965
102519.5455
102521.5331
102523.9492
102525.8279
102526.3784
102525.9048
102524.4542
102520.6568
102515.4755
102508.9608
102501.6941
102494.3471
102487.6887
102482.1222
102477.453
102472.9094
102467.5978
102461.1943
102454.3574
102448.8603
102446.1922
102445.9451
102453.16
102463.7135
102479.0137
102495.503
102505.3937
102506.7031
102480.7654
102446.5965
102406.5616
102377.4942
102374.0002
102448.7024
102585.4903
102686.2678
102706.0521
102691.5625
102461.5245
102454.51
102448.7415
102441.8787
102433.2743
102423.6819
102414.0813
102405.1445
102397.0692
102389.7762
102382.7539
102375.6346
102368.5578
102361.7276
102355.6338
102350.6455
102346.7965
102343.748
102340.96
102337.9456
102334.4991
102330.8046
102327.3105
102324.6325
102323.3941
102326.3371
102333.7391
102346.3394
102364.333
102384.0164
102395.7398
102395.3018
102378.2308
102358.9062
102334.0981
102332.1998
102406.5352
102559.6484
102661.1757
102653.6934
102415.6783
102407.8293
102398.6527
102387.8792
102376.3592
102365.1099
102354.971
102346.2573
102338.8732
102332.6778
102327.3445
102322.6562
102318.666
102315.3745
102312.7558
102310.7257
102309.1444
102307.8469
102306.7217
102305.7462
102304.9052
102304.1164
102303.2521
102302.284
102301.4748
102301.1139
102301.0973
102302.0463
102303.7309
102307.2476
102313.3367
102321.0705
102326.5863
102325.427
102319.6418
102309.1723
102309.1485
102349.6516
102434.5015
102490.7688
102381.4131
102373.589
102363.9796
102354.3034
102345.2988
102337.3818
102330.6612
102324.9983
102320.1475
102315.8568
102311.985
102308.6143
102305.984
102304.1844
102303.0255
102302.2501
102301.6829
102301.236
102300.8913
102300.6549
102300.5055
102300.4016
102300.3008
102300.1911
102300.1084
102300.0702
102300.0582
102300.0568
102300.0579
102300.0604
102300.0634
102300.084
102300.3536
102301.2734
102302.7596
102302.1235
102300.6708
102300.0845
102300.0526
102300.0551
102335.3893
102333.226
102329.6545
102325.9655
102322.6182
102319.6822
102317.0838
102314.7126
102312.4405
102310.0652
102307.4571
102304.7787
102302.5917
102301.3397
102300.7646
102300.468
102300.2894
102300.1775
102300.1129
102300.0797
102300.0636
102300.055
102300.0482
102300.0402
102300.0323
102300.0269
102300.0255
102300.026
102300.0263
102300.0258
102300.0254
102300.0244
102300.0235
102300.0215
102300.0203
102300.0229
102300.022
102300.0204
102300.0242
102300.025
102303.4081
102304.279
102305.2801
102305.7964
102306.0336
102306.1669
102306.2689
102306.3524
102306.2876
102305.7786
102304.4782
102302.6278
102301.0951
102300.3959
102300.172
102300.0863
102300.0462
102300.0262
102300.016
102300.0104
102300.0072
102300.0054
102300.0039
102300.0017
102299.9983
102299.9952
102299.9943
102299.9945
102299.9949
102299.9956
102299.9959
102299.9959
102299.9948
102299.9935
102299.9931
102299.9927
102299.9922
102299.9921
102299.9924
102299.9938
102301.5958
102301.1859
102301.1469
102301.2101
102301.3447
102301.5501
102301.8461
102302.2475
102302.6341
102302.6877
102302.1413
102301.0492
102300.2904
102300.062
102300.0103
102299.9938
102299.986
102299.9806
102299.9761
102299.9727
102299.9705
102299.9693
102299.9683
102299.9669
102299.9648
102299.9628
102299.9622
102299.9625
102299.9629
102299.9629
102299.9627
102299.9623
102299.9621
102299.9623
102299.9624
102299.9625
102299.9623
102299.9619
102299.9615
102299.961
102301.2132
102300.6508
102300.4868
102300.4456
102300.4571
102300.5219
102300.6469
102300.8433
102301.0176
102300.9459
102300.5877
102300.1731
102299.9828
102299.9511
102299.9495
102299.9489
102299.9463
102299.9429
102299.9396
102299.9371
102299.9357
102299.9349
102299.9342
102299.9331
102299.9318
102299.9309
102299.9309
102299.9312
102299.9315
102299.9318
102299.9318
102299.9316
102299.9311
102299.9303
102299.9301
102299.9301
102299.9301
102299.9303
102299.9307
102299.9309
102300.9915
102300.437
102300.2578
102300.1858
102300.156
102300.1571
102300.1788
102300.2028
102300.1895
102300.0997
102299.9762
102299.9008
102299.8913
102299.9013
102299.9081
102299.9101
102299.909
102299.9068
102299.9046
102299.903
102299.9021
102299.9016
102299.9011
102299.9005
102299.8999
102299.8996
102299.8996
102299.8997
102299.8999
102299.8999
102299.8998
102299.8997
102299.8995
102299.8994
102299.8992
102299.8991
102299.899
102299.8986
102299.8984
102299.8986
102300.8342
102300.3148
102300.1277
102300.0433
102299.994
102299.9619
102299.9362
102299.9093
102299.878
102299.8469
102299.8311
102299.8372
102299.8527
102299.8648
102299.871
102299.8732
102299.8731
102299.8719
102299.8704
102299.8693
102299.8688
102299.8687
102299.8686
102299.8685
102299.8683
102299.8682
102299.8681
102299.8682
102299.8683
102299.8684
102299.8684
102299.8682
102299.8681
102299.8678
102299.8677
102299.8677
102299.8676
102299.8677
102299.8678
102299.8677
102300.7128
102300.2228
102300.0352
102299.9493
102299.8971
102299.8603
102299.832
102299.8097
102299.7944
102299.7895
102299.7962
102299.8093
102299.8221
102299.8309
102299.8358
102299.8378
102299.8379
102299.8372
102299.8364
102299.8359
102299.836
102299.8363
102299.8366
102299.8367
102299.8367
102299.8367
102299.8367
102299.8367
102299.8368
102299.8368
102299.8368
102299.8367
102299.8366
102299.8365
102299.8364
102299.8363
102299.8362
102299.8361
102299.8361
102299.8361
102300.6086
102300.1499
102299.9652
102299.8837
102299.8368
102299.8057
102299.7832
102299.7693
102299.764
102299.766
102299.7735
102299.7832
102299.7917
102299.7977
102299.8012
102299.8028
102299.8032
102299.803
102299.803
102299.8032
102299.8038
102299.8044
102299.8048
102299.805
102299.8051
102299.8051
102299.8052
102299.8052
102299.8053
102299.8053
102299.8053
102299.8052
102299.8051
102299.805
102299.8049
102299.8049
102299.8048
102299.8048
102299.8048
102299.8048
102300.5101
102300.0887
102299.9092
102299.8337
102299.793
102299.7669
102299.7509
102299.7431
102299.7414
102299.7438
102299.749
102299.7552
102299.7607
102299.7646
102299.7671
102299.7685
102299.7692
102299.7698
102299.7705
102299.7712
102299.772
102299.7726
102299.7731
102299.7733
102299.7735
102299.7736
102299.7736
102299.7737
102299.7737
102299.7738
102299.7737
102299.7737
102299.7736
102299.7736
102299.7735
102299.7735
102299.7734
102299.7734
102299.7734
102299.7734
102300.4117
102300.0333
102299.8605
102299.7907
102299.7552
102299.7339
102299.7226
102299.718
102299.7171
102299.7186
102299.7217
102299.7254
102299.7288
102299.7315
102299.7335
102299.7351
102299.7364
102299.7376
102299.7386
102299.7395
102299.7403
102299.7409
102299.7414
102299.7417
102299.7419
102299.742
102299.7421
102299.7422
102299.7422
102299.7422
102299.7422
102299.7422
102299.7422
102299.7421
102299.7421
102299.742
102299.742
102299.742
102299.742
102299.742
102300.3112
102299.9802
102299.8154
102299.7509
102299.7193
102299.7019
102299.6938
102299.6908
102299.6898
102299.6903
102299.692
102299.6942
102299.6966
102299.6988
102299.701
102299.7029
102299.7045
102299.7059
102299.707
102299.7079
102299.7087
102299.7093
102299.7098
102299.7101
102299.7103
102299.7105
102299.7106
102299.7106
102299.7107
102299.7107
102299.7107
102299.7107
102299.7107
102299.7107
102299.7106
102299.7106
102299.7106
102299.7106
102299.7106
102299.7106
102300.2076
102299.9275
102299.7713
102299.7114
102299.6831
102299.6691
102299.6636
102299.6611
102299.6599
102299.66
102299.661
102299.6627
102299.6648
102299.6671
102299.6693
102299.6713
102299.673
102299.6744
102299.6755
102299.6764
102299.6771
102299.6777
102299.6782
102299.6785
102299.6787
102299.6789
102299.679
102299.6791
102299.6792
102299.6792
102299.6792
102299.6793
102299.6792
102299.6792
102299.6792
102299.6792
102299.6792
102299.6792
102299.6791
102299.6791
102300.0999
102299.8734
102299.7258
102299.6708
102299.6458
102299.6357
102299.6319
102299.6298
102299.6288
102299.6289
102299.63
102299.6317
102299.6339
102299.6361
102299.6382
102299.6401
102299.6417
102299.643
102299.644
102299.6449
102299.6456
102299.6461
102299.6466
102299.6469
102299.6472
102299.6474
102299.6475
102299.6476
102299.6477
102299.6477
102299.6478
102299.6478
102299.6478
102299.6478
102299.6478
102299.6477
102299.6477
102299.6477
102299.6477
102299.6477
102299.9874
102299.8156
102299.6783
102299.6286
102299.6084
102299.6026
102299.5998
102299.5982
102299.5978
102299.5983
102299.5995
102299.6013
102299.6034
102299.6054
102299.6073
102299.609
102299.6104
102299.6116
102299.6126
102299.6134
102299.6141
102299.6146
102299.615
102299.6154
102299.6156
102299.6158
102299.616
102299.6161
102299.6162
102299.6162
102299.6163
102299.6163
102299.6163
102299.6163
102299.6163
102299.6163
102299.6163
102299.6163
102299.6163
102299.6163
102299.871
102299.7514
102299.6307
102299.5855
102299.5732
102299.5699
102299.568
102299.5672
102299.5673
102299.5682
102299.5695
102299.5712
102299.573
102299.5748
102299.5764
102299.5779
102299.5792
102299.5802
102299.5812
102299.5819
102299.5826
102299.5831
102299.5835
102299.5838
102299.5841
102299.5843
102299.5845
102299.5846
102299.5847
102299.5847
102299.5848
102299.5848
102299.5849
102299.5849
102299.5849
102299.5849
102299.5849
102299.5849
102299.5849
102299.5849
102299.7537
102299.6782
102299.5816
102299.545
102299.5402
102299.5381
102299.5371
102299.5369
102299.5374
102299.5383
102299.5395
102299.541
102299.5425
102299.5441
102299.5455
102299.5468
102299.5479
102299.5489
102299.5498
102299.5505
102299.5511
102299.5516
102299.552
102299.5523
102299.5526
102299.5528
102299.553
102299.5531
102299.5532
102299.5533
102299.5533
102299.5534
102299.5534
102299.5534
102299.5534
102299.5534
102299.5534
102299.5534
102299.5534
102299.5534
102299.6415
102299.5999
102299.53
102299.5106
102299.5083
102299.5072
102299.5068
102299.507
102299.5075
102299.5083
102299.5094
102299.5107
102299.512
102299.5133
102299.5145
102299.5157
102299.5167
102299.5176
102299.5184
102299.5191
102299.5196
102299.5201
102299.5205
102299.5208
102299.5211
102299.5213
102299.5215
102299.5216
102299.5217
102299.5218
102299.5219
102299.5219
102299.5219
102299.522
102299.522
102299.522
102299.522
102299.522
102299.522
102299.522
102299.5433
102299.5274
102299.4839
102299.4785
102299.4773
102299.4768
102299.4767
102299.477
102299.4775
102299.4782
102299.4791
102299.4802
102299.4813
102299.4825
102299.4836
102299.4846
102299.4855
102299.4863
102299.487
102299.4877
102299.4882
102299.4887
102299.489
102299.4893
102299.4896
102299.4898
102299.49
102299.4901
102299.4902
102299.4903
102299.4904
102299.4904
102299.4905
102299.4905
102299.4905
102299.4905
102299.4905
102299.4906
102299.4906
102299.4906
102299.4677
102299.4631
102299.4488
102299.4473
102299.4468
102299.4465
102299.4466
102299.4468
102299.4473
102299.4479
102299.4487
102299.4496
102299.4506
102299.4516
102299.4526
102299.4535
102299.4543
102299.455
102299.4557
102299.4563
102299.4568
102299.4572
102299.4576
102299.4579
102299.4581
102299.4583
102299.4585
102299.4586
102299.4588
102299.4588
102299.4589
102299.459
102299.459
102299.4591
102299.4591
102299.4591
102299.4591
102299.4591
102299.4591
102299.4591
102299.4202
102299.4191
102299.4171
102299.4166
102299.4163
102299.4162
102299.4162
102299.4165
102299.4169
102299.4175
102299.4182
102299.419
102299.4198
102299.4207
102299.4215
102299.4223
102299.4231
102299.4238
102299.4244
102299.4249
102299.4254
102299.4258
102299.4261
102299.4264
102299.4267
102299.4269
102299.427
102299.4272
102299.4273
102299.4274
102299.4275
102299.4275
102299.4276
102299.4276
102299.4276
102299.4276
102299.4277
102299.4277
102299.4277
102299.4277
102299.3865
102299.3862
102299.3861
102299.3859
102299.3858
102299.3857
102299.3858
102299.386
102299.3864
102299.3869
102299.3875
102299.3882
102299.389
102299.3897
102299.3905
102299.3912
102299.3919
102299.3925
102299.393
102299.3935
102299.394
102299.3944
102299.3947
102299.395
102299.3952
102299.3954
102299.3956
102299.3957
102299.3958
102299.3959
102299.396
102299.3961
102299.3961
102299.3962
102299.3962
102299.3962
102299.3962
102299.3962
102299.3962
102299.3962
102299.3551
102299.3551
102299.3553
102299.3552
102299.3551
102299.3551
102299.3552
102299.3555
102299.3558
102299.3563
102299.3568
102299.3574
102299.3581
102299.3588
102299.3594
102299.3601
102299.3607
102299.3612
102299.3617
102299.3622
102299.3626
102299.363
102299.3633
102299.3635
102299.3638
102299.364
102299.3641
102299.3643
102299.3644
102299.3645
102299.3646
102299.3646
102299.3647
102299.3647
102299.3647
102299.3648
102299.3648
102299.3648
102299.3648
102299.3648
102299.3242
102299.3243
102299.3245
102299.3245
102299.3244
102299.3245
102299.3246
102299.3248
102299.3251
102299.3255
102299.326
102299.3266
102299.3271
102299.3277
102299.3283
102299.3289
102299.3294
102299.3299
102299.3304
102299.3308
102299.3312
102299.3316
102299.3318
102299.3321
102299.3323
102299.3325
102299.3327
102299.3328
102299.3329
102299.333
102299.3331
102299.3332
102299.3332
102299.3333
102299.3333
102299.3333
102299.3333
102299.3334
102299.3334
102299.3334
102299.2934
102299.2935
102299.2936
102299.2936
102299.2937
102299.2937
102299.2939
102299.2941
102299.2944
102299.2947
102299.2952
102299.2957
102299.2962
102299.2967
102299.2972
102299.2977
102299.2982
102299.2987
102299.2991
102299.2995
102299.2998
102299.3002
102299.3004
102299.3007
102299.3009
102299.3011
102299.3012
102299.3014
102299.3015
102299.3016
102299.3017
102299.3017
102299.3018
102299.3018
102299.3019
102299.3019
102299.3019
102299.3019
102299.3019
102299.3019
102299.2626
102299.2627
102299.2628
102299.2628
102299.2628
102299.2629
102299.2631
102299.2633
102299.2635
102299.2639
102299.2643
102299.2647
102299.2651
102299.2656
102299.2661
102299.2665
102299.267
102299.2674
102299.2678
102299.2682
102299.2685
102299.2688
102299.269
102299.2693
102299.2695
102299.2696
102299.2698
102299.2699
102299.27
102299.2701
102299.2702
102299.2703
102299.2703
102299.2704
102299.2704
102299.2705
102299.2705
102299.2705
102299.2705
102299.2705
102299.2317
102299.2318
102299.2319
102299.2319
102299.232
102299.232
102299.2322
102299.2324
102299.2326
102299.2329
102299.2333
102299.2337
102299.2341
102299.2345
102299.2349
102299.2353
102299.2357
102299.2361
102299.2365
102299.2368
102299.2371
102299.2374
102299.2376
102299.2379
102299.2381
102299.2382
102299.2384
102299.2385
102299.2386
102299.2387
102299.2388
102299.2389
102299.2389
102299.239
102299.239
102299.239
102299.239
102299.2391
102299.2391
102299.2391
102299.2008
102299.2009
102299.2009
102299.201
102299.201
102299.2011
102299.2013
102299.2015
102299.2017
102299.202
102299.2023
102299.2026
102299.203
102299.2034
102299.2038
102299.2041
102299.2045
102299.2048
102299.2052
102299.2055
102299.2058
102299.206
102299.2062
102299.2065
102299.2066
102299.2068
102299.2069
102299.2071
102299.2072
102299.2073
102299.2074
102299.2074
102299.2075
102299.2075
102299.2076
102299.2076
102299.2076
102299.2076
102299.2076
102299.2076
102299.1698
102299.1699
102299.1699
102299.17
102299.1701
102299.1702
102299.1703
102299.1705
102299.1707
102299.171
102299.1712
102299.1716
102299.1719
102299.1722
102299.1726
102299.1729
102299.1732
102299.1736
102299.1739
102299.1741
102299.1744
102299.1746
102299.1749
102299.1751
102299.1752
102299.1754
102299.1755
102299.1756
102299.1758
102299.1758
102299.1759
102299.176
102299.176
102299.1761
102299.1761
102299.1762
102299.1762
102299.1762
102299.1762
102299.1762
102299.1389
102299.1389
102299.1389
102299.139
102299.1391
102299.1392
102299.1393
102299.1395
102299.1397
102299.1399
102299.1402
102299.1404
102299.1407
102299.1411
102299.1414
102299.1417
102299.142
102299.1423
102299.1425
102299.1428
102299.143
102299.1433
102299.1435
102299.1437
102299.1438
102299.144
102299.1441
102299.1442
102299.1443
102299.1444
102299.1445
102299.1446
102299.1446
102299.1447
102299.1447
102299.1447
102299.1448
102299.1448
102299.1448
102299.1448
102299.1078
102299.1079
102299.1079
102299.108
102299.1081
102299.1082
102299.1083
102299.1084
102299.1086
102299.1088
102299.1091
102299.1093
102299.1096
102299.1099
102299.1101
102299.1104
102299.1107
102299.111
102299.1112
102299.1115
102299.1117
102299.1119
102299.1121
102299.1123
102299.1124
102299.1126
102299.1127
102299.1128
102299.1129
102299.113
102299.1131
102299.1131
102299.1132
102299.1132
102299.1133
102299.1133
102299.1133
102299.1133
102299.1134
102299.1134
102299.0768
102299.0768
102299.0769
102299.0769
102299.077
102299.0771
102299.0772
102299.0774
102299.0775
102299.0777
102299.0779
102299.0782
102299.0784
102299.0787
102299.0789
102299.0792
102299.0794
102299.0797
102299.0799
102299.0801
102299.0803
102299.0805
102299.0807
102299.0809
102299.081
102299.0812
102299.0813
102299.0814
102299.0815
102299.0816
102299.0817
102299.0817
102299.0818
102299.0818
102299.0819
102299.0819
102299.0819
102299.0819
102299.0819
102299.0819
102299.0457
102299.0457
102299.0458
102299.0458
102299.0459
102299.046
102299.0461
102299.0462
102299.0464
102299.0466
102299.0468
102299.047
102299.0472
102299.0474
102299.0477
102299.0479
102299.0481
102299.0484
102299.0486
102299.0488
102299.049
102299.0492
102299.0493
102299.0495
102299.0496
102299.0498
102299.0499
102299.05
102299.0501
102299.0502
102299.0502
102299.0503
102299.0503
102299.0504
102299.0504
102299.0505
102299.0505
102299.0505
102299.0505
102299.0505
102299.0146
102299.0146
102299.0147
102299.0147
102299.0148
102299.0149
102299.015
102299.0151
102299.0153
102299.0154
102299.0156
102299.0158
102299.016
102299.0162
102299.0164
102299.0166
102299.0169
102299.0171
102299.0173
102299.0175
102299.0176
102299.0178
102299.018
102299.0181
102299.0183
102299.0184
102299.0185
102299.0186
102299.0187
102299.0188
102299.0188
102299.0189
102299.0189
102299.019
102299.019
102299.019
102299.0191
102299.0191
102299.0191
102299.0191
102298.9835
102298.9835
102298.9835
102298.9836
102298.9837
102298.9837
102298.9838
102298.984
102298.9841
102298.9842
102298.9844
102298.9846
102298.9848
102298.985
102298.9852
102298.9854
102298.9856
102298.9857
102298.9859
102298.9861
102298.9863
102298.9864
102298.9866
102298.9867
102298.9869
102298.987
102298.9871
102298.9872
102298.9873
102298.9873
102298.9874
102298.9875
102298.9875
102298.9876
102298.9876
102298.9876
102298.9876
102298.9877
102298.9877
102298.9877
102298.9523
102298.9524
102298.9524
102298.9524
102298.9525
102298.9526
102298.9527
102298.9528
102298.9529
102298.9531
102298.9532
102298.9534
102298.9535
102298.9537
102298.9539
102298.9541
102298.9543
102298.9544
102298.9546
102298.9548
102298.9549
102298.9551
102298.9552
102298.9554
102298.9555
102298.9556
102298.9557
102298.9558
102298.9559
102298.9559
102298.956
102298.9561
102298.9561
102298.9561
102298.9562
102298.9562
102298.9562
102298.9562
102298.9563
102298.9563
102298.9212
102298.9212
102298.9212
102298.9213
102298.9213
102298.9214
102298.9215
102298.9216
102298.9217
102298.9218
102298.922
102298.9221
102298.9223
102298.9224
102298.9226
102298.9228
102298.9229
102298.9231
102298.9233
102298.9234
102298.9236
102298.9237
102298.9239
102298.924
102298.9241
102298.9242
102298.9243
102298.9244
102298.9245
102298.9245
102298.9246
102298.9246
102298.9247
102298.9247
102298.9248
102298.9248
102298.9248
102298.9248
102298.9248
102298.9249
102298.89
102298.89
102298.89
102298.8901
102298.8901
102298.8902
102298.8903
102298.8904
102298.8905
102298.8906
102298.8907
102298.8909
102298.891
102298.8912
102298.8913
102298.8915
102298.8916
102298.8918
102298.8919
102298.8921
102298.8922
102298.8924
102298.8925
102298.8926
102298.8927
102298.8928
102298.8929
102298.893
102298.8931
102298.8931
102298.8932
102298.8932
102298.8933
102298.8933
102298.8934
102298.8934
102298.8934
102298.8934
102298.8934
102298.8934
102298.8588
102298.8588
102298.8588
102298.8589
102298.8589
102298.859
102298.8591
102298.8592
102298.8593
102298.8594
102298.8595
102298.8596
102298.8598
102298.8599
102298.86
102298.8602
102298.8603
102298.8605
102298.8606
102298.8607
102298.8609
102298.861
102298.8611
102298.8612
102298.8613
102298.8614
102298.8615
102298.8616
102298.8617
102298.8617
102298.8618
102298.8618
102298.8619
102298.8619
102298.862
102298.862
102298.862
102298.862
102298.862
102298.862
102298.8276
102298.8276
102298.8276
102298.8277
102298.8277
102298.8278
102298.8278
102298.8279
102298.828
102298.8281
102298.8282
102298.8284
102298.8285
102298.8286
102298.8287
102298.8289
102298.829
102298.8291
102298.8293
102298.8294
102298.8295
102298.8296
102298.8297
102298.8298
102298.8299
102298.83
102298.8301
102298.8302
102298.8303
102298.8303
102298.8304
102298.8304
102298.8305
102298.8305
102298.8306
102298.8306
102298.8306
102298.8306
102298.8306
102298.8306
102298.7964
102298.7964
102298.7964
102298.7964
102298.7965
102298.7965
102298.7966
102298.7967
102298.7968
102298.7969
102298.797
102298.7971
102298.7972
102298.7973
102298.7974
102298.7976
102298.7977
102298.7978
102298.7979
102298.798
102298.7982
102298.7983
102298.7984
102298.7985
102298.7986
102298.7987
102298.7987
102298.7988
102298.7989
102298.7989
102298.799
102298.799
102298.7991
102298.7991
102298.7991
102298.7992
102298.7992
102298.7992
102298.7992
102298.7992
102298.7651
102298.7651
102298.7652
102298.7652
102298.7652
102298.7653
102298.7653
102298.7654
102298.7655
102298.7656
102298.7657
102298.7658
102298.7659
102298.766
102298.7661
102298.7662
102298.7663
102298.7665
102298.7666
102298.7667
102298.7668
102298.7669
102298.767
102298.7671
102298.7672
102298.7673
102298.7673
102298.7674
102298.7675
102298.7675
102298.7676
102298.7676
102298.7677
102298.7677
102298.7677
102298.7678
102298.7678
102298.7678
102298.7678
102298.7678
102298.7339
102298.7339
102298.7339
102298.7339
102298.734
102298.734
102298.7341
102298.7341
102298.7342
102298.7343
102298.7344
102298.7345
102298.7346
102298.7347
102298.7348
102298.7349
102298.735
102298.7351
102298.7352
102298.7353
102298.7354
102298.7355
102298.7356
102298.7357
102298.7358
102298.7359
102298.736
102298.736
102298.7361
102298.7361
102298.7362
102298.7362
102298.7363
102298.7363
102298.7363
102298.7364
102298.7364
102298.7364
102298.7364
102298.7364
102298.7026
102298.7026
102298.7026
102298.7027
102298.7027
102298.7027
102298.7028
102298.7029
102298.7029
102298.703
102298.7031
102298.7032
102298.7033
102298.7034
102298.7035
102298.7036
102298.7037
102298.7038
102298.7039
102298.704
102298.7041
102298.7042
102298.7043
102298.7043
102298.7044
102298.7045
102298.7046
102298.7046
102298.7047
102298.7048
102298.7048
102298.7049
102298.7049
102298.7049
102298.705
102298.705
102298.705
102298.705
102298.705
102298.705
102298.6713
102298.6713
102298.6714
102298.6714
102298.6714
102298.6715
102298.6715
102298.6716
102298.6716
102298.6717
102298.6718
102298.6719
102298.672
102298.6721
102298.6722
102298.6722
102298.6723
102298.6724
102298.6725
102298.6726
102298.6727
102298.6728
102298.6729
102298.673
102298.6731
102298.6731
102298.6732
102298.6733
102298.6733
102298.6734
102298.6734
102298.6735
102298.6735
102298.6735
102298.6736
102298.6736
102298.6736
102298.6736
102298.6736
102298.6736
102298.64
102298.6401
102298.6401
102298.6401
102298.6401
102298.6402
102298.6402
102298.6403
102298.6403
102298.6404
102298.6405
102298.6406
102298.6406
102298.6407
102298.6408
102298.6409
102298.641
102298.6411
102298.6412
102298.6413
102298.6414
102298.6414
102298.6415
102298.6416
102298.6417
102298.6417
102298.6418
102298.6419
102298.6419
102298.642
102298.642
102298.6421
102298.6421
102298.6421
102298.6422
102298.6422
102298.6422
102298.6422
102298.6422
102298.6422
102298.6088
102298.6088
102298.6088
102298.6088
102298.6088
102298.6089
102298.6089
102298.609
102298.609
102298.6091
102298.6092
102298.6092
102298.6093
102298.6094
102298.6095
102298.6096
102298.6097
102298.6097
102298.6098
102298.6099
102298.61
102298.6101
102298.6102
102298.6102
102298.6103
102298.6104
102298.6104
102298.6105
102298.6105
102298.6106
102298.6106
102298.6107
102298.6107
102298.6107
102298.6108
102298.6108
102298.6108
102298.6108
102298.6108
102298.6108
102298.5775
102298.5775
102298.5775
102298.5775
102298.5775
102298.5776
102298.5776
102298.5777
102298.5777
102298.5778
102298.5778
102298.5779
102298.578
102298.5781
102298.5781
102298.5782
102298.5783
102298.5784
102298.5785
102298.5786
102298.5786
102298.5787
102298.5788
102298.5789
102298.5789
102298.579
102298.5791
102298.5791
102298.5792
102298.5792
102298.5793
102298.5793
102298.5793
102298.5794
102298.5794
102298.5794
102298.5794
102298.5794
102298.5794
102298.5794
102298.5461
102298.5462
102298.5462
102298.5462
102298.5462
102298.5463
102298.5463
102298.5463
102298.5464
102298.5465
102298.5465
102298.5466
102298.5467
102298.5467
102298.5468
102298.5469
102298.547
102298.547
102298.5471
102298.5472
102298.5473
102298.5473
102298.5474
102298.5475
102298.5476
102298.5476
102298.5477
102298.5477
102298.5478
102298.5478
102298.5479
102298.5479
102298.5479
102298.548
102298.548
102298.548
102298.548
102298.548
102298.548
102298.5481
102298.5148
102298.5148
102298.5149
102298.5149
102298.5149
102298.5149
102298.515
102298.515
102298.5151
102298.5151
102298.5152
102298.5152
102298.5153
102298.5154
102298.5155
102298.5155
102298.5156
102298.5157
102298.5158
102298.5158
102298.5159
102298.516
102298.516
102298.5161
102298.5162
102298.5162
102298.5163
102298.5163
102298.5164
102298.5164
102298.5165
102298.5165
102298.5166
102298.5166
102298.5166
102298.5166
102298.5166
102298.5167
102298.5167
102298.5167
102298.4835
102298.4835
102298.4835
102298.4835
102298.4836
102298.4836
102298.4836
102298.4837
102298.4837
102298.4838
102298.4838
102298.4839
102298.484
102298.484
102298.4841
102298.4842
102298.4843
102298.4843
102298.4844
102298.4845
102298.4845
102298.4846
102298.4847
102298.4847
102298.4848
102298.4849
102298.4849
102298.485
102298.485
102298.4851
102298.4851
102298.4851
102298.4852
102298.4852
102298.4852
102298.4852
102298.4853
102298.4853
102298.4853
102298.4853
102298.4522
102298.4522
102298.4522
102298.4522
102298.4522
102298.4523
102298.4523
102298.4523
102298.4524
102298.4524
102298.4525
102298.4526
102298.4526
102298.4527
102298.4528
102298.4528
102298.4529
102298.453
102298.453
102298.4531
102298.4532
102298.4532
102298.4533
102298.4534
102298.4534
102298.4535
102298.4535
102298.4536
102298.4536
102298.4537
102298.4537
102298.4538
102298.4538
102298.4538
102298.4538
102298.4539
102298.4539
102298.4539
102298.4539
102298.4539
102298.4208
102298.4208
102298.4209
102298.4209
102298.4209
102298.4209
102298.421
102298.421
102298.4211
102298.4211
102298.4212
102298.4212
102298.4213
102298.4213
102298.4214
102298.4215
102298.4215
102298.4216
102298.4217
102298.4217
102298.4218
102298.4219
102298.4219
102298.422
102298.4221
102298.4221
102298.4222
102298.4222
102298.4223
102298.4223
102298.4223
102298.4224
102298.4224
102298.4224
102298.4225
102298.4225
102298.4225
102298.4225
102298.4225
102298.4225
102298.3895
102298.3895
102298.3895
102298.3895
102298.3896
102298.3896
102298.3896
102298.3897
102298.3897
102298.3897
102298.3898
102298.3899
102298.3899
102298.39
102298.39
102298.3901
102298.3902
102298.3902
102298.3903
102298.3904
102298.3904
102298.3905
102298.3906
102298.3906
102298.3907
102298.3907
102298.3908
102298.3908
102298.3909
102298.3909
102298.391
102298.391
102298.391
102298.391
102298.3911
102298.3911
102298.3911
102298.3911
102298.3911
102298.3911
102298.3581
102298.3582
102298.3582
102298.3582
102298.3582
102298.3582
102298.3583
102298.3583
102298.3583
102298.3584
102298.3584
102298.3585
102298.3586
102298.3586
102298.3587
102298.3587
102298.3588
102298.3589
102298.3589
102298.359
102298.3591
102298.3591
102298.3592
102298.3592
102298.3593
102298.3594
102298.3594
102298.3595
102298.3595
102298.3595
102298.3596
102298.3596
102298.3596
102298.3597
102298.3597
102298.3597
102298.3597
102298.3597
102298.3597
102298.3597
102298.3268
102298.3268
102298.3268
102298.3268
102298.3268
102298.3269
102298.3269
102298.3269
102298.327
102298.327
102298.3271
102298.3271
102298.3272
102298.3273
102298.3273
102298.3274
102298.3274
102298.3275
102298.3276
102298.3276
102298.3277
102298.3278
102298.3278
102298.3279
102298.3279
102298.328
102298.328
102298.3281
102298.3281
102298.3282
102298.3282
102298.3282
102298.3283
102298.3283
102298.3283
102298.3283
102298.3283
102298.3284
102298.3284
102298.3284
102298.2954
102298.2954
102298.2954
102298.2955
102298.2955
102298.2955
102298.2955
102298.2956
102298.2956
102298.2957
102298.2957
102298.2958
102298.2958
102298.2959
102298.2959
102298.296
102298.2961
102298.2961
102298.2962
102298.2963
102298.2963
102298.2964
102298.2964
102298.2965
102298.2966
102298.2966
102298.2967
102298.2967
102298.2967
102298.2968
102298.2968
102298.2969
102298.2969
102298.2969
102298.2969
102298.297
102298.297
102298.297
102298.297
102298.297
102298.2641
102298.2641
102298.2641
102298.2641
102298.2641
102298.2641
102298.2642
102298.2642
102298.2643
102298.2643
102298.2643
102298.2644
102298.2645
102298.2645
102298.2646
102298.2646
102298.2647
102298.2648
102298.2648
102298.2649
102298.2649
102298.265
102298.2651
102298.2651
102298.2652
102298.2652
102298.2653
102298.2653
102298.2654
102298.2654
102298.2655
102298.2655
102298.2655
102298.2655
102298.2656
102298.2656
102298.2656
102298.2656
102298.2656
102298.2656
)
;

boundaryField
{
    front
    {
        type            wedge;
    }
    back
    {
        type            wedge;
    }
    tankWall
    {
        type            fixedFluxPressure;
        gradient        uniform 0;
        value           nonuniform List<scalar> 
120
(
103162.6555
103155.1969
103147.5974
103139.9384
103132.2299
103124.4797
103116.6961
103108.8855
103101.0502
103093.1934
103085.3168
103077.4219
103069.5107
103061.5849
103053.6459
103045.6944
103037.7312
103029.757
103021.7723
103013.7775
103005.7722
102997.7564
102989.7302
102981.6937
102973.6475
102965.5926
102957.5296
102949.4581
102941.3781
102933.2897
102925.1927
102917.0873
102908.974
102900.8542
102892.7277
102884.5941
102876.453
102868.3041
102860.1468
102851.9803
102843.8036
102835.6161
102827.4175
102819.2084
102810.9901
102802.7654
102794.5374
102786.3112
102778.0966
102769.9142
102761.8063
102753.8384
102746.2137
102739.1319
102732.7257
102727.0392
102721.8359
102716.2361
102707.9558
102691.5625
102653.6934
102490.7688
102300.0551
102300.025
102299.9938
102299.961
102299.9309
102299.8986
102299.8677
102299.8361
102299.8048
102299.7734
102299.742
102299.7106
102299.6791
102299.6477
102299.6163
102299.5849
102299.5534
102299.522
102299.4906
102299.4591
102299.4277
102299.3962
102299.3648
102299.3334
102299.3019
102299.2705
102299.2391
102299.2076
102299.1762
102299.1448
102299.1134
102299.0819
102299.0505
102299.0191
102298.9877
102298.9563
102298.9249
102298.8934
102298.862
102298.8306
102298.7992
102298.7678
102298.7364
102298.705
102298.6736
102298.6422
102298.6108
102298.5794
102298.5481
102298.5167
102298.4853
102298.4539
102298.4225
102298.3911
102298.3597
102298.3284
102298.297
102298.2656
)
;
    }
    bottom
    {
        type            fixedFluxPressure;
        gradient        uniform 0;
        value           nonuniform List<scalar> 
40
(
103163.4332
103163.4313
103163.4271
103163.4205
103163.4118
103163.4009
103163.388
103163.3732
103163.3565
103163.3382
103163.3183
103163.297
103163.2744
103163.2508
103163.2263
103163.201
103163.1753
103163.1491
103163.1228
103163.0965
103163.0703
103163.0446
103163.0193
103162.9947
103162.9709
103162.9481
103162.9263
103162.9057
103162.8864
103162.8684
103162.8518
103162.8366
103162.8228
103162.8104
103162.7993
103162.7892
103162.781
103162.7688
103162.7772
103162.6555
)
;
    }
    top
    {
        type            fixedFluxPressure;
        gradient        uniform 0;
        value           nonuniform List<scalar> 
40
(
102298.2641
102298.2641
102298.2641
102298.2641
102298.2641
102298.2641
102298.2642
102298.2642
102298.2643
102298.2643
102298.2643
102298.2644
102298.2645
102298.2645
102298.2646
102298.2646
102298.2647
102298.2648
102298.2648
102298.2649
102298.2649
102298.265
102298.2651
102298.2651
102298.2652
102298.2652
102298.2653
102298.2653
102298.2654
102298.2654
102298.2655
102298.2655
102298.2655
102298.2655
102298.2656
102298.2656
102298.2656
102298.2656
102298.2656
102298.2656
)
;
    }
    axis
    {
        type            empty;
    }
}


// ************************************************************************* //
