/*--------------------------------*- C++ -*----------------------------------*\
| =========                 |                                                 |
| \\      /  F ield         | OpenFOAM: The Open Source CFD Toolbox           |
|  \\    /   O peration     | Version:  v1912                                 |
|   \\  /    A nd           | Website:  www.openfoam.com                      |
|    \\/     M anipulation  |                                                 |
\*---------------------------------------------------------------------------*/
FoamFile
{
    version     2.0;
    format      ascii;
    class       volScalarField;
    location    "0.8";
    object      p_rgh;
}
// * * * * * * * * * * * * * * * * * * * * * * * * * * * * * * * * * * * * * //

dimensions      [1 -1 -2 0 0 0 0];


internalField   nonuniform List<scalar> 
4800
(
103166.6425
103166.6406
103166.6364
103166.6298
103166.621
103166.6101
103166.5972
103166.5823
103166.5656
103166.5472
103166.5272
103166.5059
103166.4832
103166.4595
103166.4349
103166.4096
103166.3837
103166.3575
103166.3311
103166.3047
103166.2785
103166.2527
103166.2274
103166.2027
103166.1789
103166.156
103166.1342
103166.1135
103166.0942
103166.0761
103166.0595
103166.0442
103166.0304
103166.018
103166.0069
103165.9968
103165.9887
103165.9764
103165.9849
103165.8632
103159.2877
103159.2859
103159.2816
103159.275
103159.2662
103159.2553
103159.2423
103159.2274
103159.2106
103159.1921
103159.172
103159.1506
103159.1279
103159.1041
103159.0794
103159.054
103159.028
103159.0017
103158.9752
103158.9487
103158.9224
103158.8965
103158.8711
103158.8463
103158.8224
103158.7994
103158.7776
103158.7569
103158.7374
103158.7194
103158.7027
103158.6874
103158.6736
103158.6612
103158.6502
103158.6402
103158.632
103158.6215
103158.6233
103158.4045
103151.9345
103151.9327
103151.9285
103151.9218
103151.9129
103151.9019
103151.8888
103151.8738
103151.8568
103151.8382
103151.818
103151.7964
103151.7735
103151.7495
103151.7247
103151.699
103151.6729
103151.6464
103151.6197
103151.593
103151.5665
103151.5404
103151.5148
103151.4899
103151.4658
103151.4427
103151.4207
103151.3999
103151.3803
103151.3622
103151.3454
103151.3301
103151.3163
103151.3039
103151.2929
103151.2831
103151.2751
103151.2666
103151.2601
103150.805
103144.5829
103144.5812
103144.5769
103144.5702
103144.5612
103144.55
103144.5368
103144.5215
103144.5044
103144.4856
103144.4652
103144.4433
103144.4201
103144.3959
103144.3707
103144.3448
103144.3184
103144.2915
103144.2646
103144.2376
103144.2108
103144.1844
103144.1585
103144.1333
103144.109
103144.0857
103144.0635
103144.0424
103144.0227
103144.0044
103143.9876
103143.9722
103143.9583
103143.9459
103143.9351
103143.9255
103143.9178
103143.9106
103143.8923
103143.1461
103137.2329
103137.2313
103137.2269
103137.2201
103137.211
103137.1996
103137.1862
103137.1707
103137.1533
103137.1342
103137.1135
103137.0912
103137.0677
103137.0431
103137.0176
103136.9913
103136.9644
103136.9372
103136.9098
103136.8824
103136.8553
103136.8285
103136.8022
103136.7767
103136.7521
103136.7284
103136.7059
103136.6846
103136.6647
103136.6462
103136.6292
103136.6137
103136.5997
103136.5873
103136.5766
103136.5672
103136.5598
103136.5535
103136.5169
103135.4375
103129.8846
103129.883
103129.8785
103129.8716
103129.8623
103129.8508
103129.8371
103129.8213
103129.8036
103129.7841
103129.7629
103129.7403
103129.7164
103129.6913
103129.6652
103129.6384
103129.6111
103129.5834
103129.5555
103129.5276
103129.4999
103129.4727
103129.446
103129.42
103129.3949
103129.3709
103129.348
103129.3264
103129.3062
103129.2874
103129.2702
103129.2546
103129.2405
103129.2281
103129.2174
103129.2081
103129.2008
103129.195
103129.1358
103127.6874
103122.538
103122.5364
103122.5318
103122.5248
103122.5153
103122.5035
103122.4895
103122.4733
103122.4552
103122.4353
103122.4136
103122.3905
103122.366
103122.3403
103122.3137
103122.2863
103122.2584
103122.23
103122.2015
103122.173
103122.1448
103122.1169
103122.0897
103122.0632
103122.0376
103122.0131
103121.9897
103121.9678
103121.9472
103121.9281
103121.9107
103121.8948
103121.8807
103121.8682
103121.8575
103121.8483
103121.841
103121.8355
103121.7465
103119.9037
103115.1931
103115.1915
103115.1869
103115.1796
103115.1699
103115.1578
103115.1434
103115.1268
103115.1082
103115.0878
103115.0656
103115.0418
103115.0167
103114.9904
103114.963
103114.9349
103114.9063
103114.8772
103114.848
103114.8188
103114.7898
103114.7613
103114.7333
103114.7062
103114.68
103114.655
103114.6311
103114.6087
103114.5877
103114.5683
103114.5505
103114.5344
103114.5201
103114.5075
103114.4968
103114.4877
103114.4806
103114.4754
103114.3421
103112.0931
103107.85
103107.8484
103107.8436
103107.8362
103107.8262
103107.8137
103107.7989
103107.7818
103107.7627
103107.7416
103107.7188
103107.6943
103107.6684
103107.6413
103107.6132
103107.5843
103107.5548
103107.5249
103107.4948
103107.4648
103107.435
103107.4057
103107.377
103107.3492
103107.3223
103107.2966
103107.2721
103107.2491
103107.2277
103107.2079
103107.1897
103107.1734
103107.1589
103107.1462
103107.1354
103107.1263
103107.1193
103107.1146
103106.9281
103104.2577
103100.5087
103100.5071
103100.5022
103100.4945
103100.4842
103100.4713
103100.456
103100.4384
103100.4186
103100.3969
103100.3733
103100.348
103100.3213
103100.2933
103100.2643
103100.2344
103100.204
103100.1731
103100.1421
103100.1111
103100.0804
103100.0502
103100.0207
103099.992
103099.9643
103099.9379
103099.9128
103099.8891
103099.8671
103099.8468
103099.8283
103099.8116
103099.7969
103099.784
103099.7732
103099.7641
103099.7573
103099.7528
103099.5054
103096.401
103093.1692
103093.1677
103093.1627
103093.1547
103093.144
103093.1307
103093.1148
103093.0966
103093.0761
103093.0535
103093.0291
103093.0029
103092.9753
103092.9463
103092.9163
103092.8854
103092.8538
103092.8219
103092.7898
103092.7578
103092.726
103092.6948
103092.6643
103092.6346
103092.6061
103092.5788
103092.553
103092.5287
103092.506
103092.4852
103092.4662
103092.4492
103092.4341
103092.4211
103092.4101
103092.4011
103092.3943
103092.39
103092.0747
103088.5243
103085.8318
103085.8302
103085.825
103085.8168
103085.8057
103085.7918
103085.7754
103085.7564
103085.7351
103085.7117
103085.6863
103085.6592
103085.6304
103085.6003
103085.5692
103085.5371
103085.5044
103085.4712
103085.438
103085.4047
103085.3718
103085.3395
103085.3078
103085.2772
103085.2476
103085.2194
103085.1927
103085.1676
103085.1443
103085.1229
103085.1034
103085.0859
103085.0705
103085.0573
103085.0462
103085.0371
103085.0304
103085.0261
103084.6357
103080.6295
103078.4964
103078.4948
103078.4894
103078.4809
103078.4693
103078.4549
103078.4377
103078.418
103078.3958
103078.3714
103078.345
103078.3167
103078.2868
103078.2555
103078.223
103078.1896
103078.1556
103078.1211
103078.0865
103078.052
103078.0178
103077.9842
103077.9513
103077.9195
103077.8889
103077.8597
103077.832
103077.8061
103077.782
103077.7599
103077.7398
103077.7219
103077.7061
103077.6926
103077.6814
103077.6722
103077.6655
103077.6612
103077.1882
103072.7183
103071.1631
103071.1616
103071.156
103071.147
103071.1349
103071.1199
103071.102
103071.0814
103071.0582
103071.0328
103071.0052
103070.9756
103070.9444
103070.9117
103070.8779
103070.8431
103070.8076
103070.7716
103070.7356
103070.6996
103070.664
103070.629
103070.5948
103070.5617
103070.5299
103070.4995
103070.4708
103070.444
103070.419
103070.3962
103070.3755
103070.357
103070.3409
103070.327
103070.3156
103070.3063
103070.2996
103070.2949
103069.732
103064.7924
103063.8321
103063.8305
103063.8247
103063.8153
103063.8027
103063.7869
103063.7682
103063.7466
103063.7224
103063.6958
103063.6669
103063.636
103063.6033
103063.5692
103063.5338
103063.4974
103063.4603
103063.4227
103063.3851
103063.3475
103063.3103
103063.2738
103063.2382
103063.2037
103063.1705
103063.139
103063.1091
103063.0812
103063.0554
103063.0317
103063.0103
103062.9913
103062.9747
103062.9605
103062.9489
103062.9395
103062.9328
103062.9274
103062.2669
103056.8533
103056.5033
103056.5018
103056.4957
103056.4859
103056.4726
103056.4561
103056.4364
103056.4138
103056.3885
103056.3605
103056.3302
103056.2979
103056.2636
103056.2278
103056.1907
103056.1526
103056.1138
103056.0745
103056.035
103055.9957
103055.9568
103055.9187
103055.8814
103055.8454
103055.8109
103055.7779
103055.7469
103055.7178
103055.691
103055.6664
103055.6443
103055.6246
103055.6075
103055.593
103055.5811
103055.5716
103055.565
103055.5585
103054.7924
103048.9017
103049.1771
103049.1755
103049.1691
103049.1588
103049.1449
103049.1275
103049.1069
103049.0831
103049.0565
103049.0271
103048.9953
103048.9613
103048.9254
103048.8878
103048.8488
103048.8088
103048.768
103048.7268
103048.6855
103048.6443
103048.6035
103048.5636
103048.5246
103048.4869
103048.4508
103048.4164
103048.384
103048.3537
103048.3258
103048.3003
103048.2773
103048.257
103048.2393
103048.2244
103048.2123
103048.2027
103048.1961
103048.1883
103047.3087
103040.9383
103041.8534
103041.8518
103041.845
103041.8342
103041.8196
103041.8013
103041.7796
103041.7546
103041.7265
103041.6956
103041.6622
103041.6264
103041.5886
103041.549
103041.5081
103041.466
103041.4232
103041.3798
103041.3364
103041.2932
103041.2504
103041.2085
103041.1676
103041.1282
103041.0903
103041.0544
103041.0205
103040.9889
103040.9598
103040.9332
103040.9093
103040.8883
103040.87
103040.8547
103040.8423
103040.8326
103040.8261
103040.8168
103039.8157
103032.9639
103034.5324
103034.5308
103034.5237
103034.5123
103034.4969
103034.4776
103034.4547
103034.4283
103034.3987
103034.3662
103034.3309
103034.2932
103034.2533
103034.2117
103034.1685
103034.1242
103034.0791
103034.0335
103033.9878
103033.9424
103033.8974
103033.8533
103033.8105
103033.7691
103033.7294
103033.6917
103033.6563
103033.6232
103033.5928
103033.5652
103033.5403
103033.5185
103033.4996
103033.4838
103033.4711
103033.4612
103033.4548
103033.4434
103032.3141
103024.9792
103027.2143
103027.2126
103027.2052
103027.1931
103027.1768
103027.1565
103027.1323
103027.1044
103027.0732
103027.0388
103027.0016
103026.9618
103026.9197
103026.8758
103026.8303
103026.7835
103026.736
103026.6879
103026.6398
103026.5919
103026.5446
103026.4982
103026.4531
103026.4096
103026.3679
103026.3284
103026.2913
103026.2567
103026.2249
103026.1961
103026.1702
103026.1475
103026.128
103026.1117
103026.0986
103026.0885
103026.082
103026.0679
103024.8038
103016.9842
103019.8993
103019.8975
103019.8897
103019.8769
103019.8597
103019.8382
103019.8126
103019.7831
103019.7501
103019.7137
103019.6744
103019.6323
103019.5878
103019.5414
103019.4933
103019.444
103019.3937
103019.343
103019.2922
103019.2417
103019.1918
103019.143
103019.0955
103019.0497
103019.006
103018.9645
103018.9255
103018.8893
103018.856
103018.8258
103018.7989
103018.7753
103018.755
103018.7382
103018.7247
103018.7145
103018.7079
103018.6908
103017.2843
103008.9789
103012.5874
103012.5856
103012.5773
103012.5639
103012.5456
103012.5228
103012.4957
103012.4645
103012.4295
103012.391
103012.3493
103012.3048
103012.2577
103012.2086
103012.1577
103012.1055
103012.0524
103011.9988
103011.9452
103011.8918
103011.8392
103011.7877
103011.7376
103011.6894
103011.6433
103011.5997
103011.5588
103011.5208
103011.4859
103011.4544
103011.4263
103011.4017
103011.3807
103011.3633
103011.3494
103011.339
103011.3324
103011.3118
103009.7555
103000.9631
103005.279
103005.2772
103005.2684
103005.2541
103005.2347
103005.2105
103005.1818
103005.1487
103005.1116
103005.0708
103005.0266
103004.9794
103004.9295
103004.8775
103004.8236
103004.7683
103004.7121
103004.6554
103004.5986
103004.5422
103004.4866
103004.4322
103004.3794
103004.3286
103004.28
103004.2341
103004.1911
103004.1512
103004.1147
103004.0816
103004.0523
103004.0267
103004.0049
103003.9869
103003.9727
103003.962
103003.9554
103003.9307
103002.2176
102992.9369
102997.9742
102997.9723
102997.963
102997.9478
102997.9273
102997.9016
102997.871
102997.8359
102997.7965
102997.7532
102997.7063
102997.6562
102997.6033
102997.5481
102997.4909
102997.4323
102997.3728
102997.3127
102997.2526
102997.1929
102997.1341
102997.0766
102997.0208
102996.9671
102996.9159
102996.8676
102996.8223
102996.7804
102996.742
102996.7075
102996.6768
102996.6501
102996.6275
102996.6088
102996.5942
102996.5835
102996.5769
102996.5477
102994.6705
102984.9004
102990.6733
102990.6713
102990.6614
102990.6453
102990.6234
102990.5961
102990.5637
102990.5263
102990.4845
102990.4384
102990.3886
102990.3353
102990.2792
102990.2205
102990.1598
102990.0977
102990.0345
102989.9708
102989.9071
102989.8438
102989.7815
102989.7207
102989.6617
102989.605
102989.551
102989.5
102989.4523
102989.4082
102989.368
102989.3317
102989.2997
102989.2718
102989.2483
102989.2291
102989.2141
102989.2032
102989.1969
102989.1628
102987.114
102976.8542
102983.3765
102983.3745
102983.3639
102983.3468
102983.3235
102983.2944
102983.2599
102983.2201
102983.1756
102983.1266
102983.0735
102983.0169
102982.9572
102982.8949
102982.8304
102982.7644
102982.6972
102982.6296
102982.562
102982.495
102982.429
102982.3645
102982.3021
102982.2421
102982.185
102982.1312
102982.081
102982.0346
102981.9923
102981.9543
102981.9208
102981.8918
102981.8673
102981.8474
102981.832
102981.8209
102981.8146
102981.7749
102979.5498
102968.7993
102976.0841
102976.082
102976.0708
102976.0525
102976.0277
102975.9967
102975.9599
102975.9175
102975.8701
102975.8179
102975.7614
102975.7012
102975.6376
102975.5712
102975.5027
102975.4324
102975.3611
102975.2892
102975.2174
102975.1463
102975.0762
102975.0079
102974.9418
102974.8784
102974.818
102974.7612
102974.7082
102974.6593
102974.6149
102974.575
102974.5399
102974.5097
102974.4843
102974.4637
102974.4479
102974.4366
102974.4301
102974.3835
102971.9778
102960.7362
102968.7965
102968.7942
102968.7823
102968.7627
102968.7363
102968.7032
102968.664
102968.6188
102968.5682
102968.5126
102968.4524
102968.3881
102968.3204
102968.2497
102968.1767
102968.1019
102968.026
102967.9496
102967.8733
102967.7977
102967.7233
102967.6509
102967.5808
102967.5136
102967.4498
102967.3897
102967.3338
102967.2823
102967.2356
102967.1937
102967.157
102967.1254
102967.0991
102967.0779
102967.0617
102967.0502
102967.0437
102966.99
102964.3962
102952.6645
102961.5139
102961.5115
102961.4987
102961.4779
102961.4496
102961.4143
102961.3724
102961.3242
102961.2701
102961.2108
102961.1465
102961.078
102961.0058
102960.9304
102960.8526
102960.7729
102960.6921
102960.6108
102960.5296
102960.4492
102960.3702
102960.2932
102960.2189
102960.1477
102960.0801
102960.0166
102959.9575
102959.9033
102959.8541
102959.8102
102959.7717
102959.7388
102959.7115
102959.6896
102959.6731
102959.6617
102959.6553
102959.5937
102956.8057
102944.5845
102954.2367
102954.2342
102954.2205
102954.1982
102954.168
102954.1303
102954.0854
102954.0339
102953.9762
102953.9128
102953.8442
102953.771
102953.6939
102953.6135
102953.5304
102953.4455
102953.3593
102953.2727
102953.1862
102953.1006
102953.0167
102952.9349
102952.856
102952.7805
102952.7089
102952.6417
102952.5793
102952.5221
102952.4703
102952.4242
102952.3839
102952.3496
102952.3213
102952.2988
102952.282
102952.2706
102952.2645
102952.1945
102949.206
102936.496
102946.9653
102946.9626
102946.948
102946.9241
102946.8918
102946.8514
102946.8035
102946.7484
102946.6866
102946.6188
102946.5455
102946.4673
102946.3849
102946.299
102946.2103
102946.1196
102946.0277
102945.9353
102945.8432
102945.752
102945.6627
102945.5757
102945.4919
102945.4118
102945.3359
102945.2648
102945.1988
102945.1384
102945.0839
102945.0354
102944.9933
102944.9575
102944.9281
102944.9051
102944.8881
102944.877
102944.8713
102944.7922
102941.5971
102928.3989
102939.7002
102939.6974
102939.6816
102939.6561
102939.6214
102939.5782
102939.5268
102939.4678
102939.4017
102939.3291
102939.2507
102939.167
102939.0789
102938.987
102938.8923
102938.7954
102938.6973
102938.5986
102938.5004
102938.4032
102938.3081
102938.2156
102938.1264
102938.0413
102937.9609
102937.8855
102937.8158
102937.752
102937.6946
102937.6437
102937.5995
102937.5622
102937.5318
102937.5082
102937.4911
102937.4804
102937.4755
102937.3872
102933.9793
102920.2934
102932.4419
102932.4388
102932.4219
102932.3945
102932.3574
102932.311
102932.2559
102932.1927
102932.1219
102932.0441
102931.96
102931.8704
102931.7761
102931.6778
102931.5765
102931.4729
102931.368
102931.2627
102931.1577
102931.0541
102930.9527
102930.8542
102930.7594
102930.669
102930.5836
102930.5038
102930.43
102930.3626
102930.3021
102930.2485
102930.2022
102930.1634
102930.1319
102930.1078
102930.0908
102930.0805
102930.0768
102929.98
102926.352
102912.1799
102925.1909
102925.1875
102925.1694
102925.1399
102925.1
102925.0503
102924.9912
102924.9233
102924.8474
102924.7639
102924.6738
102924.5778
102924.4767
102924.3714
102924.2629
102924.1521
102924.0399
102923.9273
102923.8152
102923.7046
102923.5964
102923.4914
102923.3905
102923.2944
102923.2038
102923.1192
102923.0411
102922.9699
102922.9059
102922.8496
102922.801
102922.7605
102922.728
102922.7035
102922.6865
102922.6767
102922.6737
102922.5673
102918.719
102904.0598
102917.9478
102917.9441
102917.9245
102917.8929
102917.85
102917.7965
102917.7331
102917.6602
102917.5786
102917.4891
102917.3924
102917.2893
102917.1809
102917.0681
102916.9518
102916.833
102916.7129
102916.5924
102916.4726
102916.3544
102916.2389
102916.127
102916.0196
102915.9173
102915.8211
102915.7313
102915.6486
102915.5733
102915.5058
102915.4464
102915.3954
102915.3531
102915.3195
102915.2946
102915.2778
102915.2687
102915.2661
102915.1492
102911.0803
102895.9332
102910.7133
102910.7091
102910.6881
102910.654
102910.6079
102910.5504
102910.4821
102910.4038
102910.3161
102910.2199
102910.116
102910.0053
102909.8889
102909.7678
102909.6431
102909.5158
102909.3871
102909.258
102909.1298
102909.0035
102908.8801
102908.7607
102908.6462
102908.5374
102908.4351
102908.3399
102908.2523
102908.1726
102908.1012
102908.0385
102907.9849
102907.9406
102907.9059
102907.8808
102907.8643
102907.856
102907.8545
102907.7278
102903.4325
102887.7994
102903.4881
102903.4834
102903.4607
102903.424
102903.3743
102903.3124
102903.2389
102903.1546
102903.0603
102902.9568
102902.8451
102902.7261
102902.601
102902.4709
102902.337
102902.2003
102902.0623
102901.924
102901.7866
102901.6514
102901.5195
102901.392
102901.27
102901.1542
102901.0455
102900.9445
102900.8516
102900.7672
102900.6916
102900.6253
102900.5686
102900.5223
102900.4864
102900.4611
102900.4452
102900.4381
102900.4382
102900.3018
102895.7763
102879.6581
102896.273
102896.2678
102896.2432
102896.2035
102896.15
102896.0833
102896.0041
102895.9133
102895.8117
102895.7003
102895.58
102895.452
102895.3174
102895.1775
102895.0335
102894.8868
102894.7385
102894.5901
102894.4429
102894.2981
102894.157
102894.0208
102893.8905
102893.7672
102893.6517
102893.5446
102893.4461
102893.3567
102893.2765
102893.206
102893.146
102893.0972
102893.0601
102893.0347
102893.0195
102893.0142
102893.0164
102892.8707
102888.1115
102871.5092
102889.069
102889.0631
102889.0364
102888.9936
102888.9358
102888.8638
102888.7785
102888.6805
102888.571
102888.4509
102888.3212
102888.1833
102888.0384
102887.8878
102887.7328
102887.575
102887.4157
102887.2564
102887.0984
102886.9431
102886.792
102886.6463
102886.5073
102886.3761
102886.2534
102886.1397
102886.0354
102885.9405
102885.8552
102885.7801
102885.716
102885.6642
102885.6256
102885.6002
102885.586
102885.5832
102885.5883
102885.4339
102880.4379
102863.352
102881.877
102881.8703
102881.8414
102881.7951
102881.7326
102881.6549
102881.5627
102881.457
102881.3388
102881.2091
102881.0693
102880.9205
102880.7643
102880.6019
102880.435
102880.2651
102880.0937
102879.9224
102879.7527
102879.5861
102879.4242
102879.2683
102879.1198
102878.9801
102878.8498
102878.7294
102878.619
102878.5183
102878.4272
102878.3465
102878.2775
102878.2219
102878.1816
102878.1558
102878.1434
102878.1438
102878.1528
102877.9912
102872.7554
102855.1857
102874.6983
102874.6905
102874.6591
102874.609
102874.5414
102874.4574
102874.3578
102874.2435
102874.1157
102873.9757
102873.8246
102873.664
102873.4953
102873.3202
102873.1402
102872.9571
102872.7725
102872.5881
102872.4056
102872.2266
102872.0528
102871.8858
102871.7273
102871.5785
102871.4404
102871.3132
102871.1965
102871.0895
102870.9919
102870.9044
102870.829
102870.7685
102870.7256
102870.6995
102870.6895
102870.6944
102870.7085
102870.5419
102865.0643
102847.0093
102867.534
102867.5251
102867.4909
102867.4366
102867.3634
102867.2724
102867.1646
102867.041
102866.9028
102866.7513
102866.5879
102866.4143
102866.2319
102866.0427
102865.8484
102865.6508
102865.4518
102865.2531
102865.0566
102864.8641
102864.6773
102864.4982
102864.3287
102864.1705
102864.0244
102863.8905
102863.7676
102863.654
102863.5487
102863.4527
102863.3689
102863.3015
102863.2549
102863.2283
102863.2216
102863.2328
102863.2541
102863.0846
102857.366
102838.8223
102860.3856
102860.3753
102860.3381
102860.2791
102860.1998
102860.1012
102859.9844
102859.8505
102859.7008
102859.5367
102859.3598
102859.1718
102858.9745
102858.7698
102858.5597
102858.3462
102858.1314
102857.9171
102857.7052
102857.4977
102857.2967
102857.1044
102856.9233
102856.7553
102856.6014
102856.4612
102856.3324
102856.212
102856.0976
102855.9905
102855.8949
102855.8175
102855.7653
102855.738
102855.736
102855.7563
102855.7878
102855.6186
102849.6602
102830.6243
102853.2548
102853.2429
102853.2021
102853.138
102853.052
102852.945
102852.8183
102852.6731
102852.5108
102852.3329
102852.1411
102851.9373
102851.7234
102851.5017
102851.2742
102851.0433
102850.8111
102850.5797
102850.3511
102850.1272
102849.9103
102849.7033
102849.5093
102849.3312
102849.1702
102849.025
102848.8913
102848.7639
102848.6383
102848.5162
102848.4039
102848.3116
102848.2506
102848.2224
102848.2273
102848.2605
102848.3071
102848.1451
102841.948
102822.4158
102846.1434
102846.1295
102846.0849
102846.015
102845.9215
102845.8054
102845.6678
102845.5102
102845.334
102845.1408
102844.9326
102844.7113
102844.4792
102844.2386
102843.9921
102843.7422
102843.4911
102843.2409
102842.9936
102842.7513
102842.5165
102842.2929
102842.0851
102841.8972
102841.7304
102841.5825
102841.4457
102841.3109
102841.1708
102841.0277
102840.8907
102840.7757
102840.7012
102840.672
102840.6875
102840.7405
102840.8101
102840.663
102834.2307
102814.1981
102839.0535
102839.0371
102838.9881
102838.912
102838.8102
102838.6839
102838.5344
102838.3631
102838.1716
102837.9616
102837.7353
102837.4947
102837.2424
102836.9812
102836.7138
102836.4431
102836.1714
102835.9008
102835.6328
102835.3692
102835.1133
102834.8702
102834.6466
102834.4492
102834.2803
102834.135
102833.9995
102833.8579
102833.6982
102833.524
102833.3495
102833.1992
102833.1019
102833.0718
102833.1042
102833.1888
102833.2932
102833.167
102826.5093
102805.974
102831.9874
102831.9681
102831.9141
102831.8309
102831.7199
102831.5825
102831.4198
102831.2335
102831.0251
102830.7967
102830.5503
102830.2885
102830.0141
102829.7301
102829.4398
102829.146
102828.8515
102828.5582
102828.2671
102827.9797
102827.6997
102827.434
102827.1933
102826.9885
102826.8235
102826.6896
102826.5631
102826.4169
102826.232
102826.012
102825.7784
102825.5701
102825.4344
102825.4013
102825.46
102825.5961
102825.7535
102825.6613
102818.7853
102797.7467
102824.9478
102824.9249
102824.8651
102824.774
102824.6529
102824.5031
102824.326
102824.1232
102823.8964
102823.6476
102823.3792
102823.0937
102822.7944
102822.4848
102822.1688
102821.8503
102821.5324
102821.2166
102820.9028
102820.5909
102820.2842
102819.9926
102819.733
102819.5226
102819.3683
102819.2563
102819.1485
102819.0011
102818.7876
102818.5052
102818.1848
102817.8822
102817.6799
102817.6344
102817.7345
102817.9529
102818.1926
102818.1537
102811.0531
102789.521
102817.9379
102817.9105
102817.844
102817.7438
102817.6114
102817.4481
102817.2552
102817.0343
102816.7873
102816.516
102816.2229
102815.9106
102815.5832
102815.2456
102814.9034
102814.562
102814.2248
102813.8913
102813.5578
102813.221
102812.8835
102812.559
102812.2733
102812.0538
102811.9165
102811.8408
102811.7658
102811.6266
102811.3834
102811.0144
102810.5302
102810.0197
102809.7101
102809.6799
102809.8919
102810.2529
102810.6156
102810.6396
102803.3208
102781.3065
102810.9617
102810.9284
102810.8536
102810.743
102810.5981
102810.4197
102810.2095
102809.9688
102809.6994
102809.4031
102809.0825
102808.7413
102808.3851
102808.0208
102807.6557
102807.2958
102806.9434
102806.5961
102806.2462
102805.885
102805.5123
102805.1465
102804.8253
102804.591
102804.4757
102804.4483
102804.4175
102804.2925
102803.9834
102803.3647
102802.5332
102801.7921
102801.3434
102801.336
102801.8326
102802.4988
102803.038
102803.137
102795.5769
102773.1252
102804.0235
102803.9824
102803.8973
102803.7743
102803.6149
102803.42
102803.1907
102802.9286
102802.6353
102802.3129
102801.9647
102801.5958
102801.2126
102800.8232
102800.4363
102800.0585
102799.6934
102799.3362
102798.9725
102798.5834
102798.1648
102797.7483
102797.3916
102797.1527
102797.0713
102797.0954
102797.0949
102796.8792
102796.2257
102795.3042
102794.4744
102793.8086
102793.2301
102792.9608
102793.5782
102794.7021
102795.4949
102795.6592
102787.8018
102765.0188
102797.1305
102797.0783
102796.9791
102796.8407
102796.6648
102796.4518
102796.2028
102795.919
102795.6025
102795.2558
102794.8819
102794.4853
102794.0721
102793.6523
102793.2385
102792.8402
102792.4611
102792.0893
102791.6876
102791.2282
102790.7438
102790.2983
102789.9719
102789.7789
102789.7328
102789.7605
102789.56
102788.9238
102788.1474
102787.4583
102786.847
102786.1952
102785.5336
102785.0751
102785.5859
102787.0036
102788.048
102788.235
102779.9522
102757.0523
102790.2893
102790.2222
102790.1048
102789.9475
102789.753
102789.5213
102789.253
102788.9488
102788.6099
102788.2371
102787.8298
102787.3886
102786.921
102786.4459
102785.9879
102785.552
102785.1123
102784.6228
102784.0629
102783.5104
102783.0345
102782.7026
102782.5218
102782.3798
102782.307
102781.9968
102781.3725
102780.7971
102780.3091
102779.8921
102779.3559
102778.6469
102777.9857
102777.6323
102778.1464
102779.5035
102780.7603
102780.8899
102771.822
102749.4288
102783.514
102783.4234
102783.2798
102783.0983
102782.8823
102782.63
102782.3392
102782.0049
102781.6206
102781.1732
102780.6495
102780.0659
102779.4705
102778.8986
102778.349
102777.7849
102777.1396
102776.403
102775.7175
102775.2044
102774.8509
102774.7687
102774.6578
102774.4939
102774.1503
102773.4899
102773.0162
102772.707
102772.3716
102772.0063
102771.3583
102770.7447
102770.3678
102770.4697
102771.3294
102772.5792
102773.6
102773.6066
102763.2513
102742.3479
102776.7957
102776.6589
102776.4519
102776.2017
102775.92
102775.5977
102775.2109
102774.7216
102774.1002
102773.3484
102772.5284
102771.7355
102771.0264
102770.3696
102769.6746
102768.8462
102767.9049
102767.0293
102766.3918
102765.9514
102765.8195
102765.8406
102765.7095
102765.5327
102764.9658
102764.3611
102763.9032
102763.3664
102762.5936
102761.6087
102760.5346
102760.4352
102761.0976
102762.4209
102764.2425
102765.8388
102766.5247
102766.0268
102754.2709
102735.9421
102769.443
102768.9828
102768.1916
102767.4038
102766.7946
102766.2817
102765.6785
102764.8715
102763.8949
102762.8957
102762.0326
102761.3357
102760.7006
102759.9823
102759.0362
102757.9407
102756.8901
102756.0657
102755.5048
102755.0984
102755.0549
102755.0743
102754.9488
102754.7975
102753.9789
102752.8643
102751.4073
102749.2178
102746.3044
102742.9364
102739.8414
102737.8273
102741.0269
102747.3213
102753.0831
102757.0883
102758.6212
102757.2535
102745.1127
102730.2558
102755.1345
102752.3135
102748.644
102746.5871
102746.5016
102747.207
102747.7084
102747.7844
102747.6367
102747.4943
102747.3607
102747.1118
102746.6688
102745.942
102744.8686
102743.8108
102742.8562
102742.0472
102741.4077
102740.923
102740.718
102740.6912
102740.5527
102740.2313
102738.3279
102735.325
102731.0725
102724.7736
102716.1113
102705.042
102693.331
102684.9826
102682.536
102704.7277
102726.8122
102741.0681
102746.0421
102747.152
102736.2528
102725.0532
102712.9727
102704.7034
102698.2453
102697.6526
102702.7773
102708.612
102713.5944
102717.274
102719.9048
102721.7061
102722.6501
102722.8449
102722.5555
102722.0558
102721.3496
102720.6687
102719.8026
102718.595
102717.2262
102715.9931
102715.1152
102714.6227
102714.4093
102713.8693
102710.894
102705.5398
102697.9327
102686.2349
102668.5976
102643.6875
102613.212
102585.444
102572.4691
102595.2643
102655.4268
102707.175
102730.5525
102736.0021
102728.2413
102719.4551
102622.3326
102615.1824
102612.537
102619.6827
102629.9675
102640.4182
102649.5214
102656.371
102660.8395
102663.192
102663.7862
102663.341
102661.6574
102660.1786
102658.8629
102657.4869
102655.4353
102652.2143
102648.0691
102643.5717
102639.5311
102636.7752
102635.4257
102634.9992
102635.5537
102636.1663
102635.299
102625.8537
102608.7022
102579.7822
102538.0394
102491.5662
102459.4864
102451.176
102511.0004
102614.1978
102695.9487
102722.6607
102720.2072
102711.1782
102531.7326
102525.8054
102523.7529
102525.5209
102527.7225
102529.3956
102529.7873
102529.2434
102527.7122
102523.9067
102518.7383
102512.2336
102504.9696
102497.6155
102490.9398
102485.3556
102480.6752
102476.1282
102470.8195
102464.4164
102457.5838
102452.1076
102449.4644
102449.2251
102456.4741
102467.0467
102482.3474
102498.7711
102508.5396
102509.7696
102483.7481
102449.5794
102409.5816
102380.6088
102377.1548
102451.9179
102588.7241
102689.4972
102709.2744
102694.7894
102466.1319
102458.9106
102452.8901
102445.8052
102437.0046
102427.2386
102417.5032
102408.4837
102400.3772
102393.0948
102386.0852
102378.9721
102371.8806
102365.0193
102358.8959
102353.8884
102350.035
102346.9954
102344.2232
102341.2195
102337.7713
102334.0666
102330.5625
102327.8777
102326.638
102329.6148
102337.0625
102349.7129
102367.729
102387.3749
102399.028
102398.4586
102381.3702
102362.0611
102337.2723
102335.3994
102409.7597
102562.8818
102664.397
102656.9223
102419.9765
102411.8257
102402.4506
102391.5697
102379.9819
102368.6785
102358.4917
102349.7387
102342.3297
102336.119
102330.7648
102326.0455
102322.0147
102318.6815
102316.0301
102313.9773
102312.3818
102311.0787
102309.954
102308.9805
102308.1383
102307.3429
102306.4674
102305.4896
102304.6793
102304.3229
102304.3096
102305.2709
102306.9717
102310.5192
102316.6493
102324.3789
102329.8805
102328.6632
102322.8595
102312.3819
102312.3634
102352.8698
102437.7152
102493.9745
102384.9036
102376.8843
102367.1803
102357.5376
102348.6119
102340.7645
102334.0868
102328.45
102323.6172
102319.3346
102315.4492
102312.0328
102309.3358
102307.4768
102306.2815
102305.4866
102304.9083
102304.455
102304.1071
102303.8692
102303.7187
102303.6132
102303.5103
102303.399
102303.3162
102303.2783
102303.2665
102303.265
102303.2661
102303.2685
102303.2716
102303.2933
102303.5692
102304.4909
102305.9766
102305.3398
102303.8831
102303.2931
102303.2608
102303.2633
102337.1082
102335.1677
102331.8779
102328.4478
102325.332
102322.596
102320.1605
102317.913
102315.7404
102313.4471
102310.8886
102308.199
102305.9366
102304.6077
102303.9978
102303.6883
102303.5037
102303.3887
102303.3228
102303.289
102303.2726
102303.2638
102303.2567
102303.2486
102303.2405
102303.2351
102303.2337
102303.2343
102303.2345
102303.234
102303.2337
102303.2327
102303.2317
102303.2298
102303.2285
102303.2312
102303.2302
102303.2287
102303.2325
102303.2333
102306.3185
102307.0853
102308.0472
102308.5907
102308.8742
102309.0651
102309.2307
102309.3855
102309.3994
102309.0133
102307.824
102305.9955
102304.3939
102303.6321
102303.3888
102303.2978
102303.256
102303.2353
102303.2247
102303.219
102303.2157
102303.2138
102303.2123
102303.2101
102303.2066
102303.2035
102303.2025
102303.2027
102303.2032
102303.2038
102303.2042
102303.2042
102303.203
102303.2017
102303.2014
102303.201
102303.2005
102303.2004
102303.2007
102303.2021
102304.7271
102304.3191
102304.2755
102304.3318
102304.4607
102304.6614
102304.954
102305.3576
102305.7711
102305.8805
102305.416
102304.3428
102303.5327
102303.277
102303.2202
102303.2027
102303.1948
102303.1893
102303.1847
102303.1812
102303.179
102303.1777
102303.1767
102303.1752
102303.1731
102303.1711
102303.1705
102303.1708
102303.1712
102303.1711
102303.1709
102303.1705
102303.1703
102303.1705
102303.1707
102303.1707
102303.1706
102303.1702
102303.1698
102303.1693
102304.3716
102303.829
102303.6695
102303.6282
102303.6381
102303.6999
102303.821
102304.0144
102304.1995
102304.1552
102303.823
102303.4042
102303.1961
102303.1595
102303.1576
102303.1573
102303.1549
102303.1515
102303.1481
102303.1456
102303.1441
102303.1433
102303.1425
102303.1414
102303.1401
102303.1392
102303.1392
102303.1395
102303.1398
102303.14
102303.1401
102303.1398
102303.1393
102303.1386
102303.1383
102303.1384
102303.1384
102303.1386
102303.1389
102303.1391
102304.1617
102303.6284
102303.4532
102303.3823
102303.3527
102303.3533
102303.3749
102303.3993
102303.3921
102303.3097
102303.1892
102303.1105
102303.0984
102303.1086
102303.116
102303.1183
102303.1174
102303.1153
102303.1131
102303.1114
102303.1105
102303.1099
102303.1094
102303.1088
102303.1082
102303.1078
102303.1078
102303.108
102303.1081
102303.1082
102303.1081
102303.1079
102303.1078
102303.1077
102303.1075
102303.1074
102303.1073
102303.1069
102303.1067
102303.1068
102304.0118
102303.5106
102303.3277
102303.2451
102303.1969
102303.1656
102303.1407
102303.1151
102303.0851
102303.0549
102303.0386
102303.0439
102303.0596
102303.0722
102303.0789
102303.0814
102303.0814
102303.0802
102303.0788
102303.0776
102303.0771
102303.077
102303.077
102303.0768
102303.0766
102303.0764
102303.0764
102303.0765
102303.0766
102303.0766
102303.0766
102303.0765
102303.0763
102303.0761
102303.076
102303.0759
102303.0758
102303.076
102303.0761
102303.076
102303.8948
102303.4212
102303.2378
102303.1539
102303.103
102303.0672
102303.0396
102303.0177
102303.0025
102302.9973
102303.0034
102303.0163
102303.0294
102303.0385
102303.0438
102303.0459
102303.0462
102303.0456
102303.0447
102303.0442
102303.0443
102303.0446
102303.0449
102303.045
102303.045
102303.0449
102303.0449
102303.045
102303.0451
102303.0451
102303.045
102303.045
102303.0448
102303.0447
102303.0446
102303.0445
102303.0445
102303.0444
102303.0443
102303.0444
102303.7939
102303.3502
102303.1695
102303.0899
102303.0441
102303.0136
102302.9915
102302.9778
102302.9722
102302.9739
102302.981
102302.9906
102302.9993
102303.0056
102303.0093
102303.011
102303.0115
102303.0114
102303.0113
102303.0116
102303.0121
102303.0127
102303.0131
102303.0133
102303.0134
102303.0134
102303.0134
102303.0135
102303.0135
102303.0135
102303.0135
102303.0135
102303.0134
102303.0133
102303.0132
102303.0131
102303.0131
102303.0131
102303.0131
102303.0131
102303.698
102303.2903
102303.1145
102303.0406
102303.0007
102302.9751
102302.9594
102302.9516
102302.9497
102302.9518
102302.9567
102302.963
102302.9685
102302.9726
102302.9752
102302.9767
102302.9775
102302.9781
102302.9787
102302.9795
102302.9803
102302.9809
102302.9813
102302.9816
102302.9817
102302.9818
102302.9819
102302.9819
102302.982
102302.982
102302.982
102302.982
102302.9819
102302.9818
102302.9818
102302.9817
102302.9817
102302.9817
102302.9816
102302.9816
102303.6021
102303.2358
102303.0665
102302.9981
102302.9632
102302.9423
102302.9311
102302.9264
102302.9254
102302.9266
102302.9297
102302.9334
102302.9368
102302.9395
102302.9417
102302.9433
102302.9446
102302.9458
102302.9468
102302.9478
102302.9486
102302.9492
102302.9497
102302.95
102302.9501
102302.9503
102302.9504
102302.9504
102302.9505
102302.9505
102302.9505
102302.9505
102302.9504
102302.9504
102302.9503
102302.9503
102302.9503
102302.9502
102302.9502
102302.9502
102303.5042
102303.1836
102303.022
102302.9586
102302.9274
102302.9103
102302.9024
102302.8992
102302.8981
102302.8985
102302.9001
102302.9023
102302.9047
102302.907
102302.9091
102302.911
102302.9127
102302.9141
102302.9152
102302.9162
102302.917
102302.9176
102302.918
102302.9183
102302.9186
102302.9187
102302.9188
102302.9189
102302.9189
102302.919
102302.919
102302.919
102302.919
102302.9189
102302.9189
102302.9189
102302.9188
102302.9188
102302.9188
102302.9188
102303.4031
102303.1317
102302.9784
102302.9194
102302.8914
102302.8776
102302.8721
102302.8695
102302.8682
102302.8682
102302.8692
102302.8708
102302.8729
102302.8752
102302.8775
102302.8795
102302.8812
102302.8826
102302.8837
102302.8846
102302.8854
102302.886
102302.8864
102302.8867
102302.887
102302.8872
102302.8873
102302.8874
102302.8874
102302.8875
102302.8875
102302.8875
102302.8875
102302.8875
102302.8875
102302.8874
102302.8874
102302.8874
102302.8874
102302.8874
102303.2978
102303.0784
102302.9334
102302.879
102302.8543
102302.8443
102302.8404
102302.8382
102302.8371
102302.8372
102302.8381
102302.8398
102302.842
102302.8442
102302.8464
102302.8483
102302.8499
102302.8512
102302.8522
102302.8531
102302.8538
102302.8544
102302.8548
102302.8552
102302.8554
102302.8556
102302.8557
102302.8558
102302.8559
102302.856
102302.856
102302.856
102302.856
102302.856
102302.856
102302.856
102302.856
102302.856
102302.856
102302.856
102303.1878
102303.0214
102302.8863
102302.8371
102302.817
102302.8111
102302.8082
102302.8066
102302.806
102302.8065
102302.8077
102302.8094
102302.8115
102302.8135
102302.8154
102302.8171
102302.8186
102302.8198
102302.8208
102302.8216
102302.8223
102302.8228
102302.8233
102302.8236
102302.8239
102302.8241
102302.8242
102302.8243
102302.8244
102302.8245
102302.8245
102302.8245
102302.8246
102302.8246
102302.8246
102302.8246
102302.8245
102302.8245
102302.8245
102302.8245
102303.0737
102302.9581
102302.8391
102302.7941
102302.7818
102302.7784
102302.7764
102302.7755
102302.7756
102302.7763
102302.7776
102302.7793
102302.7811
102302.7829
102302.7846
102302.786
102302.7873
102302.7884
102302.7894
102302.7901
102302.7908
102302.7913
102302.7917
102302.7921
102302.7923
102302.7925
102302.7927
102302.7928
102302.7929
102302.793
102302.793
102302.7931
102302.7931
102302.7931
102302.7931
102302.7931
102302.7931
102302.7931
102302.7931
102302.7931
102302.9586
102302.8858
102302.7903
102302.7536
102302.7486
102302.7465
102302.7454
102302.7452
102302.7456
102302.7464
102302.7477
102302.7491
102302.7507
102302.7522
102302.7536
102302.7549
102302.7561
102302.7571
102302.758
102302.7587
102302.7593
102302.7598
102302.7602
102302.7606
102302.7608
102302.761
102302.7612
102302.7613
102302.7614
102302.7615
102302.7616
102302.7616
102302.7616
102302.7616
102302.7617
102302.7617
102302.7617
102302.7617
102302.7617
102302.7617
102302.8483
102302.8081
102302.7389
102302.7191
102302.7167
102302.7155
102302.7151
102302.7152
102302.7157
102302.7165
102302.7176
102302.7188
102302.7201
102302.7214
102302.7227
102302.7238
102302.7249
102302.7258
102302.7266
102302.7273
102302.7279
102302.7283
102302.7287
102302.7291
102302.7293
102302.7295
102302.7297
102302.7298
102302.7299
102302.73
102302.7301
102302.7301
102302.7302
102302.7302
102302.7302
102302.7302
102302.7302
102302.7302
102302.7302
102302.7302
102302.7514
102302.7361
102302.6925
102302.6869
102302.6856
102302.6851
102302.685
102302.6852
102302.6857
102302.6864
102302.6873
102302.6884
102302.6895
102302.6906
102302.6917
102302.6927
102302.6937
102302.6945
102302.6952
102302.6959
102302.6964
102302.6969
102302.6973
102302.6976
102302.6978
102302.698
102302.6982
102302.6984
102302.6985
102302.6986
102302.6986
102302.6987
102302.6987
102302.6987
102302.6988
102302.6988
102302.6988
102302.6988
102302.6988
102302.6988
102302.6762
102302.6718
102302.6572
102302.6556
102302.655
102302.6548
102302.6548
102302.655
102302.6555
102302.6561
102302.6569
102302.6578
102302.6588
102302.6598
102302.6607
102302.6616
102302.6625
102302.6632
102302.6639
102302.6645
102302.665
102302.6654
102302.6658
102302.6661
102302.6664
102302.6666
102302.6667
102302.6669
102302.667
102302.6671
102302.6672
102302.6672
102302.6673
102302.6673
102302.6673
102302.6673
102302.6673
102302.6673
102302.6674
102302.6674
102302.6286
102302.6275
102302.6254
102302.6249
102302.6246
102302.6244
102302.6245
102302.6247
102302.6251
102302.6257
102302.6264
102302.6271
102302.628
102302.6289
102302.6297
102302.6305
102302.6313
102302.632
102302.6326
102302.6331
102302.6336
102302.634
102302.6343
102302.6346
102302.6349
102302.6351
102302.6353
102302.6354
102302.6355
102302.6356
102302.6357
102302.6358
102302.6358
102302.6358
102302.6359
102302.6359
102302.6359
102302.6359
102302.6359
102302.6359
102302.5948
102302.5945
102302.5944
102302.5942
102302.594
102302.5939
102302.594
102302.5942
102302.5946
102302.5951
102302.5957
102302.5964
102302.5972
102302.5979
102302.5987
102302.5994
102302.6001
102302.6007
102302.6012
102302.6017
102302.6022
102302.6026
102302.6029
102302.6032
102302.6034
102302.6036
102302.6038
102302.6039
102302.6041
102302.6042
102302.6042
102302.6043
102302.6043
102302.6044
102302.6044
102302.6044
102302.6045
102302.6045
102302.6045
102302.6045
102302.5634
102302.5634
102302.5635
102302.5635
102302.5634
102302.5634
102302.5635
102302.5637
102302.564
102302.5645
102302.565
102302.5656
102302.5663
102302.5669
102302.5676
102302.5682
102302.5689
102302.5694
102302.5699
102302.5704
102302.5708
102302.5712
102302.5715
102302.5718
102302.572
102302.5722
102302.5723
102302.5725
102302.5726
102302.5727
102302.5728
102302.5728
102302.5729
102302.5729
102302.573
102302.573
102302.573
102302.573
102302.573
102302.573
102302.5325
102302.5326
102302.5327
102302.5327
102302.5327
102302.5327
102302.5328
102302.533
102302.5333
102302.5337
102302.5342
102302.5347
102302.5353
102302.5359
102302.5365
102302.5371
102302.5376
102302.5381
102302.5386
102302.539
102302.5394
102302.5398
102302.5401
102302.5403
102302.5405
102302.5407
102302.5409
102302.541
102302.5412
102302.5413
102302.5413
102302.5414
102302.5415
102302.5415
102302.5415
102302.5416
102302.5416
102302.5416
102302.5416
102302.5416
102302.5017
102302.5018
102302.5019
102302.5019
102302.5019
102302.5019
102302.5021
102302.5023
102302.5026
102302.5029
102302.5034
102302.5038
102302.5043
102302.5049
102302.5054
102302.5059
102302.5064
102302.5069
102302.5073
102302.5077
102302.5081
102302.5084
102302.5087
102302.5089
102302.5091
102302.5093
102302.5095
102302.5096
102302.5097
102302.5098
102302.5099
102302.51
102302.51
102302.5101
102302.5101
102302.5101
102302.5101
102302.5102
102302.5102
102302.5102
102302.4708
102302.4709
102302.471
102302.471
102302.471
102302.4711
102302.4713
102302.4715
102302.4717
102302.4721
102302.4724
102302.4729
102302.4733
102302.4738
102302.4743
102302.4747
102302.4752
102302.4756
102302.476
102302.4764
102302.4767
102302.477
102302.4772
102302.4775
102302.4777
102302.4779
102302.478
102302.4782
102302.4783
102302.4784
102302.4784
102302.4785
102302.4786
102302.4786
102302.4787
102302.4787
102302.4787
102302.4787
102302.4787
102302.4787
102302.4399
102302.44
102302.4401
102302.4401
102302.4402
102302.4403
102302.4404
102302.4406
102302.4408
102302.4411
102302.4415
102302.4419
102302.4423
102302.4427
102302.4431
102302.4435
102302.4439
102302.4443
102302.4447
102302.445
102302.4453
102302.4456
102302.4459
102302.4461
102302.4463
102302.4464
102302.4466
102302.4467
102302.4468
102302.4469
102302.447
102302.4471
102302.4471
102302.4472
102302.4472
102302.4472
102302.4473
102302.4473
102302.4473
102302.4473
102302.409
102302.4091
102302.4091
102302.4092
102302.4092
102302.4093
102302.4095
102302.4097
102302.4099
102302.4102
102302.4105
102302.4108
102302.4112
102302.4116
102302.4119
102302.4123
102302.4127
102302.413
102302.4134
102302.4137
102302.414
102302.4142
102302.4145
102302.4147
102302.4149
102302.415
102302.4152
102302.4153
102302.4154
102302.4155
102302.4156
102302.4156
102302.4157
102302.4157
102302.4158
102302.4158
102302.4158
102302.4159
102302.4159
102302.4159
102302.3781
102302.3781
102302.3782
102302.3782
102302.3783
102302.3784
102302.3785
102302.3787
102302.3789
102302.3791
102302.3794
102302.3797
102302.3801
102302.3804
102302.3808
102302.3811
102302.3814
102302.3818
102302.3821
102302.3823
102302.3826
102302.3828
102302.3831
102302.3833
102302.3834
102302.3836
102302.3837
102302.3839
102302.384
102302.3841
102302.3841
102302.3842
102302.3843
102302.3843
102302.3843
102302.3844
102302.3844
102302.3844
102302.3844
102302.3844
102302.3471
102302.3471
102302.3472
102302.3472
102302.3473
102302.3474
102302.3475
102302.3477
102302.3479
102302.3481
102302.3484
102302.3486
102302.3489
102302.3492
102302.3496
102302.3499
102302.3502
102302.3505
102302.3507
102302.351
102302.3513
102302.3515
102302.3517
102302.3519
102302.352
102302.3522
102302.3523
102302.3524
102302.3525
102302.3526
102302.3527
102302.3528
102302.3528
102302.3529
102302.3529
102302.353
102302.353
102302.353
102302.353
102302.353
102302.316
102302.3161
102302.3161
102302.3162
102302.3163
102302.3163
102302.3165
102302.3166
102302.3168
102302.317
102302.3173
102302.3175
102302.3178
102302.3181
102302.3183
102302.3186
102302.3189
102302.3192
102302.3194
102302.3197
102302.3199
102302.3201
102302.3203
102302.3205
102302.3206
102302.3208
102302.3209
102302.321
102302.3211
102302.3212
102302.3213
102302.3214
102302.3214
102302.3215
102302.3215
102302.3215
102302.3215
102302.3216
102302.3216
102302.3216
102302.285
102302.285
102302.2851
102302.2851
102302.2852
102302.2853
102302.2854
102302.2855
102302.2857
102302.2859
102302.2861
102302.2864
102302.2866
102302.2869
102302.2871
102302.2874
102302.2876
102302.2879
102302.2881
102302.2883
102302.2885
102302.2887
102302.2889
102302.2891
102302.2892
102302.2894
102302.2895
102302.2896
102302.2897
102302.2898
102302.2899
102302.2899
102302.29
102302.29
102302.2901
102302.2901
102302.2901
102302.2901
102302.2902
102302.2902
102302.2539
102302.2539
102302.254
102302.254
102302.2541
102302.2542
102302.2543
102302.2544
102302.2546
102302.2548
102302.255
102302.2552
102302.2554
102302.2556
102302.2559
102302.2561
102302.2563
102302.2566
102302.2568
102302.257
102302.2572
102302.2574
102302.2575
102302.2577
102302.2579
102302.258
102302.2581
102302.2582
102302.2583
102302.2584
102302.2585
102302.2585
102302.2586
102302.2586
102302.2586
102302.2587
102302.2587
102302.2587
102302.2587
102302.2587
102302.2228
102302.2228
102302.2229
102302.2229
102302.223
102302.2231
102302.2232
102302.2233
102302.2235
102302.2236
102302.2238
102302.224
102302.2242
102302.2244
102302.2246
102302.2248
102302.225
102302.2253
102302.2255
102302.2257
102302.2258
102302.226
102302.2262
102302.2263
102302.2265
102302.2266
102302.2267
102302.2268
102302.2269
102302.227
102302.227
102302.2271
102302.2271
102302.2272
102302.2272
102302.2273
102302.2273
102302.2273
102302.2273
102302.2273
102302.1917
102302.1917
102302.1917
102302.1918
102302.1919
102302.1919
102302.192
102302.1922
102302.1923
102302.1924
102302.1926
102302.1928
102302.193
102302.1932
102302.1934
102302.1936
102302.1938
102302.1939
102302.1941
102302.1943
102302.1945
102302.1946
102302.1948
102302.1949
102302.1951
102302.1952
102302.1953
102302.1954
102302.1955
102302.1956
102302.1956
102302.1957
102302.1957
102302.1958
102302.1958
102302.1958
102302.1959
102302.1959
102302.1959
102302.1959
102302.1605
102302.1606
102302.1606
102302.1606
102302.1607
102302.1608
102302.1609
102302.161
102302.1611
102302.1612
102302.1614
102302.1616
102302.1617
102302.1619
102302.1621
102302.1623
102302.1625
102302.1626
102302.1628
102302.163
102302.1631
102302.1633
102302.1634
102302.1636
102302.1637
102302.1638
102302.1639
102302.164
102302.1641
102302.1641
102302.1642
102302.1643
102302.1643
102302.1644
102302.1644
102302.1644
102302.1644
102302.1645
102302.1645
102302.1645
102302.1294
102302.1294
102302.1294
102302.1295
102302.1295
102302.1296
102302.1297
102302.1298
102302.1299
102302.13
102302.1302
102302.1303
102302.1305
102302.1306
102302.1308
102302.131
102302.1311
102302.1313
102302.1315
102302.1316
102302.1318
102302.1319
102302.1321
102302.1322
102302.1323
102302.1324
102302.1325
102302.1326
102302.1327
102302.1327
102302.1328
102302.1329
102302.1329
102302.1329
102302.133
102302.133
102302.133
102302.1331
102302.1331
102302.1331
102302.0982
102302.0982
102302.0982
102302.0983
102302.0983
102302.0984
102302.0985
102302.0986
102302.0987
102302.0988
102302.0989
102302.0991
102302.0992
102302.0994
102302.0995
102302.0997
102302.0998
102302.1
102302.1001
102302.1003
102302.1004
102302.1006
102302.1007
102302.1008
102302.1009
102302.101
102302.1011
102302.1012
102302.1013
102302.1013
102302.1014
102302.1015
102302.1015
102302.1015
102302.1016
102302.1016
102302.1016
102302.1016
102302.1016
102302.1017
102302.067
102302.067
102302.067
102302.0671
102302.0671
102302.0672
102302.0673
102302.0674
102302.0675
102302.0676
102302.0677
102302.0678
102302.0679
102302.0681
102302.0682
102302.0684
102302.0685
102302.0687
102302.0688
102302.0689
102302.0691
102302.0692
102302.0693
102302.0694
102302.0695
102302.0696
102302.0697
102302.0698
102302.0699
102302.0699
102302.07
102302.07
102302.0701
102302.0701
102302.0702
102302.0702
102302.0702
102302.0702
102302.0702
102302.0702
102302.0358
102302.0358
102302.0358
102302.0359
102302.0359
102302.036
102302.036
102302.0361
102302.0362
102302.0363
102302.0364
102302.0365
102302.0367
102302.0368
102302.0369
102302.0371
102302.0372
102302.0373
102302.0375
102302.0376
102302.0377
102302.0378
102302.0379
102302.038
102302.0381
102302.0382
102302.0383
102302.0384
102302.0385
102302.0385
102302.0386
102302.0386
102302.0387
102302.0387
102302.0388
102302.0388
102302.0388
102302.0388
102302.0388
102302.0388
102302.0046
102302.0046
102302.0046
102302.0046
102302.0047
102302.0047
102302.0048
102302.0049
102302.005
102302.0051
102302.0052
102302.0053
102302.0054
102302.0055
102302.0056
102302.0057
102302.0059
102302.006
102302.0061
102302.0062
102302.0064
102302.0065
102302.0066
102302.0067
102302.0068
102302.0069
102302.0069
102302.007
102302.0071
102302.0071
102302.0072
102302.0072
102302.0073
102302.0073
102302.0074
102302.0074
102302.0074
102302.0074
102302.0074
102302.0074
102301.9733
102301.9733
102301.9733
102301.9734
102301.9734
102301.9735
102301.9735
102301.9736
102301.9737
102301.9738
102301.9739
102301.974
102301.9741
102301.9742
102301.9743
102301.9744
102301.9745
102301.9747
102301.9748
102301.9749
102301.975
102301.9751
102301.9752
102301.9753
102301.9754
102301.9755
102301.9755
102301.9756
102301.9757
102301.9757
102301.9758
102301.9758
102301.9759
102301.9759
102301.976
102301.976
102301.976
102301.976
102301.976
102301.976
102301.9421
102301.9421
102301.9421
102301.9421
102301.9422
102301.9422
102301.9423
102301.9423
102301.9424
102301.9425
102301.9426
102301.9427
102301.9428
102301.9429
102301.943
102301.9431
102301.9432
102301.9433
102301.9434
102301.9435
102301.9436
102301.9437
102301.9438
102301.9439
102301.944
102301.9441
102301.9442
102301.9442
102301.9443
102301.9444
102301.9444
102301.9444
102301.9445
102301.9445
102301.9446
102301.9446
102301.9446
102301.9446
102301.9446
102301.9446
102301.9108
102301.9108
102301.9108
102301.9109
102301.9109
102301.9109
102301.911
102301.9111
102301.9111
102301.9112
102301.9113
102301.9114
102301.9115
102301.9116
102301.9117
102301.9118
102301.9119
102301.912
102301.9121
102301.9122
102301.9123
102301.9124
102301.9125
102301.9125
102301.9126
102301.9127
102301.9128
102301.9128
102301.9129
102301.913
102301.913
102301.9131
102301.9131
102301.9131
102301.9132
102301.9132
102301.9132
102301.9132
102301.9132
102301.9132
102301.8795
102301.8795
102301.8796
102301.8796
102301.8796
102301.8797
102301.8797
102301.8798
102301.8798
102301.8799
102301.88
102301.8801
102301.8802
102301.8803
102301.8803
102301.8804
102301.8805
102301.8806
102301.8807
102301.8808
102301.8809
102301.881
102301.8811
102301.8812
102301.8813
102301.8813
102301.8814
102301.8815
102301.8815
102301.8816
102301.8816
102301.8817
102301.8817
102301.8817
102301.8818
102301.8818
102301.8818
102301.8818
102301.8818
102301.8818
102301.8482
102301.8482
102301.8483
102301.8483
102301.8483
102301.8484
102301.8484
102301.8485
102301.8485
102301.8486
102301.8487
102301.8488
102301.8488
102301.8489
102301.849
102301.8491
102301.8492
102301.8493
102301.8494
102301.8495
102301.8496
102301.8496
102301.8497
102301.8498
102301.8499
102301.8499
102301.85
102301.8501
102301.8501
102301.8502
102301.8502
102301.8503
102301.8503
102301.8503
102301.8504
102301.8504
102301.8504
102301.8504
102301.8504
102301.8504
102301.8169
102301.817
102301.817
102301.817
102301.817
102301.8171
102301.8171
102301.8172
102301.8172
102301.8173
102301.8174
102301.8174
102301.8175
102301.8176
102301.8177
102301.8178
102301.8179
102301.8179
102301.818
102301.8181
102301.8182
102301.8183
102301.8184
102301.8184
102301.8185
102301.8186
102301.8186
102301.8187
102301.8187
102301.8188
102301.8188
102301.8189
102301.8189
102301.8189
102301.819
102301.819
102301.819
102301.819
102301.819
102301.819
102301.7856
102301.7857
102301.7857
102301.7857
102301.7857
102301.7858
102301.7858
102301.7859
102301.7859
102301.786
102301.786
102301.7861
102301.7862
102301.7863
102301.7863
102301.7864
102301.7865
102301.7866
102301.7867
102301.7867
102301.7868
102301.7869
102301.787
102301.7871
102301.7871
102301.7872
102301.7872
102301.7873
102301.7874
102301.7874
102301.7875
102301.7875
102301.7875
102301.7876
102301.7876
102301.7876
102301.7876
102301.7876
102301.7876
102301.7876
102301.7543
102301.7543
102301.7544
102301.7544
102301.7544
102301.7544
102301.7545
102301.7545
102301.7546
102301.7546
102301.7547
102301.7548
102301.7548
102301.7549
102301.755
102301.7551
102301.7552
102301.7552
102301.7553
102301.7554
102301.7555
102301.7555
102301.7556
102301.7557
102301.7557
102301.7558
102301.7559
102301.7559
102301.756
102301.756
102301.7561
102301.7561
102301.7561
102301.7562
102301.7562
102301.7562
102301.7562
102301.7562
102301.7562
102301.7563
102301.723
102301.723
102301.723
102301.7231
102301.7231
102301.7231
102301.7232
102301.7232
102301.7233
102301.7233
102301.7234
102301.7234
102301.7235
102301.7236
102301.7236
102301.7237
102301.7238
102301.7239
102301.7239
102301.724
102301.7241
102301.7242
102301.7242
102301.7243
102301.7244
102301.7244
102301.7245
102301.7245
102301.7246
102301.7246
102301.7247
102301.7247
102301.7248
102301.7248
102301.7248
102301.7248
102301.7248
102301.7249
102301.7249
102301.7249
102301.6917
102301.6917
102301.6917
102301.6917
102301.6918
102301.6918
102301.6918
102301.6919
102301.6919
102301.692
102301.692
102301.6921
102301.6922
102301.6922
102301.6923
102301.6924
102301.6924
102301.6925
102301.6926
102301.6927
102301.6927
102301.6928
102301.6929
102301.6929
102301.693
102301.6931
102301.6931
102301.6932
102301.6932
102301.6933
102301.6933
102301.6933
102301.6934
102301.6934
102301.6934
102301.6934
102301.6935
102301.6935
102301.6935
102301.6935
102301.6604
102301.6604
102301.6604
102301.6604
102301.6604
102301.6605
102301.6605
102301.6605
102301.6606
102301.6606
102301.6607
102301.6607
102301.6608
102301.6609
102301.6609
102301.661
102301.6611
102301.6612
102301.6612
102301.6613
102301.6614
102301.6614
102301.6615
102301.6616
102301.6616
102301.6617
102301.6617
102301.6618
102301.6618
102301.6619
102301.6619
102301.662
102301.662
102301.662
102301.662
102301.6621
102301.6621
102301.6621
102301.6621
102301.6621
102301.629
102301.629
102301.629
102301.6291
102301.6291
102301.6291
102301.6292
102301.6292
102301.6292
102301.6293
102301.6293
102301.6294
102301.6295
102301.6295
102301.6296
102301.6297
102301.6297
102301.6298
102301.6299
102301.6299
102301.63
102301.6301
102301.6301
102301.6302
102301.6302
102301.6303
102301.6304
102301.6304
102301.6305
102301.6305
102301.6305
102301.6306
102301.6306
102301.6306
102301.6307
102301.6307
102301.6307
102301.6307
102301.6307
102301.6307
102301.5977
102301.5977
102301.5977
102301.5977
102301.5977
102301.5978
102301.5978
102301.5978
102301.5979
102301.5979
102301.598
102301.598
102301.5981
102301.5982
102301.5982
102301.5983
102301.5984
102301.5984
102301.5985
102301.5986
102301.5986
102301.5987
102301.5988
102301.5988
102301.5989
102301.5989
102301.599
102301.599
102301.5991
102301.5991
102301.5992
102301.5992
102301.5992
102301.5992
102301.5993
102301.5993
102301.5993
102301.5993
102301.5993
102301.5993
102301.5663
102301.5663
102301.5663
102301.5664
102301.5664
102301.5664
102301.5665
102301.5665
102301.5665
102301.5666
102301.5666
102301.5667
102301.5667
102301.5668
102301.5669
102301.5669
102301.567
102301.5671
102301.5671
102301.5672
102301.5673
102301.5673
102301.5674
102301.5674
102301.5675
102301.5675
102301.5676
102301.5676
102301.5677
102301.5677
102301.5678
102301.5678
102301.5678
102301.5679
102301.5679
102301.5679
102301.5679
102301.5679
102301.5679
102301.5679
102301.535
102301.535
102301.535
102301.535
102301.535
102301.5351
102301.5351
102301.5351
102301.5352
102301.5352
102301.5353
102301.5353
102301.5354
102301.5354
102301.5355
102301.5356
102301.5356
102301.5357
102301.5358
102301.5358
102301.5359
102301.5359
102301.536
102301.5361
102301.5361
102301.5362
102301.5362
102301.5363
102301.5363
102301.5364
102301.5364
102301.5364
102301.5365
102301.5365
102301.5365
102301.5365
102301.5365
102301.5366
102301.5366
102301.5366
102301.5036
102301.5036
102301.5036
102301.5036
102301.5037
102301.5037
102301.5037
102301.5038
102301.5038
102301.5039
102301.5039
102301.504
102301.504
102301.5041
102301.5041
102301.5042
102301.5043
102301.5043
102301.5044
102301.5044
102301.5045
102301.5046
102301.5046
102301.5047
102301.5047
102301.5048
102301.5048
102301.5049
102301.5049
102301.505
102301.505
102301.5051
102301.5051
102301.5051
102301.5051
102301.5052
102301.5052
102301.5052
102301.5052
102301.5052
102301.4722
102301.4722
102301.4723
102301.4723
102301.4723
102301.4723
102301.4724
102301.4724
102301.4724
102301.4725
102301.4725
102301.4726
102301.4726
102301.4727
102301.4728
102301.4728
102301.4729
102301.4729
102301.473
102301.4731
102301.4731
102301.4732
102301.4733
102301.4733
102301.4734
102301.4734
102301.4735
102301.4735
102301.4736
102301.4736
102301.4736
102301.4737
102301.4737
102301.4737
102301.4738
102301.4738
102301.4738
102301.4738
102301.4738
102301.4738
)
;

boundaryField
{
    front
    {
        type            wedge;
    }
    back
    {
        type            wedge;
    }
    tankWall
    {
        type            fixedFluxPressure;
        gradient        uniform 0;
        value           nonuniform List<scalar> 
120
(
103165.8632
103158.4045
103150.805
103143.1461
103135.4375
103127.6874
103119.9037
103112.0931
103104.2577
103096.401
103088.5243
103080.6295
103072.7183
103064.7924
103056.8533
103048.9017
103040.9383
103032.9639
103024.9792
103016.9842
103008.9789
103000.9631
102992.9369
102984.9004
102976.8542
102968.7993
102960.7362
102952.6645
102944.5845
102936.496
102928.3989
102920.2934
102912.1799
102904.0598
102895.9332
102887.7994
102879.6581
102871.5092
102863.352
102855.1857
102847.0093
102838.8223
102830.6243
102822.4158
102814.1981
102805.974
102797.7467
102789.521
102781.3065
102773.1252
102765.0188
102757.0523
102749.4288
102742.3479
102735.9421
102730.2558
102725.0532
102719.4551
102711.1782
102694.7894
102656.9223
102493.9745
102303.2633
102303.2333
102303.2021
102303.1693
102303.1391
102303.1068
102303.076
102303.0444
102303.0131
102302.9816
102302.9502
102302.9188
102302.8874
102302.856
102302.8245
102302.7931
102302.7617
102302.7302
102302.6988
102302.6674
102302.6359
102302.6045
102302.573
102302.5416
102302.5102
102302.4787
102302.4473
102302.4159
102302.3844
102302.353
102302.3216
102302.2902
102302.2587
102302.2273
102302.1959
102302.1645
102302.1331
102302.1017
102302.0702
102302.0388
102302.0074
102301.976
102301.9446
102301.9132
102301.8818
102301.8504
102301.819
102301.7876
102301.7563
102301.7249
102301.6935
102301.6621
102301.6307
102301.5993
102301.5679
102301.5366
102301.5052
102301.4738
)
;
    }
    bottom
    {
        type            fixedFluxPressure;
        gradient        uniform 0;
        value           nonuniform List<scalar> 
40
(
103166.6425
103166.6406
103166.6364
103166.6298
103166.621
103166.6101
103166.5972
103166.5823
103166.5656
103166.5472
103166.5272
103166.5059
103166.4832
103166.4595
103166.4349
103166.4096
103166.3837
103166.3575
103166.3311
103166.3047
103166.2785
103166.2527
103166.2274
103166.2027
103166.1789
103166.156
103166.1342
103166.1135
103166.0942
103166.0761
103166.0595
103166.0442
103166.0304
103166.018
103166.0069
103165.9968
103165.9887
103165.9764
103165.9849
103165.8632
)
;
    }
    top
    {
        type            fixedFluxPressure;
        gradient        uniform 0;
        value           nonuniform List<scalar> 
40
(
102301.4722
102301.4722
102301.4723
102301.4723
102301.4723
102301.4723
102301.4724
102301.4724
102301.4724
102301.4725
102301.4725
102301.4726
102301.4726
102301.4727
102301.4728
102301.4728
102301.4729
102301.4729
102301.473
102301.4731
102301.4731
102301.4732
102301.4733
102301.4733
102301.4734
102301.4734
102301.4735
102301.4735
102301.4736
102301.4736
102301.4736
102301.4737
102301.4737
102301.4737
102301.4738
102301.4738
102301.4738
102301.4738
102301.4738
102301.4738
)
;
    }
    axis
    {
        type            empty;
    }
}


// ************************************************************************* //
