/*--------------------------------*- C++ -*----------------------------------*\
| =========                 |                                                 |
| \\      /  F ield         | OpenFOAM: The Open Source CFD Toolbox           |
|  \\    /   O peration     | Version:  v1912                                 |
|   \\  /    A nd           | Website:  www.openfoam.com                      |
|    \\/     M anipulation  |                                                 |
\*---------------------------------------------------------------------------*/
FoamFile
{
    version     2.0;
    format      ascii;
    class       volScalarField;
    location    "1";
    object      p;
}
// * * * * * * * * * * * * * * * * * * * * * * * * * * * * * * * * * * * * * //

dimensions      [1 -1 -2 0 0 0 0];


internalField   nonuniform List<scalar> 
4800
(
103761.6119
103761.6087
103761.6011
103761.5892
103761.5733
103761.5535
103761.5302
103761.5035
103761.4737
103761.4411
103761.4061
103761.3691
103761.3303
103761.2901
103761.249
103761.2073
103761.1653
103761.1234
103761.0819
103761.0411
103761.0013
103760.9628
103760.9258
103760.8904
103760.8569
103760.8254
103760.796
103760.7688
103760.7438
103760.7211
103760.7006
103760.6824
103760.6664
103760.6524
103760.6405
103760.63
103760.6219
103760.6104
103760.6182
103760.5361
103746.9001
103746.897
103746.8893
103746.8774
103746.8614
103746.8416
103746.8181
103746.7913
103746.7614
103746.7287
103746.6935
103746.6563
103746.6174
103746.5771
103746.5358
103746.4939
103746.4518
103746.4097
103746.3681
103746.3272
103746.2873
103746.2487
103746.2115
103746.1761
103746.1425
103746.1109
103746.0814
103746.0541
103746.0291
103746.0064
103745.9859
103745.9677
103745.9517
103745.9378
103745.9259
103745.9157
103745.9075
103745.8982
103745.902
103745.8498
103732.1906
103732.1877
103732.18
103732.1679
103732.1518
103732.1318
103732.1082
103732.0811
103732.051
103732.018
103731.9826
103731.945
103731.9058
103731.8652
103731.8236
103731.7814
103731.7389
103731.6966
103731.6546
103731.6135
103731.5733
103731.5344
103731.497
103731.4614
103731.4276
103731.3958
103731.3662
103731.3388
103731.3137
103731.2909
103731.2704
103731.2522
103731.2363
103731.2225
103731.2107
103731.2008
103731.193
103731.186
103731.1873
103731.1034
103717.4835
103717.4807
103717.473
103717.4608
103717.4445
103717.4243
103717.4003
103717.3729
103717.3424
103717.309
103717.2731
103717.2351
103717.1954
103717.1543
103717.1122
103717.0695
103717.0266
103716.9838
103716.9414
103716.8998
103716.8592
103716.8199
103716.7822
103716.7462
103716.7122
103716.6802
103716.6504
103716.6228
103716.5976
103716.5747
103716.5541
103716.5359
103716.52
103716.5062
103716.4947
103716.4852
103716.4778
103716.4724
103716.4726
103716.3669
103702.7788
103702.7762
103702.7684
103702.756
103702.7395
103702.7189
103702.6945
103702.6667
103702.6356
103702.6017
103702.5652
103702.5266
103702.4862
103702.4445
103702.4017
103702.3584
103702.3148
103702.2714
103702.2284
103702.1862
103702.145
103702.1053
103702.0671
103702.0307
103701.9962
103701.9639
103701.9338
103701.906
103701.8806
103701.8576
103701.8369
103701.8187
103701.8028
103701.7892
103701.7778
103701.7686
103701.7616
103701.7574
103701.7571
103701.6338
103688.0766
103688.0741
103688.0662
103688.0536
103688.0367
103688.0157
103687.9908
103687.9624
103687.9307
103687.896
103687.8588
103687.8194
103687.7783
103687.7357
103687.6921
103687.6479
103687.6035
103687.5593
103687.5155
103687.4726
103687.4308
103687.3904
103687.3516
103687.3147
103687.2797
103687.247
103687.2165
103687.1885
103687.1628
103687.1396
103687.1189
103687.1006
103687.0847
103687.0712
103687.06
103687.0511
103687.0443
103687.0406
103687.0396
103686.9037
103673.3768
103673.3745
103673.3665
103673.3536
103673.3363
103673.3148
103673.2893
103673.2601
103673.2276
103673.1921
103673.154
103673.1137
103673.0715
103673.0279
103672.9833
103672.9382
103672.8928
103672.8476
103672.8029
103672.7591
103672.7164
103672.6752
103672.6357
103672.5982
103672.5627
103672.5294
103672.4985
103672.4701
103672.4442
103672.4208
103672.3999
103672.3815
103672.3656
103672.3522
103672.3412
103672.3326
103672.3259
103672.3226
103672.3207
103672.1748
103658.6796
103658.6775
103658.6693
103658.6561
103658.6383
103658.6161
103658.5899
103658.5599
103658.5265
103658.49
103658.4508
103658.4093
103658.366
103658.3212
103658.2754
103658.2291
103658.1825
103658.1362
103658.0904
103658.0455
103658.0019
103657.9598
103657.9195
103657.8811
103657.845
103657.8112
103657.7798
103657.7509
103657.7246
103657.701
103657.6799
103657.6615
103657.6456
103657.6323
103657.6214
103657.613
103657.6066
103657.6038
103657.6019
103657.444
103643.985
103643.983
103643.9746
103643.961
103643.9427
103643.9198
103643.8927
103643.8617
103643.8272
103643.7895
103643.7491
103643.7063
103643.6616
103643.6155
103643.5683
103643.5206
103643.4727
103643.425
103643.378
103643.332
103643.2872
103643.2441
103643.2028
103643.1636
103643.1266
103643.0921
103643.0602
103643.0309
103643.0042
103642.9803
103642.959
103642.9405
103642.9246
103642.9113
103642.9006
103642.8924
103642.8863
103642.884
103642.8824
103642.7125
103629.293
103629.2912
103629.2826
103629.2685
103629.2495
103629.2258
103629.1978
103629.1657
103629.1299
103629.0909
103629.049
103629.0047
103628.9585
103628.9108
103628.8621
103628.8128
103628.7634
103628.7142
103628.6657
103628.6183
103628.5723
103628.5279
103628.4856
103628.4454
103628.4076
103628.3723
103628.3397
103628.3099
103628.2828
103628.2585
103628.2371
103628.2184
103628.2025
103628.1893
103628.1786
103628.1707
103628.1649
103628.1629
103628.1618
103627.981
103614.6036
103614.602
103614.5932
103614.5786
103614.5589
103614.5343
103614.5051
103614.4717
103614.4346
103614.394
103614.3505
103614.3046
103614.2566
103614.2071
103614.1566
103614.1056
103614.0544
103614.0036
103613.9535
103613.9045
103613.8571
103613.8114
103613.7678
103613.7266
103613.6878
103613.6517
103613.6184
103613.5879
103613.5604
103613.5358
103613.5141
103613.4953
103613.4793
103613.4661
103613.4556
103613.4479
103613.4423
103613.4405
103613.4399
103613.249
103599.9171
103599.9157
103599.9065
103599.8914
103599.8708
103599.8452
103599.8147
103599.7799
103599.7412
103599.6989
103599.6536
103599.6058
103599.5559
103599.5045
103599.452
103599.3989
103599.3458
103599.2931
103599.2413
103599.1906
103599.1416
103599.0944
103599.0495
103599.007
103598.9672
103598.9302
103598.8961
103598.865
103598.8369
103598.8119
103598.7899
103598.771
103598.7549
103598.7418
103598.7314
103598.7238
103598.7185
103598.7169
103598.7166
103598.5165
103585.2333
103585.2321
103585.2227
103585.2069
103585.1854
103585.1586
103585.1268
103585.0904
103585.0499
103585.0057
103584.9584
103584.9084
103584.8564
103584.8027
103584.7481
103584.6929
103584.6376
103584.5828
103584.529
103584.4764
103584.4256
103584.3769
103584.3304
103584.2866
103584.2456
103584.2076
103584.1727
103584.1409
103584.1123
103584.0869
103584.0646
103584.0455
103584.0294
103584.0163
103584.006
103583.9986
103583.9935
103583.9921
103583.9917
103583.7836
103570.5525
103570.5516
103570.5418
103570.5253
103570.5027
103570.4746
103570.4412
103570.4031
103570.3606
103570.3143
103570.2648
103570.2125
103570.1581
103570.102
103570.0449
103569.9872
103569.9297
103569.8726
103569.8165
103569.7619
103569.7092
103569.6587
103569.6106
103569.5654
103569.5231
103569.484
103569.4482
103569.4156
103569.3864
103569.3606
103569.338
103569.3187
103569.3026
103569.2895
103569.2794
103569.2721
103569.2673
103569.2662
103569.265
103569.0501
103555.8747
103555.874
103555.8638
103555.8465
103555.8228
103555.7932
103555.7582
103555.7181
103555.6734
103555.6248
103555.5728
103555.518
103555.4609
103555.4021
103555.3424
103555.2821
103555.2219
103555.1623
103555.1039
103555.0471
103554.9922
103554.9397
103554.89
103554.8431
103554.7995
103554.7592
103554.7224
103554.6891
103554.6593
103554.633
103554.6102
103554.5907
103554.5745
103554.5615
103554.5514
103554.5444
103554.5399
103554.5389
103554.5365
103554.3157
103541.1999
103541.1996
103541.1889
103541.1708
103541.1458
103541.1146
103541.0776
103541.0354
103540.9884
103540.9372
103540.8825
103540.8248
103540.7648
103540.7032
103540.6404
103540.5773
103540.5143
103540.452
103540.391
103540.3317
103540.2745
103540.2199
103540.1683
103540.1198
103540.0747
103540.0332
103539.9953
103539.9612
103539.9307
103539.904
103539.8809
103539.8612
103539.845
103539.832
103539.8222
103539.8153
103539.8112
103539.8104
103539.8065
103539.5805
103526.5283
103526.5283
103526.5172
103526.4981
103526.4717
103526.4388
103526.3997
103526.3551
103526.3054
103526.2515
103526.1938
103526.133
103526.0699
103526.005
103525.9391
103525.8728
103525.8067
103525.7415
103525.6776
103525.6156
103525.556
103525.4992
103525.4455
103525.3952
103525.3486
103525.3057
103525.2668
103525.2318
103525.2007
103525.1735
103525.1501
103525.1303
103525.1141
103525.1012
103525.0915
103525.0849
103525.081
103525.0804
103525.0751
103524.8444
103511.86
103511.8604
103511.8488
103511.8285
103511.8007
103511.7658
103511.7244
103511.6772
103511.6247
103511.5676
103511.5066
103511.4425
103511.3759
103511.3076
103511.2382
103511.1685
103511.0991
103511.0306
103510.9637
103510.8988
103510.8366
103510.7773
103510.7214
103510.6692
103510.6209
103510.5767
103510.5366
103510.5008
103510.469
103510.4414
103510.4177
103510.3979
103510.3816
103510.3689
103510.3594
103510.3531
103510.3495
103510.3489
103510.3424
103510.1073
103497.195
103497.1959
103497.1837
103497.1623
103497.1327
103497.0957
103497.0518
103497.0017
103496.9461
103496.8856
103496.8211
103496.7533
103496.683
103496.6108
103496.5377
103496.4643
103496.3912
103496.3193
103496.2491
103496.1811
103496.116
103496.0541
103495.9959
103495.9417
103495.8917
103495.846
103495.8048
103495.768
103495.7356
103495.7076
103495.6837
103495.6637
103495.6476
103495.6351
103495.6258
103495.6198
103495.6165
103495.6162
103495.6081
103495.3691
103482.5334
103482.5348
103482.522
103482.4993
103482.4679
103482.4286
103482.3819
103482.3287
103482.2696
103482.2055
103482.1371
103482.0653
103481.9909
103481.9146
103481.8374
103481.76
103481.6831
103481.6074
103481.5336
103481.4623
103481.3941
103481.3295
103481.2688
103481.2124
103481.1605
103481.1134
103481.0709
103481.0333
103481.0003
103480.9718
103480.9478
103480.9279
103480.9119
103480.8996
103480.8907
103480.885
103480.8822
103480.8822
103480.8721
103480.6298
103467.8754
103467.8774
103467.864
103467.8398
103467.8064
103467.7645
103467.7148
103467.6581
103467.5952
103467.5271
103467.4545
103467.3784
103467.2995
103467.2189
103467.1373
103467.0555
103466.9744
103466.8946
103466.817
103466.7422
103466.6707
103466.6031
103466.5398
103466.4811
103466.4274
103466.3786
103466.335
103466.2964
103466.2629
103466.2341
103466.2099
103466.1901
103466.1743
103466.1624
103466.1539
103466.1487
103466.1464
103466.147
103466.1343
103465.8896
103453.221
103453.2237
103453.2095
103453.1839
103453.1482
103453.1034
103453.0504
103452.9899
103452.923
103452.8505
103452.7733
103452.6925
103452.6089
103452.5234
103452.437
103452.3506
103452.2649
103452.1809
103452.0992
103452.0205
103451.9455
103451.8748
103451.8087
103451.7476
103451.6919
103451.6415
103451.5967
103451.5573
103451.5232
103451.4942
103451.47
103451.4503
103451.4349
103451.4234
103451.4153
103451.4106
103451.4088
103451.4098
103451.3956
103451.1485
103438.5704
103438.5739
103438.5589
103438.5314
103438.4933
103438.4454
103438.3887
103438.3242
103438.2528
103438.1755
103438.0934
103438.0074
103437.9186
103437.828
103437.7365
103437.6451
103437.5545
103437.4658
103437.3797
103437.297
103437.2183
103437.1442
103437.0752
103437.0116
103436.9538
103436.9018
103436.8558
103436.8156
103436.781
103436.7519
103436.7278
103436.7085
103436.6935
103436.6825
103436.675
103436.6709
103436.6694
103436.6707
103436.6558
103436.4063
103423.9235
103423.9279
103423.912
103423.8827
103423.8418
103423.7905
103423.7298
103423.6608
103423.5845
103423.502
103423.4145
103423.3231
103423.2287
103423.1325
103423.0355
103422.9386
103422.8429
103422.7492
103422.6584
103422.5713
103422.4886
103422.411
103422.3389
103422.2727
103422.2128
103422.1592
103422.112
103422.0711
103422.0361
103422.007
103421.9831
103421.9643
103421.9499
103421.9395
103421.9328
103421.9294
103421.9286
103421.9306
103421.9138
103421.6625
103409.2804
103409.2859
103409.269
103409.2376
103409.1937
103409.1386
103409.0735
103408.9996
103408.918
103408.8299
103408.7366
103408.6392
103408.5388
103408.4366
103408.3337
103408.231
103408.1297
103408.0307
103407.9349
103407.8432
103407.7563
103407.6748
103407.5995
103407.5306
103407.4685
103407.4133
103407.365
103407.3234
103407.2882
103407.2592
103407.2358
103407.2176
103407.204
103407.1945
103407.1886
103407.1862
103407.1862
103407.1889
103407.1699
103406.917
103394.6412
103394.6479
103394.63
103394.5962
103394.549
103394.4898
103394.4199
103394.3405
103394.2531
103394.159
103394.0593
103393.9554
103393.8486
103393.74
103393.6307
103393.5219
103393.4146
103393.3099
103393.2088
103393.1121
103393.0207
103392.9353
103392.8566
103392.7849
103392.7206
103392.6638
103392.6144
103392.5723
103392.5371
103392.5083
103392.4856
103392.4683
103392.4556
103392.4472
103392.4425
103392.4412
103392.4422
103392.4457
103392.4241
103392.1701
103380.006
103380.0141
103379.9949
103379.9585
103379.9076
103379.8438
103379.7686
103379.6834
103379.5897
103379.4889
103379.3824
103379.2716
103379.1578
103379.0423
103378.9262
103378.8108
103378.6972
103378.5864
103378.4795
103378.3776
103378.2814
103378.1919
103378.1096
103378.035
103377.9685
103377.9101
103377.8598
103377.8173
103377.7822
103377.7541
103377.7323
103377.7161
103377.7046
103377.6976
103377.6943
103377.6943
103377.6965
103377.7013
103377.6765
103377.4221
103365.3746
103365.3843
103365.3638
103365.3245
103365.2695
103365.2006
103365.1196
103365.0279
103364.9273
103364.8193
103364.7055
103364.5873
103364.466
103364.3431
103364.2198
103364.0973
103363.9768
103363.8596
103363.7467
103363.6391
103363.5379
103363.444
103363.358
103363.2804
103363.2116
103363.1518
103363.1006
103363.058
103363.0233
103362.9961
103362.9755
103362.9607
103362.9508
103362.9455
103362.9438
103362.9454
103362.9491
103362.9554
103362.9272
103362.6732
103350.7472
103350.7587
103350.7366
103350.694
103350.6344
103350.56
103350.4725
103350.3738
103350.2657
103350.15
103350.0282
103349.9019
103349.7727
103349.6419
103349.5108
103349.3808
103349.2531
103349.129
103349.0096
103348.8961
103348.7896
103348.691
103348.6011
103348.5205
103348.4495
103348.3882
103348.3365
103348.2939
103348.26
103348.2339
103348.215
103348.2018
103348.194
103348.1907
103348.1909
103348.1943
103348.1994
103348.207
103348.1775
103347.9231
103336.1236
103336.1372
103336.1133
103336.0668
103336.0022
103335.9216
103335.8271
103335.7207
103335.6045
103335.4802
103335.3499
103335.215
103335.0773
103334.938
103334.7987
103334.6607
103334.5253
103334.3938
103334.2676
103334.1478
103334.0356
103333.9321
103333.8382
103333.7546
103333.6814
103333.6189
103333.5667
103333.5245
103333.4916
103333.4672
103333.4502
103333.4393
103333.4339
103333.4331
103333.4357
103333.4411
103333.4478
103333.4565
103333.4264
103333.1714
103321.5037
103321.5197
103321.4935
103321.4429
103321.3725
103321.2851
103321.1829
103321.0681
103320.9429
103320.8096
103320.67
103320.526
103320.3791
103320.2309
103320.0828
103319.9363
103319.7927
103319.6534
103319.5198
103319.3933
103319.2752
103319.1666
103319.0686
103318.9817
103318.9065
103318.8428
103318.7906
103318.7491
103318.7178
103318.6955
103318.6808
103318.6726
103318.6703
103318.6725
103318.6779
103318.6859
103318.6945
103318.7048
103318.6728
103318.4178
103306.8875
103306.9061
103306.8772
103306.8216
103306.745
103306.65
103306.5393
103306.4152
103306.2804
103306.1373
103305.9879
103305.834
103305.6774
103305.5197
103305.3623
103305.2067
103305.0544
103304.9068
103304.7654
103304.6318
103304.5073
103304.3934
103304.2911
103304.2011
103304.1238
103304.0594
103304.0073
103303.967
103303.9377
103303.9181
103303.9063
103303.9016
103303.9029
103303.9087
103303.9175
103303.9286
103303.9396
103303.9515
103303.9171
103303.6624
103292.2746
103292.2961
103292.2638
103292.2027
103292.119
103292.0157
103291.8955
103291.7614
103291.6162
103291.4625
103291.3024
103291.1381
103290.9712
103290.8034
103290.6361
103290.471
103290.3094
103290.153
103290.0033
103289.8621
103289.731
103289.6114
103289.5046
103289.4115
103289.3325
103289.2674
103289.216
103289.1774
103289.1507
103289.1343
103289.1262
103289.1258
103289.1314
103289.1416
103289.1544
103289.1691
103289.1832
103289.1971
103289.1593
103288.9059
103277.6647
103277.6892
103277.6528
103277.5853
103277.4937
103277.3812
103277.2507
103277.1056
103276.9491
103276.784
103276.6127
103276.4372
103276.2594
103276.0809
103275.9033
103275.728
103275.5566
103275.3908
103275.2323
103275.083
103274.9447
103274.8193
103274.708
103274.6118
103274.5311
103274.4659
103274.4156
103274.3793
103274.356
103274.3434
103274.3399
103274.3446
103274.3556
103274.3709
103274.3885
103274.4074
103274.4254
103274.442
103274.3994
103274.1488
103263.0571
103263.0846
103263.0431
103262.9684
103262.8681
103262.7453
103262.6035
103262.4465
103262.2779
103262.1006
103261.9173
103261.7301
103261.5408
103261.351
103261.1624
103260.9764
103260.7946
103260.6188
103260.4508
103260.2929
103260.1472
103260.0156
103259.8997
103259.8006
103259.7186
103259.6536
103259.6049
103259.5717
103259.5525
103259.5445
103259.5467
103259.5576
103259.5749
103259.5963
103259.6196
103259.6433
103259.6651
103259.6844
103259.6407
103259.3922
103248.4503
103248.4811
103248.4335
103248.3508
103248.2408
103248.1067
103247.9526
103247.7827
103247.6011
103247.411
103247.2151
103247.0154
103246.8141
103246.6126
103246.4124
103246.215
103246.0221
103245.8355
103245.6573
103245.4901
103245.3365
103245.1985
103245.078
103244.9761
103244.8932
103244.829
103244.7827
103244.7533
103244.739
103244.7367
103244.7459
103244.7642
103244.7891
103244.8178
103244.8477
103244.877
103244.9027
103244.9248
103244.8832
103244.6357
103233.8425
103233.8769
103233.8223
103233.7309
103233.6104
103233.4641
103233.2968
103233.1132
103232.918
103232.7143
103232.505
103232.2924
103232.0784
103231.8646
103231.6524
103231.4431
103231.2381
103231.0397
103230.8504
103230.673
103230.5107
103230.366
103230.241
103230.1368
103230.0534
103229.9906
103229.9474
103229.9228
103229.9142
103229.919
103229.9364
103229.9637
103229.9976
103230.0351
103230.0729
103230.1089
103230.1395
103230.1653
103230.1239
103229.8785
103219.2325
103219.2708
103219.2088
103219.1082
103218.9763
103218.8166
103218.6344
103218.4357
103218.2256
103218.0073
103217.7838
103217.5573
103217.3299
103217.1031
103216.8782
103216.6562
103216.4388
103216.2281
103216.0271
103215.8391
103215.6677
103215.5162
103215.3867
103215.2804
103215.1973
103215.1365
103215.0973
103215.0784
103215.0765
103215.0899
103215.1172
103215.1552
103215.2
103215.248
103215.2952
103215.339
103215.3756
103215.4054
103215.3636
103215.1207
103204.623
103204.6632
103204.5932
103204.4822
103204.3372
103204.1624
103203.9641
103203.7491
103203.5225
103203.2881
103203.0489
103202.8074
103202.5656
103202.3248
103202.0861
103201.8505
103201.6195
103201.3951
103201.1812
103200.982
103200.8019
103200.6446
103200.5121
103200.4048
103200.3227
103200.2648
103200.2304
103200.2183
103200.2243
103200.248
103200.2872
103200.3379
103200.3958
103200.4562
103200.5145
103200.5676
103200.6112
103200.6452
103200.6031
103200.3631
103190.016
103190.0535
103189.9761
103189.8541
103189.6939
103189.5011
103189.2845
103189.0515
103188.8075
103188.5562
103188.3007
103188.0436
103187.7866
103187.5307
103187.2765
103187.0247
103186.7769
103186.536
103186.3071
103186.0959
103185.9078
103185.7454
103185.6113
103185.5053
103185.4264
103185.373
103185.3445
103185.3401
103185.3554
103185.3913
103185.4446
103185.5107
103185.5842
103185.6595
103185.7311
103185.7951
103185.8466
103185.8853
103185.843
103185.6061
103175.4217
103175.4485
103175.3644
103175.2299
103175.052
103174.8395
103174.6033
103174.3521
103174.0911
103173.8235
103173.5523
103173.2799
103173.0078
103172.736
103172.4643
103172.1928
103171.9237
103171.6616
103171.4125
103171.1842
103170.9838
103170.8151
103170.6802
103170.5779
103170.5043
103170.4571
103170.4362
103170.4407
103170.4674
103170.5176
103170.5876
103170.6721
103170.7645
103170.8579
103170.9453
103171.0221
103171.083
103171.127
103171.0832
103170.8508
103160.8637
103160.8669
103160.7731
103160.6232
103160.4267
103160.1953
103159.9416
103159.6741
103159.3972
103159.1138
103158.8272
103158.5396
103158.2518
103157.9627
103157.6707
103157.3756
103157.0796
103156.7889
103156.5121
103156.2601
103156.0426
103155.8654
103155.7283
103155.627
103155.5566
103155.515
103155.502
103155.5164
103155.5566
103155.6238
103155.7139
103155.8206
103155.9359
103156.0511
103156.1575
103156.2491
103156.3205
103156.3704
103156.3264
103156.0986
103146.368
103146.3309
103146.2213
103146.0546
103145.8409
103145.5924
103145.3224
103145.039
103144.746
103144.4467
103144.1445
103143.8417
103143.538
103143.2303
103142.9153
103142.5918
103142.2624
103141.9353
103141.6225
103141.3393
103141.0991
103140.9085
103140.7653
103140.6621
103140.5924
103140.5524
103140.5428
103140.5648
103140.619
103140.7058
103140.82
103140.954
103141.0975
103141.2392
103141.3683
103141.4775
103141.5609
103141.6174
103141.5734
103141.351
103131.9567
103131.863
103131.7303
103131.5457
103131.3159
103131.0516
103130.7659
103130.4661
103130.1564
103129.8406
103129.5231
103129.2061
103128.8876
103128.562
103128.2234
103127.869
103127.5015
103127.1304
103126.7719
103126.4474
103126.175
103125.9631
103125.8069
103125.6958
103125.6203
103125.5751
103125.5624
103125.5872
103125.6529
103125.7596
103125.9016
103126.069
103126.2476
103126.4224
103126.5791
103126.7087
103126.8056
103126.8691
103126.8258
103126.6092
103117.6121
103117.4794
103117.321
103117.115
103116.8661
103116.5855
103116.2831
103115.9658
103115.6385
103115.3061
103114.973
103114.6411
103114.3079
103113.9661
103113.6075
103113.2263
103112.8222
103112.4064
103111.9996
103111.6273
103111.3137
103111.0687
103110.8863
103110.7538
103110.6592
103110.5957
103110.568
103110.5862
103110.6577
103110.7826
103110.9555
103111.1626
103111.385
103111.6011
103111.7914
103111.9448
103112.0564
103112.1273
103112.0849
103111.8744
103103.3531
103103.1714
103102.9915
103102.7649
103102.4938
103102.1916
103101.8692
103101.5337
103101.1896
103100.8415
103100.4938
103100.1476
103099.7988
103099.4384
103099.0576
103098.6509
103098.2186
103097.772
103097.3315
103096.9224
103096.5652
103096.2738
103096.0483
103095.8748
103095.7405
103095.6389
103095.5777
103095.5723
103095.6367
103095.7748
103095.9789
103096.2319
103096.5085
103096.7762
103097.0075
103097.1881
103097.3156
103097.3942
103097.3514
103097.1484
103089.1604
103088.9283
103088.7253
103088.476
103088.1818
103087.8596
103087.5186
103087.1655
103086.805
103086.4415
103086.0789
103085.7172
103085.3514
103084.9723
103084.571
103084.1425
103083.6874
103083.2156
103082.7473
103082.3076
103081.9172
103081.5887
103081.3188
103081.0907
103080.8957
103080.7341
103080.6187
103080.5697
103080.6079
103080.7448
103080.9742
103081.2782
103081.6206
103081.9519
103082.2318
103082.4425
103082.5853
103082.6703
103082.63
103082.4341
103075.0044
103074.7341
103074.5068
103074.2345
103073.9172
103073.5731
103073.2128
103072.842
103072.4649
103072.0859
103071.708
103071.3304
103070.9476
103070.5509
103070.1319
103069.6842
103069.2105
103068.7208
103068.2343
103067.7748
103067.3589
103066.9919
103066.6699
103066.3828
103066.1261
103065.8976
103065.7171
103065.6119
103065.6044
103065.7185
103065.9604
103066.313
103066.7296
103067.1363
103067.4717
103067.7135
103067.8706
103067.9603
103067.9189
103067.7348
103060.8586
103060.5655
103060.3144
103060.0179
103059.6785
103059.3129
103058.9335
103058.5454
103058.1526
103057.7587
103057.366
103056.973
103056.574
103056.1611
103055.7262
103055.2627
103054.774
103054.2715
103053.7728
103053.2994
103052.8626
103052.4623
103052.0939
103051.7488
103051.4229
103051.1227
103050.8766
103050.7164
103050.6632
103050.7396
103050.9721
103051.3643
103051.8591
103052.3472
103052.7389
103053.0082
103053.1747
103053.266
103053.2191
103053.0581
103046.6975
103046.3982
103046.1252
103045.8052
103045.4463
103045.0635
103044.6677
103044.2647
103043.8582
103043.451
103043.0445
103042.6366
103042.222
103041.7933
103041.3427
103040.8665
103040.3674
103039.8571
103039.352
103038.8676
103038.4139
103037.9868
103037.5798
103037.1844
103036.7993
103036.4367
103036.125
103035.9018
103035.7983
103035.8356
103036.0503
103036.4742
103037.0477
103037.6176
103038.0553
103038.3358
103038.5009
103038.5878
103038.5322
103038.424
103032.4995
103032.2099
103031.9201
103031.5815
103031.2083
103030.8147
103030.4087
103029.9954
103029.5783
103029.16
103028.7406
103028.3179
103027.887
103027.4409
103026.9742
103026.4864
103025.9809
103025.4676
103024.9609
103024.471
103024.0044
103023.5583
103023.1249
103022.6935
103022.264
103021.8514
103021.4829
103021.1994
103021.0389
103021.0295
103021.2151
103021.6681
103022.3305
103022.9821
103023.4463
103023.7109
103023.8552
103023.9283
103023.8533
103023.8821
103018.253
103017.9861
103017.6867
103017.3376
103016.959
103016.5628
103016.1548
103015.7382
103015.3153
103014.8879
103014.4561
103014.0177
103013.5681
103013.1022
103012.618
103012.1176
103011.6063
103011.0915
103010.5846
103010.0947
103009.622
103009.1687
103008.72
103008.2708
103007.8186
103007.3765
103006.9667
103006.6266
103006.4009
103006.3325
103006.492
103006.964
103007.7158
103008.4505
103008.9252
103009.14
103009.2403
103009.291
103009.1688
103009.5252
103003.9593
103003.7241
103003.4237
103003.0735
103002.6995
103002.3111
103001.9105
103001.4983
103001.075
103000.6411
103000.1969
102999.7405
102999.2688
102998.7798
102998.2746
102997.7577
102997.2361
102996.7167
102996.2083
102995.7187
102995.2493
102994.799
102994.3526
102993.9026
102993.4502
102993.0029
102992.5742
102992.189
102991.8883
102991.7372
102991.8398
102992.2977
102993.1249
102993.9842
102994.4901
102994.6208
102994.6436
102994.6734
102994.5187
102995.521
102989.6348
102989.4375
102989.1434
102988.8012
102988.4418
102988.0711
102987.6869
102987.2864
102986.8677
102986.4296
102985.9726
102985.4959
102984.9984
102984.4819
102983.9501
102983.4098
102982.8693
102982.3366
102981.8217
102981.3312
102980.8667
102980.4266
102980.0033
102979.5776
102979.1507
102978.7231
102978.3018
102977.8884
102977.5007
102977.2205
102977.1864
102977.52
102978.3378
102979.3459
102980.0179
102980.1337
102980.0525
102980.0705
102980.0876
102982.0785
102975.3421
102975.1647
102974.8831
102974.5544
102974.2152
102973.8684
102973.5061
102973.1218
102972.7107
102972.27
102971.7995
102971.3
102970.7737
102970.2252
102969.6606
102969.0887
102968.5202
102967.9639
102967.4339
102966.9395
102966.4817
102966.0571
102965.6607
102965.2869
102964.9169
102964.54
102964.1598
102963.7507
102963.2773
102962.7992
102962.4799
102962.5064
102963.1347
102964.2441
102965.2445
102965.5495
102965.4592
102965.5251
102966.212
102969.4394
102961.1857
102961.0028
102960.718
102960.3992
102960.0783
102959.7546
102959.4134
102959.0436
102958.6388
102958.1942
102957.709
102957.1856
102956.6287
102956.0448
102955.442
102954.8309
102954.2264
102953.6416
102953.0947
102952.5967
102952.1493
102951.751
102951.3953
102951.0755
102950.7849
102950.5008
102950.2001
102949.8353
102949.2937
102948.5581
102947.7469
102947.236
102947.4083
102948.5442
102950.0599
102950.9425
102951.0471
102951.2685
102953.3596
102957.8467
102947.2525
102947.0613
102946.7654
102946.4452
102946.1371
102945.8333
102945.5084
102945.1462
102944.7407
102944.2863
102943.7825
102943.2347
102942.6498
102942.0327
102941.3907
102940.736
102940.0885
102939.4758
102938.9201
102938.4323
102938.0169
102937.6726
102937.387
102937.148
102936.9538
102936.7835
102936.6021
102936.3286
102935.7917
102934.8433
102933.514
102932.2797
102931.7161
102932.5012
102934.6563
102936.6847
102937.4491
102938.1319
102941.9904
102947.4201
102933.6543
102933.4608
102933.1641
102932.856
102932.5737
102932.3034
102932.0076
102931.6633
102931.2646
102930.8045
102930.2853
102929.7195
102929.1185
102928.4852
102927.8191
102927.1302
102926.4453
102925.8063
102925.2468
102924.7862
102924.4328
102924.1864
102924.0246
102923.9243
102923.8869
102923.9083
102923.9498
102923.9057
102923.5752
102922.6959
102921.2255
102919.5223
102918.2658
102918.1698
102920.1509
102923.1148
102925.4954
102927.35
102932.3188
102938.0198
102920.5062
102920.3373
102920.0741
102919.8411
102919.6676
102919.5222
102919.3529
102919.1294
102918.8384
102918.464
102918.0118
102917.5061
102916.9674
102916.3973
102915.7845
102915.1328
102914.4687
102913.8383
102913.2883
102912.854
102912.5473
102912.3808
102912.3294
102912.3716
102912.5031
102912.7307
102913.0445
102913.3689
102913.5135
102913.1507
102912.2164
102910.8186
102909.4385
102908.7189
102909.2392
102911.5793
102915.0881
102918.5654
102923.9001
102929.1295
102908.3245
102908.2942
102908.244
102908.2535
102908.3409
102908.481
102908.6144
102908.7019
102908.7198
102908.6454
102908.48
102908.2455
102907.9615
102907.6248
102907.2292
102906.7841
102906.3106
102905.8402
102905.4066
102905.037
102904.749
102904.5636
102904.4776
102904.4836
102904.5789
102904.7664
102905.0769
102905.5003
102905.9398
102906.1767
102906.0683
102905.5115
102904.6977
102904.043
102903.6
102904.3196
102906.625
102910.5752
102915.8049
102920.0146
102901.2552
102901.302
102901.3786
102901.4884
102901.6428
102901.84
102902.06
102902.2804
102902.4824
102902.6443
102902.7517
102902.8054
102902.8098
102902.7534
102902.6384
102902.4765
102902.2833
102902.0747
102901.8638
102901.6594
102901.4718
102901.3138
102901.203
102901.1385
102901.1066
102901.1047
102901.1653
102901.3016
102901.5101
102901.7817
102902.0022
102902.0479
102901.8917
102901.6173
102901.3061
102901.1118
102901.7151
102903.9154
102907.5838
102910.3646
102899.8287
102899.8303
102899.8387
102899.8541
102899.8796
102899.9195
102899.9801
102900.0603
102900.1553
102900.2568
102900.3552
102900.4435
102900.5186
102900.5711
102900.5984
102900.6012
102900.5848
102900.5534
102900.5108
102900.4573
102900.3956
102900.3346
102900.2879
102900.262
102900.2419
102900.2076
102900.1493
102900.0788
102900.0318
102900.0577
102900.1314
102900.217
102900.2637
102900.2474
102900.2054
102900.0792
102900.0438
102900.4393
102901.5463
102902.5162
102899.7496
102899.741
102899.7331
102899.7299
102899.7288
102899.7287
102899.7295
102899.7318
102899.7376
102899.749
102899.766
102899.7875
102899.8126
102899.8398
102899.8652
102899.8871
102899.9051
102899.9178
102899.925
102899.9258
102899.921
102899.914
102899.9108
102899.9177
102899.936
102899.9466
102899.9092
102899.8441
102899.7891
102899.7656
102899.7495
102899.7386
102899.7381
102899.7473
102899.7641
102899.7603
102899.7333
102899.7221
102899.7177
102899.7192
102899.6769
102899.6723
102899.6684
102899.6659
102899.6644
102899.6635
102899.6626
102899.6605
102899.6574
102899.6555
102899.6555
102899.6569
102899.6594
102899.6634
102899.6689
102899.6756
102899.6829
102899.6903
102899.697
102899.7028
102899.7077
102899.7126
102899.7182
102899.7249
102899.7334
102899.739
102899.7238
102899.6977
102899.6838
102899.6863
102899.68
102899.6715
102899.6664
102899.6631
102899.6608
102899.6599
102899.658
102899.6572
102899.657
102899.6577
102899.6077
102899.6058
102899.6037
102899.602
102899.6007
102899.5996
102899.5984
102899.5967
102899.5944
102899.5925
102899.5916
102899.5915
102899.5917
102899.5921
102899.593
102899.5945
102899.5962
102899.5982
102899.6003
102899.6026
102899.6052
102899.608
102899.6106
102899.6115
102899.6086
102899.5998
102899.5862
102899.5758
102899.584
102899.6058
102899.6102
102899.6067
102899.6033
102899.6008
102899.5988
102899.5976
102899.5963
102899.5955
102899.5952
102899.5954
102899.542
102899.541
102899.5398
102899.5386
102899.5374
102899.5363
102899.535
102899.5335
102899.5316
102899.5298
102899.5286
102899.5281
102899.5281
102899.5282
102899.5284
102899.5287
102899.5292
102899.5297
102899.5302
102899.5307
102899.5311
102899.5313
102899.5302
102899.526
102899.5162
102899.501
102899.488
102899.4874
102899.5067
102899.5321
102899.5405
102899.5408
102899.5392
102899.5375
102899.536
102899.5349
102899.534
102899.5333
102899.533
102899.533
102899.478
102899.4773
102899.4765
102899.4755
102899.4745
102899.4734
102899.4721
102899.4706
102899.4689
102899.4672
102899.4659
102899.4652
102899.4649
102899.4649
102899.4649
102899.465
102899.465
102899.465
102899.4649
102899.4646
102899.4639
102899.4623
102899.459
102899.4524
102899.4415
102899.4285
102899.421
102899.4261
102899.4455
102899.4636
102899.4727
102899.4749
102899.4748
102899.4739
102899.4729
102899.4721
102899.4714
102899.4709
102899.4706
102899.4706
102899.4147
102899.4142
102899.4135
102899.4127
102899.4117
102899.4105
102899.4092
102899.4078
102899.4062
102899.4047
102899.4035
102899.4026
102899.4021
102899.4018
102899.4017
102899.4016
102899.4015
102899.4014
102899.4011
102899.4004
102899.3993
102899.3971
102899.3933
102899.3872
102899.3789
102899.3711
102899.3682
102899.3741
102899.3868
102899.3995
102899.4068
102899.4097
102899.4104
102899.4102
102899.4097
102899.4092
102899.4087
102899.4083
102899.4081
102899.408
102899.3518
102899.3514
102899.3508
102899.3499
102899.3489
102899.3477
102899.3464
102899.345
102899.3435
102899.3421
102899.3409
102899.34
102899.3394
102899.3389
102899.3387
102899.3385
102899.3383
102899.338
102899.3376
102899.3369
102899.3356
102899.3334
102899.33
102899.3253
102899.32
102899.3157
102899.3149
102899.3195
102899.3282
102899.3366
102899.3422
102899.3451
102899.3463
102899.3466
102899.3465
102899.3462
102899.3459
102899.3457
102899.3455
102899.3454
102899.289
102899.2886
102899.288
102899.2872
102899.2861
102899.2849
102899.2836
102899.2821
102899.2807
102899.2793
102899.2781
102899.2771
102899.2764
102899.2758
102899.2754
102899.2751
102899.2749
102899.2747
102899.2743
102899.2736
102899.2724
102899.2705
102899.2678
102899.2644
102899.261
102899.2587
102899.259
102899.2625
102899.2683
102899.2741
102899.2785
102899.2812
102899.2825
102899.2831
102899.2833
102899.2832
102899.2831
102899.283
102899.2829
102899.2828
102899.2262
102899.2259
102899.2252
102899.2243
102899.2232
102899.2219
102899.2206
102899.2191
102899.2176
102899.2163
102899.215
102899.214
102899.2132
102899.2126
102899.2121
102899.2118
102899.2116
102899.2115
102899.2112
102899.2106
102899.2096
102899.2081
102899.206
102899.2035
102899.2014
102899.2002
102899.2008
102899.2035
102899.2076
102899.2119
102899.2153
102899.2176
102899.2191
102899.2198
102899.2202
102899.2203
102899.2203
102899.2202
102899.2202
102899.2201
102899.1634
102899.163
102899.1623
102899.1613
102899.1601
102899.1588
102899.1573
102899.1558
102899.1544
102899.153
102899.1517
102899.1507
102899.1499
102899.1493
102899.1489
102899.1487
102899.1486
102899.1486
102899.1484
102899.1479
102899.1471
102899.1459
102899.1443
102899.1426
102899.1412
102899.1407
102899.1414
102899.1435
102899.1465
102899.1497
102899.1524
102899.1545
102899.1558
102899.1566
102899.1571
102899.1573
102899.1574
102899.1574
102899.1574
102899.1574
102899.1004
102899.1001
102899.0992
102899.0981
102899.0968
102899.0954
102899.0939
102899.0924
102899.0909
102899.0896
102899.0884
102899.0874
102899.0867
102899.0862
102899.0859
102899.0858
102899.0859
102899.0859
102899.0858
102899.0854
102899.0848
102899.0838
102899.0826
102899.0814
102899.0806
102899.0804
102899.0811
102899.0828
102899.0851
102899.0876
102899.0898
102899.0915
102899.0928
102899.0936
102899.0941
102899.0944
102899.0946
102899.0947
102899.0947
102899.0947
102899.0373
102899.0369
102899.0359
102899.0347
102899.0334
102899.0319
102899.0304
102899.0289
102899.0274
102899.0261
102899.0251
102899.0243
102899.0237
102899.0233
102899.0232
102899.0232
102899.0233
102899.0234
102899.0234
102899.0231
102899.0225
102899.0218
102899.0209
102899.0201
102899.0196
102899.0197
102899.0204
102899.0217
102899.0235
102899.0255
102899.0272
102899.0287
102899.0299
102899.0307
102899.0312
102899.0316
102899.0318
102899.0319
102899.032
102899.032
102898.9739
102898.9735
102898.9725
102898.9712
102898.9698
102898.9684
102898.9669
102898.9654
102898.964
102898.9628
102898.9619
102898.9613
102898.9609
102898.9607
102898.9607
102898.9608
102898.961
102898.9611
102898.961
102898.9608
102898.9604
102898.9598
102898.9592
102898.9587
102898.9584
102898.9586
102898.9592
102898.9603
102898.9618
102898.9633
102898.9648
102898.9661
102898.9671
102898.9679
102898.9684
102898.9688
102898.969
102898.9692
102898.9693
102898.9693
102898.9104
102898.9101
102898.9089
102898.9077
102898.9063
102898.9048
102898.9033
102898.9019
102898.9007
102898.8997
102898.8989
102898.8985
102898.8983
102898.8983
102898.8984
102898.8986
102898.8987
102898.8988
102898.8988
102898.8986
102898.8983
102898.8979
102898.8975
102898.8971
102898.897
102898.8972
102898.8978
102898.8988
102898.8999
102898.9012
102898.9024
102898.9035
102898.9044
102898.9052
102898.9057
102898.9061
102898.9063
102898.9065
102898.9066
102898.9066
102898.8468
102898.8466
102898.8454
102898.8441
102898.8427
102898.8413
102898.8399
102898.8386
102898.8376
102898.8367
102898.8362
102898.836
102898.8359
102898.8361
102898.8362
102898.8364
102898.8366
102898.8366
102898.8366
102898.8364
102898.8362
102898.8359
102898.8357
102898.8355
102898.8355
102898.8357
102898.8362
102898.837
102898.838
102898.8391
102898.8401
102898.841
102898.8418
102898.8425
102898.843
102898.8434
102898.8436
102898.8438
102898.8439
102898.844
102898.7832
102898.7832
102898.7819
102898.7806
102898.7793
102898.778
102898.7767
102898.7756
102898.7747
102898.774
102898.7737
102898.7736
102898.7737
102898.7739
102898.7741
102898.7743
102898.7744
102898.7745
102898.7744
102898.7743
102898.7742
102898.774
102898.7738
102898.7737
102898.7738
102898.774
102898.7745
102898.7752
102898.776
102898.7769
102898.7778
102898.7786
102898.7793
102898.7799
102898.7804
102898.7807
102898.781
102898.7812
102898.7813
102898.7813
102898.7196
102898.7196
102898.7184
102898.7173
102898.716
102898.7148
102898.7137
102898.7127
102898.712
102898.7116
102898.7114
102898.7115
102898.7117
102898.7119
102898.712
102898.7122
102898.7123
102898.7123
102898.7123
102898.7122
102898.7121
102898.712
102898.7119
102898.7119
102898.712
102898.7123
102898.7127
102898.7133
102898.714
102898.7147
102898.7155
102898.7162
102898.7168
102898.7173
102898.7178
102898.7181
102898.7184
102898.7185
102898.7187
102898.7187
102898.6559
102898.6561
102898.6551
102898.6541
102898.653
102898.6519
102898.6509
102898.6501
102898.6496
102898.6494
102898.6493
102898.6495
102898.6496
102898.6498
102898.65
102898.6501
102898.6502
102898.6502
102898.6502
102898.6501
102898.65
102898.65
102898.6499
102898.65
102898.6501
102898.6504
102898.6508
102898.6513
102898.6519
102898.6525
102898.6532
102898.6538
102898.6544
102898.6548
102898.6552
102898.6555
102898.6558
102898.656
102898.6561
102898.6561
102898.5925
102898.5926
102898.592
102898.5912
102898.5902
102898.5892
102898.5884
102898.5878
102898.5874
102898.5873
102898.5873
102898.5875
102898.5876
102898.5878
102898.5879
102898.588
102898.588
102898.5881
102898.588
102898.588
102898.588
102898.588
102898.588
102898.588
102898.5882
102898.5884
102898.5888
102898.5893
102898.5898
102898.5903
102898.5909
102898.5914
102898.5919
102898.5924
102898.5927
102898.593
102898.5932
102898.5934
102898.5935
102898.5935
102898.5292
102898.5292
102898.5291
102898.5285
102898.5276
102898.5267
102898.5261
102898.5257
102898.5254
102898.5254
102898.5254
102898.5255
102898.5256
102898.5257
102898.5258
102898.5259
102898.5259
102898.5259
102898.5259
102898.5259
102898.5259
102898.5259
102898.526
102898.526
102898.5262
102898.5264
102898.5268
102898.5272
102898.5276
102898.5281
102898.5286
102898.5291
102898.5295
102898.5299
102898.5302
102898.5305
102898.5307
102898.5308
102898.5309
102898.531
102898.4663
102898.4663
102898.4665
102898.466
102898.4652
102898.4645
102898.464
102898.4637
102898.4635
102898.4635
102898.4635
102898.4636
102898.4636
102898.4637
102898.4637
102898.4638
102898.4638
102898.4638
102898.4638
102898.4638
102898.4638
102898.4638
102898.4639
102898.464
102898.4642
102898.4644
102898.4647
102898.4651
102898.4655
102898.4659
102898.4663
102898.4667
102898.4671
102898.4675
102898.4678
102898.468
102898.4682
102898.4683
102898.4684
102898.4685
102898.4036
102898.4036
102898.404
102898.4037
102898.4031
102898.4025
102898.4021
102898.4018
102898.4016
102898.4016
102898.4016
102898.4016
102898.4016
102898.4016
102898.4017
102898.4017
102898.4017
102898.4017
102898.4017
102898.4017
102898.4017
102898.4018
102898.4018
102898.4019
102898.4021
102898.4023
102898.4026
102898.4029
102898.4033
102898.4036
102898.404
102898.4044
102898.4047
102898.405
102898.4053
102898.4055
102898.4057
102898.4058
102898.4059
102898.406
102898.3411
102898.3412
102898.3417
102898.3414
102898.341
102898.3406
102898.3402
102898.3399
102898.3398
102898.3397
102898.3396
102898.3396
102898.3396
102898.3396
102898.3395
102898.3395
102898.3396
102898.3396
102898.3396
102898.3396
102898.3396
102898.3397
102898.3397
102898.3399
102898.34
102898.3402
102898.3405
102898.3408
102898.3411
102898.3414
102898.3417
102898.3421
102898.3424
102898.3426
102898.3429
102898.3431
102898.3432
102898.3434
102898.3434
102898.3435
102898.2788
102898.2788
102898.2794
102898.2792
102898.279
102898.2786
102898.2783
102898.278
102898.2778
102898.2777
102898.2776
102898.2775
102898.2775
102898.2775
102898.2774
102898.2774
102898.2774
102898.2774
102898.2774
102898.2775
102898.2775
102898.2775
102898.2776
102898.2777
102898.2779
102898.2781
102898.2783
102898.2786
102898.2788
102898.2791
102898.2794
102898.2797
102898.28
102898.2802
102898.2805
102898.2806
102898.2808
102898.2809
102898.281
102898.281
102898.2166
102898.2166
102898.2169
102898.2171
102898.217
102898.2167
102898.2164
102898.2161
102898.2159
102898.2157
102898.2156
102898.2155
102898.2154
102898.2153
102898.2153
102898.2153
102898.2153
102898.2153
102898.2153
102898.2153
102898.2154
102898.2154
102898.2155
102898.2156
102898.2158
102898.2159
102898.2161
102898.2164
102898.2166
102898.2169
102898.2171
102898.2174
102898.2176
102898.2179
102898.2181
102898.2182
102898.2184
102898.2185
102898.2185
102898.2186
102898.1544
102898.1545
102898.1548
102898.155
102898.1549
102898.1547
102898.1544
102898.1541
102898.1538
102898.1536
102898.1535
102898.1534
102898.1533
102898.1532
102898.1532
102898.1531
102898.1531
102898.1531
102898.1531
102898.1532
102898.1532
102898.1533
102898.1533
102898.1535
102898.1536
102898.1538
102898.1539
102898.1542
102898.1544
102898.1546
102898.1549
102898.1551
102898.1553
102898.1555
102898.1557
102898.1558
102898.1559
102898.156
102898.1561
102898.1561
102898.0923
102898.0924
102898.0927
102898.0929
102898.0928
102898.0926
102898.0923
102898.092
102898.0917
102898.0915
102898.0913
102898.0912
102898.0911
102898.0911
102898.091
102898.091
102898.091
102898.091
102898.091
102898.091
102898.091
102898.0911
102898.0912
102898.0913
102898.0914
102898.0916
102898.0917
102898.0919
102898.0921
102898.0923
102898.0926
102898.0928
102898.093
102898.0931
102898.0933
102898.0934
102898.0935
102898.0936
102898.0937
102898.0937
102898.0302
102898.0303
102898.0305
102898.0307
102898.0306
102898.0304
102898.0301
102898.0298
102898.0296
102898.0294
102898.0292
102898.0291
102898.029
102898.0289
102898.0288
102898.0288
102898.0288
102898.0288
102898.0288
102898.0288
102898.0289
102898.0289
102898.029
102898.0291
102898.0292
102898.0294
102898.0295
102898.0297
102898.0299
102898.0301
102898.0303
102898.0304
102898.0306
102898.0308
102898.0309
102898.031
102898.0311
102898.0312
102898.0313
102898.0313
102897.968
102897.9681
102897.9683
102897.9684
102897.9684
102897.9681
102897.9679
102897.9676
102897.9674
102897.9672
102897.967
102897.9669
102897.9668
102897.9667
102897.9667
102897.9666
102897.9666
102897.9666
102897.9666
102897.9666
102897.9667
102897.9667
102897.9668
102897.9669
102897.967
102897.9672
102897.9673
102897.9675
102897.9676
102897.9678
102897.968
102897.9681
102897.9683
102897.9684
102897.9686
102897.9687
102897.9688
102897.9688
102897.9689
102897.9689
102897.9058
102897.9059
102897.9061
102897.9061
102897.906
102897.9058
102897.9056
102897.9054
102897.9052
102897.905
102897.9048
102897.9047
102897.9046
102897.9045
102897.9045
102897.9044
102897.9044
102897.9044
102897.9044
102897.9045
102897.9045
102897.9046
102897.9046
102897.9047
102897.9048
102897.9049
102897.9051
102897.9052
102897.9054
102897.9055
102897.9057
102897.9058
102897.906
102897.9061
102897.9062
102897.9063
102897.9064
102897.9064
102897.9065
102897.9065
102897.8436
102897.8436
102897.8438
102897.8438
102897.8437
102897.8435
102897.8433
102897.8431
102897.8429
102897.8427
102897.8426
102897.8425
102897.8424
102897.8423
102897.8423
102897.8422
102897.8422
102897.8422
102897.8422
102897.8423
102897.8423
102897.8424
102897.8424
102897.8425
102897.8426
102897.8427
102897.8428
102897.843
102897.8431
102897.8432
102897.8434
102897.8435
102897.8436
102897.8438
102897.8439
102897.8439
102897.844
102897.8441
102897.8441
102897.8441
102897.7813
102897.7814
102897.7814
102897.7814
102897.7813
102897.7812
102897.781
102897.7808
102897.7807
102897.7805
102897.7804
102897.7803
102897.7802
102897.7801
102897.7801
102897.78
102897.78
102897.78
102897.78
102897.7801
102897.7801
102897.7801
102897.7802
102897.7803
102897.7804
102897.7805
102897.7806
102897.7807
102897.7808
102897.781
102897.7811
102897.7812
102897.7813
102897.7814
102897.7815
102897.7816
102897.7817
102897.7817
102897.7817
102897.7818
102897.719
102897.719
102897.7191
102897.7191
102897.719
102897.7189
102897.7187
102897.7185
102897.7184
102897.7183
102897.7181
102897.718
102897.718
102897.7179
102897.7179
102897.7178
102897.7178
102897.7178
102897.7178
102897.7178
102897.7179
102897.7179
102897.718
102897.7181
102897.7181
102897.7182
102897.7183
102897.7184
102897.7186
102897.7187
102897.7188
102897.7189
102897.719
102897.7191
102897.7192
102897.7192
102897.7193
102897.7194
102897.7194
102897.7194
102897.6567
102897.6567
102897.6567
102897.6567
102897.6566
102897.6565
102897.6564
102897.6563
102897.6561
102897.656
102897.6559
102897.6558
102897.6557
102897.6557
102897.6556
102897.6556
102897.6556
102897.6556
102897.6556
102897.6556
102897.6557
102897.6557
102897.6558
102897.6558
102897.6559
102897.656
102897.6561
102897.6562
102897.6563
102897.6564
102897.6565
102897.6566
102897.6567
102897.6568
102897.6568
102897.6569
102897.657
102897.657
102897.657
102897.657
102897.5944
102897.5944
102897.5944
102897.5944
102897.5943
102897.5942
102897.5941
102897.594
102897.5938
102897.5937
102897.5936
102897.5936
102897.5935
102897.5934
102897.5934
102897.5934
102897.5934
102897.5934
102897.5934
102897.5934
102897.5934
102897.5935
102897.5935
102897.5936
102897.5937
102897.5937
102897.5938
102897.5939
102897.594
102897.5941
102897.5942
102897.5943
102897.5944
102897.5944
102897.5945
102897.5946
102897.5946
102897.5947
102897.5947
102897.5947
102897.532
102897.532
102897.532
102897.532
102897.5319
102897.5319
102897.5318
102897.5317
102897.5316
102897.5315
102897.5314
102897.5313
102897.5312
102897.5312
102897.5312
102897.5311
102897.5311
102897.5311
102897.5311
102897.5312
102897.5312
102897.5312
102897.5313
102897.5313
102897.5314
102897.5315
102897.5316
102897.5316
102897.5317
102897.5318
102897.5319
102897.532
102897.5321
102897.5321
102897.5322
102897.5322
102897.5323
102897.5323
102897.5323
102897.5324
102897.4697
102897.4697
102897.4697
102897.4697
102897.4696
102897.4695
102897.4694
102897.4694
102897.4693
102897.4692
102897.4691
102897.469
102897.469
102897.469
102897.4689
102897.4689
102897.4689
102897.4689
102897.4689
102897.4689
102897.469
102897.469
102897.469
102897.4691
102897.4692
102897.4692
102897.4693
102897.4694
102897.4694
102897.4695
102897.4696
102897.4697
102897.4697
102897.4698
102897.4699
102897.4699
102897.47
102897.47
102897.47
102897.47
102897.4074
102897.4074
102897.4073
102897.4073
102897.4073
102897.4072
102897.4071
102897.4071
102897.407
102897.4069
102897.4068
102897.4068
102897.4067
102897.4067
102897.4067
102897.4067
102897.4067
102897.4067
102897.4067
102897.4067
102897.4067
102897.4067
102897.4068
102897.4068
102897.4069
102897.407
102897.407
102897.4071
102897.4072
102897.4072
102897.4073
102897.4074
102897.4074
102897.4075
102897.4075
102897.4076
102897.4076
102897.4077
102897.4077
102897.4077
102897.345
102897.345
102897.345
102897.345
102897.3449
102897.3449
102897.3448
102897.3448
102897.3447
102897.3446
102897.3446
102897.3445
102897.3445
102897.3444
102897.3444
102897.3444
102897.3444
102897.3444
102897.3444
102897.3444
102897.3445
102897.3445
102897.3445
102897.3446
102897.3446
102897.3447
102897.3448
102897.3448
102897.3449
102897.3449
102897.345
102897.3451
102897.3451
102897.3452
102897.3452
102897.3453
102897.3453
102897.3453
102897.3453
102897.3453
102897.2827
102897.2827
102897.2827
102897.2827
102897.2826
102897.2826
102897.2825
102897.2825
102897.2824
102897.2823
102897.2823
102897.2823
102897.2822
102897.2822
102897.2822
102897.2822
102897.2822
102897.2822
102897.2822
102897.2822
102897.2822
102897.2822
102897.2823
102897.2823
102897.2824
102897.2824
102897.2825
102897.2825
102897.2826
102897.2827
102897.2827
102897.2828
102897.2828
102897.2829
102897.2829
102897.2829
102897.283
102897.283
102897.283
102897.283
102897.2204
102897.2204
102897.2204
102897.2203
102897.2203
102897.2203
102897.2202
102897.2202
102897.2201
102897.2201
102897.22
102897.22
102897.22
102897.2199
102897.2199
102897.2199
102897.2199
102897.2199
102897.2199
102897.2199
102897.22
102897.22
102897.22
102897.2201
102897.2201
102897.2202
102897.2202
102897.2203
102897.2203
102897.2204
102897.2204
102897.2205
102897.2205
102897.2206
102897.2206
102897.2206
102897.2207
102897.2207
102897.2207
102897.2207
102897.158
102897.158
102897.158
102897.158
102897.158
102897.1579
102897.1579
102897.1579
102897.1578
102897.1578
102897.1577
102897.1577
102897.1577
102897.1577
102897.1576
102897.1576
102897.1576
102897.1576
102897.1577
102897.1577
102897.1577
102897.1577
102897.1578
102897.1578
102897.1578
102897.1579
102897.1579
102897.158
102897.158
102897.1581
102897.1581
102897.1582
102897.1582
102897.1583
102897.1583
102897.1583
102897.1583
102897.1584
102897.1584
102897.1584
102897.0957
102897.0957
102897.0957
102897.0957
102897.0957
102897.0956
102897.0956
102897.0956
102897.0955
102897.0955
102897.0955
102897.0954
102897.0954
102897.0954
102897.0954
102897.0954
102897.0954
102897.0954
102897.0954
102897.0954
102897.0954
102897.0955
102897.0955
102897.0955
102897.0956
102897.0956
102897.0957
102897.0957
102897.0957
102897.0958
102897.0958
102897.0959
102897.0959
102897.096
102897.096
102897.096
102897.096
102897.0961
102897.0961
102897.0961
102897.0334
102897.0334
102897.0334
102897.0334
102897.0334
102897.0333
102897.0333
102897.0333
102897.0332
102897.0332
102897.0332
102897.0332
102897.0331
102897.0331
102897.0331
102897.0331
102897.0331
102897.0331
102897.0331
102897.0331
102897.0332
102897.0332
102897.0332
102897.0333
102897.0333
102897.0333
102897.0334
102897.0334
102897.0335
102897.0335
102897.0335
102897.0336
102897.0336
102897.0336
102897.0337
102897.0337
102897.0337
102897.0337
102897.0337
102897.0338
102896.9711
102896.9711
102896.9711
102896.9711
102896.9711
102896.971
102896.971
102896.971
102896.971
102896.9709
102896.9709
102896.9709
102896.9709
102896.9709
102896.9708
102896.9708
102896.9708
102896.9709
102896.9709
102896.9709
102896.9709
102896.9709
102896.971
102896.971
102896.971
102896.9711
102896.9711
102896.9711
102896.9712
102896.9712
102896.9712
102896.9713
102896.9713
102896.9713
102896.9714
102896.9714
102896.9714
102896.9714
102896.9714
102896.9714
102896.9088
102896.9088
102896.9088
102896.9088
102896.9088
102896.9087
102896.9087
102896.9087
102896.9087
102896.9086
102896.9086
102896.9086
102896.9086
102896.9086
102896.9086
102896.9086
102896.9086
102896.9086
102896.9086
102896.9086
102896.9086
102896.9087
102896.9087
102896.9087
102896.9087
102896.9088
102896.9088
102896.9088
102896.9089
102896.9089
102896.909
102896.909
102896.909
102896.909
102896.9091
102896.9091
102896.9091
102896.9091
102896.9091
102896.9091
102896.8465
102896.8465
102896.8465
102896.8465
102896.8465
102896.8464
102896.8464
102896.8464
102896.8464
102896.8464
102896.8463
102896.8463
102896.8463
102896.8463
102896.8463
102896.8463
102896.8463
102896.8463
102896.8463
102896.8463
102896.8464
102896.8464
102896.8464
102896.8464
102896.8465
102896.8465
102896.8465
102896.8466
102896.8466
102896.8466
102896.8467
102896.8467
102896.8467
102896.8467
102896.8468
102896.8468
102896.8468
102896.8468
102896.8468
102896.8468
102896.7842
102896.7842
102896.7842
102896.7842
102896.7842
102896.7841
102896.7841
102896.7841
102896.7841
102896.7841
102896.7841
102896.784
102896.784
102896.784
102896.784
102896.784
102896.784
102896.784
102896.7841
102896.7841
102896.7841
102896.7841
102896.7841
102896.7842
102896.7842
102896.7842
102896.7842
102896.7843
102896.7843
102896.7843
102896.7844
102896.7844
102896.7844
102896.7844
102896.7845
102896.7845
102896.7845
102896.7845
102896.7845
102896.7845
102896.7219
102896.7219
102896.7219
102896.7219
102896.7219
102896.7218
102896.7218
102896.7218
102896.7218
102896.7218
102896.7218
102896.7218
102896.7218
102896.7218
102896.7218
102896.7218
102896.7218
102896.7218
102896.7218
102896.7218
102896.7218
102896.7218
102896.7219
102896.7219
102896.7219
102896.7219
102896.722
102896.722
102896.722
102896.722
102896.7221
102896.7221
102896.7221
102896.7222
102896.7222
102896.7222
102896.7222
102896.7222
102896.7222
102896.7222
102896.6596
102896.6596
102896.6596
102896.6596
102896.6596
102896.6595
102896.6595
102896.6595
102896.6595
102896.6595
102896.6595
102896.6595
102896.6595
102896.6595
102896.6595
102896.6595
102896.6595
102896.6595
102896.6595
102896.6595
102896.6595
102896.6595
102896.6596
102896.6596
102896.6596
102896.6596
102896.6597
102896.6597
102896.6597
102896.6598
102896.6598
102896.6598
102896.6598
102896.6599
102896.6599
102896.6599
102896.6599
102896.6599
102896.6599
102896.6599
102896.5973
102896.5973
102896.5973
102896.5973
102896.5973
102896.5973
102896.5972
102896.5972
102896.5972
102896.5972
102896.5972
102896.5972
102896.5972
102896.5972
102896.5972
102896.5972
102896.5972
102896.5972
102896.5972
102896.5972
102896.5973
102896.5973
102896.5973
102896.5973
102896.5973
102896.5974
102896.5974
102896.5974
102896.5974
102896.5975
102896.5975
102896.5975
102896.5975
102896.5976
102896.5976
102896.5976
102896.5976
102896.5976
102896.5976
102896.5976
102896.535
102896.535
102896.535
102896.535
102896.535
102896.535
102896.535
102896.5349
102896.5349
102896.5349
102896.5349
102896.5349
102896.5349
102896.5349
102896.5349
102896.5349
102896.5349
102896.5349
102896.5349
102896.535
102896.535
102896.535
102896.535
102896.535
102896.5351
102896.5351
102896.5351
102896.5351
102896.5352
102896.5352
102896.5352
102896.5352
102896.5352
102896.5353
102896.5353
102896.5353
102896.5353
102896.5353
102896.5353
102896.5353
102896.4727
102896.4727
102896.4727
102896.4727
102896.4727
102896.4727
102896.4727
102896.4727
102896.4726
102896.4726
102896.4726
102896.4726
102896.4726
102896.4726
102896.4726
102896.4726
102896.4726
102896.4726
102896.4727
102896.4727
102896.4727
102896.4727
102896.4727
102896.4727
102896.4728
102896.4728
102896.4728
102896.4728
102896.4729
102896.4729
102896.4729
102896.4729
102896.473
102896.473
102896.473
102896.473
102896.473
102896.473
102896.473
102896.473
102896.4104
102896.4104
102896.4104
102896.4104
102896.4104
102896.4104
102896.4104
102896.4104
102896.4104
102896.4104
102896.4104
102896.4103
102896.4103
102896.4103
102896.4103
102896.4104
102896.4104
102896.4104
102896.4104
102896.4104
102896.4104
102896.4104
102896.4104
102896.4105
102896.4105
102896.4105
102896.4105
102896.4106
102896.4106
102896.4106
102896.4106
102896.4106
102896.4107
102896.4107
102896.4107
102896.4107
102896.4107
102896.4107
102896.4107
102896.4107
102896.3481
102896.3481
102896.3481
102896.3481
102896.3481
102896.3481
102896.3481
102896.3481
102896.3481
102896.3481
102896.3481
102896.3481
102896.3481
102896.3481
102896.3481
102896.3481
102896.3481
102896.3481
102896.3481
102896.3481
102896.3481
102896.3481
102896.3482
102896.3482
102896.3482
102896.3482
102896.3482
102896.3483
102896.3483
102896.3483
102896.3483
102896.3484
102896.3484
102896.3484
102896.3484
102896.3484
102896.3484
102896.3484
102896.3484
102896.3484
102896.2858
102896.2858
102896.2858
102896.2858
102896.2858
102896.2858
102896.2858
102896.2858
102896.2858
102896.2858
102896.2858
102896.2858
102896.2858
102896.2858
102896.2858
102896.2858
102896.2858
102896.2858
102896.2858
102896.2858
102896.2858
102896.2859
102896.2859
102896.2859
102896.2859
102896.2859
102896.286
102896.286
102896.286
102896.286
102896.286
102896.2861
102896.2861
102896.2861
102896.2861
102896.2861
102896.2861
102896.2861
102896.2861
102896.2862
102896.2235
102896.2235
102896.2235
102896.2235
102896.2235
102896.2235
102896.2235
102896.2235
102896.2235
102896.2235
102896.2235
102896.2235
102896.2235
102896.2235
102896.2235
102896.2235
102896.2235
102896.2235
102896.2235
102896.2235
102896.2236
102896.2236
102896.2236
102896.2236
102896.2236
102896.2236
102896.2237
102896.2237
102896.2237
102896.2237
102896.2238
102896.2238
102896.2238
102896.2238
102896.2238
102896.2238
102896.2238
102896.2239
102896.2239
102896.2239
102896.1612
102896.1612
102896.1612
102896.1612
102896.1612
102896.1612
102896.1612
102896.1612
102896.1612
102896.1612
102896.1612
102896.1612
102896.1612
102896.1612
102896.1612
102896.1612
102896.1612
102896.1612
102896.1612
102896.1612
102896.1613
102896.1613
102896.1613
102896.1613
102896.1613
102896.1614
102896.1614
102896.1614
102896.1614
102896.1614
102896.1615
102896.1615
102896.1615
102896.1615
102896.1615
102896.1615
102896.1616
102896.1616
102896.1616
102896.1616
)
;

boundaryField
{
    front
    {
        type            wedge;
    }
    back
    {
        type            wedge;
    }
    tankWall
    {
        type            calculated;
        value           nonuniform List<scalar> 
120
(
103760.5516
103745.8939
103731.1749
103716.4648
103701.7573
103687.0522
103672.3473
103657.6397
103642.9306
103628.2208
103613.5099
103598.7978
103584.0847
103569.3703
103554.6544
103539.9369
103525.218
103510.4974
103495.7751
103481.0513
103466.3259
103451.5989
103436.8702
103422.1394
103407.4063
103392.6714
103377.935
103363.197
103348.4574
103333.7157
103318.9717
103304.2254
103289.4776
103274.729
103259.9803
103245.2315
103230.4815
103215.7308
103200.9798
103186.2292
103171.48
103156.7336
103141.9916
103127.2552
103112.5256
103097.8045
103083.0951
103068.4005
103053.7282
103039.0985
103024.5607
103010.2073
102996.2057
102982.7642
102970.1243
102958.529
102948.0984
102938.6952
102929.806
102920.7046
102911.094
102903.1817
102899.7192
102899.6578
102899.5954
102899.533
102899.4706
102899.408
102899.3454
102899.2828
102899.2201
102899.1574
102899.0947
102899.032
102898.9693
102898.9066
102898.844
102898.7813
102898.7187
102898.6561
102898.5935
102898.531
102898.4685
102898.406
102898.3435
102898.281
102898.2186
102898.1561
102898.0937
102898.0313
102897.9689
102897.9065
102897.8441
102897.7818
102897.7194
102897.657
102897.5947
102897.5324
102897.47
102897.4077
102897.3453
102897.283
102897.2207
102897.1584
102897.0961
102897.0338
102896.9714
102896.9091
102896.8468
102896.7845
102896.7222
102896.6599
102896.5976
102896.5353
102896.473
102896.4107
102896.3484
102896.2862
102896.2239
102896.1616
)
;
    }
    bottom
    {
        type            calculated;
        value           nonuniform List<scalar> 
40
(
103765.2907
103765.2875
103765.2799
103765.268
103765.2521
103765.2324
103765.209
103765.1823
103765.1525
103765.1199
103765.0849
103765.0479
103765.0091
103764.9689
103764.9278
103764.8861
103764.8441
103764.8022
103764.7607
103764.7199
103764.6802
103764.6416
103764.6046
103764.5692
103764.5357
103764.5042
103764.4748
103764.4476
103764.4226
103764.3999
103764.3795
103764.3612
103764.3452
103764.3312
103764.3193
103764.3088
103764.3008
103764.2891
103764.297
103764.1757
)
;
    }
    top
    {
        type            calculated;
        value           nonuniform List<scalar> 
40
(
102896.1459
102896.1458
102896.1458
102896.1458
102896.1458
102896.1458
102896.1458
102896.1458
102896.1458
102896.1458
102896.1458
102896.1458
102896.1458
102896.1458
102896.1458
102896.1458
102896.1458
102896.1458
102896.1458
102896.1459
102896.1459
102896.1459
102896.1459
102896.1459
102896.146
102896.146
102896.146
102896.146
102896.146
102896.1461
102896.1461
102896.1461
102896.1461
102896.1461
102896.1461
102896.1462
102896.1462
102896.1462
102896.1462
102896.1462
)
;
    }
    axis
    {
        type            empty;
    }
}


// ************************************************************************* //
