/*--------------------------------*- C++ -*----------------------------------*\
| =========                 |                                                 |
| \\      /  F ield         | OpenFOAM: The Open Source CFD Toolbox           |
|  \\    /   O peration     | Version:  v1912                                 |
|   \\  /    A nd           | Website:  www.openfoam.com                      |
|    \\/     M anipulation  |                                                 |
\*---------------------------------------------------------------------------*/
FoamFile
{
    version     2.0;
    format      ascii;
    class       volScalarField;
    location    "1";
    object      p_rgh;
}
// * * * * * * * * * * * * * * * * * * * * * * * * * * * * * * * * * * * * * //

dimensions      [1 -1 -2 0 0 0 0];


internalField   nonuniform List<scalar> 
4800
(
103765.2907
103765.2875
103765.2799
103765.268
103765.2521
103765.2324
103765.209
103765.1823
103765.1525
103765.1199
103765.0849
103765.0479
103765.0091
103764.9689
103764.9278
103764.8861
103764.8441
103764.8022
103764.7607
103764.7199
103764.6802
103764.6416
103764.6046
103764.5692
103764.5357
103764.5042
103764.4748
103764.4476
103764.4226
103764.3999
103764.3795
103764.3612
103764.3452
103764.3312
103764.3193
103764.3088
103764.3008
103764.2891
103764.297
103764.1757
103757.9365
103757.9335
103757.9258
103757.9139
103757.8979
103757.8781
103757.8546
103757.8278
103757.7978
103757.7651
103757.73
103757.6928
103757.6538
103757.6136
103757.5723
103757.5304
103757.4883
103757.4462
103757.4046
103757.3637
103757.3238
103757.2851
103757.248
103757.2125
103757.1789
103757.1473
103757.1179
103757.0906
103757.0656
103757.0428
103757.0224
103757.0042
103756.9882
103756.9743
103756.9624
103756.9521
103756.9441
103756.9345
103756.9365
103756.7171
103750.5847
103750.5818
103750.5741
103750.562
103750.5459
103750.5259
103750.5023
103750.4752
103750.445
103750.4121
103750.3767
103750.3391
103750.2999
103750.2593
103750.2177
103750.1755
103750.133
103750.0907
103750.0487
103750.0075
103749.9674
103749.9285
103749.8911
103749.8555
103749.8217
103749.7899
103749.7603
103749.7329
103749.7078
103749.685
103749.6645
103749.6463
103749.6304
103749.6165
103749.6048
103749.5948
103749.5873
103749.5798
103749.5737
103749.1158
103743.2352
103743.2325
103743.2247
103743.2126
103743.1962
103743.176
103743.152
103743.1246
103743.0941
103743.0607
103743.0249
103742.9869
103742.9471
103742.906
103742.864
103742.8213
103742.7783
103742.7355
103742.6931
103742.6515
103742.6109
103742.5717
103742.534
103742.498
103742.4639
103742.4319
103742.4021
103742.3745
103742.3493
103742.3264
103742.3059
103742.2876
103742.2717
103742.258
103742.2464
103742.2368
103742.2297
103742.2238
103742.2056
103741.4543
103735.8882
103735.8856
103735.8778
103735.8654
103735.8488
103735.8283
103735.8039
103735.776
103735.745
103735.711
103735.6746
103735.636
103735.5956
103735.5539
103735.5111
103735.4678
103735.4242
103735.3807
103735.3377
103735.2955
103735.2544
103735.2146
103735.1765
103735.14
103735.1056
103735.0733
103735.0432
103735.0154
103734.99
103734.9669
103734.9463
103734.928
103734.9122
103734.8985
103734.8872
103734.8779
103734.8712
103734.8664
103734.8311
103733.742
103728.5436
103728.5411
103728.5332
103728.5207
103728.5037
103728.4827
103728.4579
103728.4294
103728.3977
103728.3631
103728.3258
103728.2865
103728.2453
103728.2027
103728.1591
103728.115
103728.0706
103728.0263
103727.9825
103727.9396
103727.8978
103727.8574
103727.8186
103727.7817
103727.7468
103727.714
103727.6836
103727.6555
103727.6298
103727.6066
103727.5859
103727.5676
103727.5517
103727.5382
103727.527
103727.518
103727.5116
103727.5072
103727.4495
103725.9895
103721.2015
103721.1992
103721.1912
103721.1783
103721.161
103721.1394
103721.114
103721.0848
103721.0523
103721.0168
103720.9787
103720.9383
103720.8962
103720.8526
103720.808
103720.7628
103720.7174
103720.6722
103720.6275
103720.5837
103720.5411
103720.4999
103720.4604
103720.4228
103720.3873
103720.3541
103720.3232
103720.2948
103720.2688
103720.2454
103720.2245
103720.2062
103720.1903
103720.1769
103720.1659
103720.1571
103720.1509
103720.1468
103720.0565
103718.2055
103713.8619
103713.8598
103713.8516
103713.8384
103713.8206
103713.7984
103713.7722
103713.7422
103713.7088
103713.6723
103713.6331
103713.5916
103713.5483
103713.5035
103713.4577
103713.4114
103713.3648
103713.3185
103713.2727
103713.2278
103713.1842
103713.1421
103713.1018
103713.0634
103713.0273
103712.9935
103712.9621
103712.9332
103712.9069
103712.8833
103712.8622
103712.8438
103712.8279
103712.8145
103712.8038
103712.7951
103712.7892
103712.7857
103712.6509
103710.3933
103706.5249
103706.5229
103706.5146
103706.501
103706.4826
103706.4597
103706.4327
103706.4017
103706.3672
103706.3295
103706.289
103706.2463
103706.2016
103706.1554
103706.1083
103706.0605
103706.0126
103705.965
103705.918
103705.8719
103705.8271
103705.784
103705.7427
103705.7035
103705.6666
103705.6321
103705.6001
103705.5708
103705.5442
103705.5202
103705.499
103705.4804
103705.4645
103705.4512
103705.4406
103705.4322
103705.4266
103705.4235
103705.2363
103702.5564
103699.1905
103699.1887
103699.1801
103699.1661
103699.1471
103699.1234
103699.0953
103699.0632
103699.0275
103698.9885
103698.9466
103698.9023
103698.8561
103698.8084
103698.7597
103698.7104
103698.6609
103698.6118
103698.5633
103698.5159
103698.4699
103698.4255
103698.3832
103698.343
103698.3052
103698.2699
103698.2373
103698.2075
103698.1804
103698.1561
103698.1347
103698.116
103698.1001
103698.0868
103698.0763
103698.0681
103698.0628
103698.06
103697.8127
103694.6984
103691.8589
103691.8573
103691.8484
103691.8339
103691.8141
103691.7895
103691.7603
103691.7269
103691.6898
103691.6492
103691.6057
103691.5598
103691.5118
103691.4624
103691.4119
103691.3608
103691.3096
103691.2588
103691.2087
103691.1598
103691.1123
103691.0666
103691.0231
103690.9818
103690.943
103690.9069
103690.8736
103690.8432
103690.8156
103690.791
103690.7693
103690.7505
103690.7345
103690.7213
103690.7109
103690.7029
103690.6978
103690.6953
103690.3804
103686.8209
103684.5299
103684.5285
103684.5194
103684.5043
103684.4837
103684.458
103684.4276
103684.3928
103684.3541
103684.3118
103684.2665
103684.2187
103684.1688
103684.1173
103684.0648
103684.0118
103683.9587
103683.906
103683.8541
103683.8035
103683.7544
103683.7073
103683.6624
103683.6199
103683.58
103683.543
103683.5089
103683.4778
103683.4498
103683.4248
103683.4028
103683.3838
103683.3678
103683.3546
103683.3444
103683.3365
103683.3317
103683.3294
103682.9393
103678.9257
103677.2039
103677.2027
103677.1932
103677.1774
103677.1559
103677.1291
103677.0973
103677.0609
103677.0204
103676.9762
103676.9289
103676.879
103676.8269
103676.7733
103676.7186
103676.6634
103676.6081
103676.5534
103676.4995
103676.447
103676.3961
103676.3474
103676.301
103676.2572
103676.2162
103676.1781
103676.1432
103676.1114
103676.0828
103676.0574
103676.0351
103676.016
103675.9999
103675.9867
103675.9766
103675.9689
103675.9644
103675.9621
103675.4893
103671.0142
103669.8807
103669.8797
103669.8699
103669.8534
103669.8309
103669.8028
103669.7694
103669.7312
103669.6888
103669.6425
103669.593
103669.5407
103669.4862
103669.4301
103669.373
103669.3154
103669.2578
103669.2008
103669.1447
103669.0901
103669.0374
103668.9868
103668.9388
103668.8935
103668.8513
103668.8122
103668.7763
103668.7438
103668.7146
103668.6887
103668.6662
103668.6469
103668.6308
103668.6176
103668.6076
103668.6001
103668.5958
103668.5935
103668.0298
103663.0875
103662.5605
103662.5598
103662.5496
103662.5323
103662.5087
103662.4791
103662.444
103662.4039
103662.3592
103662.3106
103662.2586
103662.2038
103662.1467
103662.0879
103662.0282
103661.9679
103661.9077
103661.8482
103661.7897
103661.7329
103661.678
103661.6255
103661.5758
103661.529
103661.4853
103661.445
103661.4082
103661.3749
103661.3451
103661.3188
103661.296
103661.2765
103661.2603
103661.2472
103661.2373
103661.23
103661.226
103661.2232
103660.5606
103655.1463
103655.2434
103655.243
103655.2324
103655.2142
103655.1893
103655.1581
103655.1211
103655.0788
103655.0318
103654.9807
103654.9259
103654.8683
103654.8083
103654.7466
103654.6839
103654.6207
103654.5577
103654.4955
103654.4344
103654.3751
103654.318
103654.2634
103654.2117
103654.1633
103654.1182
103654.0766
103654.0388
103654.0046
103653.9742
103653.9475
103653.9243
103653.9047
103653.8885
103653.8755
103653.8657
103653.8586
103653.855
103653.8512
103653.0819
103647.1916
103647.9294
103647.9294
103647.9183
103647.8992
103647.8728
103647.8399
103647.8008
103647.7562
103647.7066
103647.6526
103647.5949
103647.5341
103647.471
103647.4061
103647.3402
103647.2739
103647.2078
103647.1426
103647.0787
103647.0167
103646.9571
103646.9003
103646.8466
103646.7963
103646.7497
103646.7068
103646.6679
103646.6329
103646.6018
103646.5746
103646.5512
103646.5314
103646.5152
103646.5023
103646.4927
103646.4858
103646.4825
103646.4775
103645.594
103639.2245
103640.6187
103640.6191
103640.6075
103640.5873
103640.5594
103640.5245
103640.4832
103640.4359
103640.3834
103640.3264
103640.2654
103640.2013
103640.1347
103640.0663
103639.997
103639.9272
103639.8578
103639.7894
103639.7224
103639.6576
103639.5953
103639.5361
103639.4802
103639.428
103639.3797
103639.3355
103639.2954
103639.2595
103639.2278
103639.2001
103639.1765
103639.1566
103639.1404
103639.1276
103639.1183
103639.1116
103639.1085
103639.102
103638.0971
103631.2455
103633.3114
103633.3123
103633.3001
103633.2787
103633.2491
103633.2121
103633.1682
103633.1181
103633.0625
103633.002
103632.9375
103632.8697
103632.7994
103632.7272
103632.6541
103632.5807
103632.5076
103632.4357
103632.3655
103632.2975
103632.2324
103632.1705
103632.1123
103632.0581
103632.0081
103631.9624
103631.9212
103631.8844
103631.852
103631.8239
103631.8
103631.7801
103631.764
103631.7514
103631.7423
103631.736
103631.7333
103631.7249
103630.591
103623.2552
103626.0075
103626.0089
103625.9961
103625.9734
103625.942
103625.9026
103625.856
103625.8027
103625.7436
103625.6795
103625.6111
103625.5393
103625.4649
103625.3887
103625.3115
103625.234
103625.1571
103625.0814
103625.0076
103624.9364
103624.8682
103624.8035
103624.7428
103624.6865
103624.6346
103624.5874
103624.545
103624.5073
103624.4743
103624.4459
103624.4218
103624.4019
103624.3859
103624.3736
103624.3648
103624.3589
103624.3566
103624.3462
103623.0759
103615.2539
103618.7071
103618.7091
103618.6957
103618.6715
103618.6381
103618.5962
103618.5465
103618.4898
103618.4269
103618.3588
103618.2862
103618.2101
103618.1312
103618.0506
103617.969
103617.8872
103617.8061
103617.7263
103617.6487
103617.5739
103617.5024
103617.4348
103617.3715
103617.3128
103617.2591
103617.2103
103617.1667
103617.1281
103617.0946
103617.0658
103617.0416
103617.0218
103617.006
103616.994
103616.9856
103616.9802
103616.9784
103616.966
103615.5516
103607.242
103611.4104
103611.4131
103611.3989
103611.3732
103611.3375
103611.2927
103611.2397
103611.1793
103611.1123
103611.0398
103610.9627
103610.8818
103610.7982
103610.7128
103610.6264
103610.5399
103610.4543
103610.3702
103610.2885
103610.2099
103610.1349
103610.0641
103609.998
103609.937
103609.8812
103609.8309
103609.7861
103609.7466
103609.7125
103609.6835
103609.6593
103609.6397
103609.6243
103609.6127
103609.6047
103609.5998
103609.5984
103609.5834
103608.0193
103599.2205
103604.1174
103604.1209
103604.1059
103604.0784
103604.0403
103603.9924
103603.9357
103603.8712
103603.7998
103603.7225
103603.6404
103603.5544
103603.4656
103603.375
103603.2835
103603.192
103603.1015
103603.0128
103602.9267
103602.844
103602.7653
103602.6912
103602.6222
103602.5586
103602.5008
103602.4488
103602.4028
103602.3626
103602.328
103602.2989
103602.2748
103602.2554
103602.2405
103602.2294
103602.222
103602.2177
103602.2167
103602.1983
103600.4787
103591.1899
103596.8281
103596.8325
103596.8167
103596.7873
103596.7465
103596.6951
103596.6344
103596.5654
103596.4891
103596.4067
103596.3192
103596.2277
103596.1334
103596.0372
103595.9401
103595.8433
103595.7476
103595.6539
103595.5631
103595.476
103595.3933
103595.3156
103595.2435
103595.1774
103595.1174
103595.0639
103595.0167
103594.9757
103594.9408
103594.9116
103594.8878
103594.8689
103594.8545
103594.8442
103594.8375
103594.8339
103594.8336
103594.8116
103592.929
103583.15
103589.5427
103589.5482
103589.5313
103589.4999
103589.456
103589.4009
103589.3358
103589.2619
103589.1803
103589.0922
103588.9989
103588.9015
103588.8011
103588.6989
103588.596
103588.4933
103588.392
103588.293
103588.1972
103588.1055
103588.0186
103587.9371
103587.8618
103587.7929
103587.7308
103587.6756
103587.6273
103587.5857
103587.5505
103587.5215
103587.4981
103587.4799
103587.4663
103587.4568
103587.451
103587.4483
103587.4488
103587.4228
103585.3706
103575.1011
103582.2612
103582.2679
103582.25
103582.2162
103582.1689
103582.1097
103582.0398
103581.9605
103581.8731
103581.7789
103581.6793
103581.5754
103581.4686
103581.3599
103581.2507
103581.1419
103581.0346
103580.9299
103580.8287
103580.732
103580.6406
103580.5553
103580.4765
103580.4048
103580.3405
103580.2837
103580.2343
103580.1922
103580.157
103580.1283
103580.1056
103580.0882
103580.0756
103580.0672
103580.0625
103580.061
103580.0624
103580.0319
103577.8035
103567.0431
103574.9836
103574.9917
103574.9725
103574.9361
103574.8852
103574.8214
103574.7462
103574.661
103574.5673
103574.4665
103574.36
103574.2492
103574.1354
103574.0199
103573.9038
103573.7884
103573.6748
103573.564
103573.4571
103573.3552
103573.259
103573.1695
103573.0872
103573.0126
103572.9461
103572.8877
103572.8374
103572.7949
103572.7598
103572.7317
103572.7099
103572.6937
103572.6822
103572.6752
103572.6719
103572.6718
103572.6744
103572.6393
103570.2277
103558.9764
103567.7099
103567.7196
103567.6991
103567.6597
103567.6047
103567.5359
103567.4548
103567.3632
103567.2626
103567.1546
103567.0408
103566.9225
103566.8013
103566.6784
103566.555
103566.4326
103566.3121
103566.1949
103566.0819
103565.9744
103565.8732
103565.7792
103565.6932
103565.6157
103565.5469
103565.487
103565.4359
103565.3932
103565.3586
103565.3313
103565.3108
103565.2959
103565.2861
103565.2807
103565.2791
103565.2805
103565.2846
103565.2448
103562.6435
103550.9017
103560.4401
103560.4516
103560.4296
103560.3869
103560.3273
103560.2529
103560.1655
103560.0668
103559.9587
103559.8429
103559.7211
103559.5948
103559.4656
103559.3348
103559.2037
103559.0737
103558.946
103558.8219
103558.7025
103558.589
103558.4825
103558.3839
103558.294
103558.2134
103558.1424
103558.0812
103558.0294
103557.9868
103557.9529
103557.9268
103557.9079
103557.8947
103557.8869
103557.8836
103557.8839
103557.8871
103557.8926
103557.8467
103555.0526
103542.8198
103553.1742
103553.1878
103553.1638
103553.1174
103553.0528
103552.9722
103552.8777
103552.7713
103552.655
103552.5308
103552.4005
103552.2656
103552.1279
103551.9886
103551.8493
103551.7113
103551.5759
103551.4444
103551.3181
103551.1983
103551.0862
103550.9827
103550.8888
103550.8051
103550.732
103550.6694
103550.6173
103550.5751
103550.5422
103550.5178
103550.5008
103550.4898
103550.4844
103550.4836
103550.4863
103550.4916
103550.4986
103550.4459
103547.4542
103534.7309
103545.912
103545.928
103545.9018
103545.8511
103545.7808
103545.6934
103545.5911
103545.4763
103545.3512
103545.2178
103545.0783
103544.9342
103544.7873
103544.6391
103544.4911
103544.3445
103544.2009
103544.0616
103543.928
103543.8015
103543.6834
103543.5748
103543.4768
103543.3899
103543.3147
103543.2511
103543.1988
103543.1574
103543.126
103543.1037
103543.089
103543.0809
103543.0785
103543.0807
103543.0862
103543.094
103543.103
103543.0434
103539.8473
103526.6345
103538.6534
103538.672
103538.6431
103538.5875
103538.5109
103538.4159
103538.3051
103538.1811
103538.0463
103537.9032
103537.7537
103537.5999
103537.4433
103537.2855
103537.1282
103536.9726
103536.8203
103536.6727
103536.5313
103536.3977
103536.2732
103536.1593
103536.0569
103535.9669
103535.8897
103535.8252
103535.7732
103535.7329
103535.7036
103535.6839
103535.6722
103535.6675
103535.6688
103535.6745
103535.6834
103535.6943
103535.7057
103535.6389
103532.2321
103518.5308
103531.3981
103531.4196
103531.3874
103531.3262
103531.2426
103531.1392
103531.0191
103530.8849
103530.7397
103530.586
103530.426
103530.2616
103530.0947
103529.9269
103529.7597
103529.5945
103529.433
103529.2765
103529.1269
103528.9856
103528.8545
103528.7349
103528.6282
103528.5351
103528.456
103528.3909
103528.3395
103528.301
103528.2742
103528.2578
103528.2497
103528.2493
103528.2549
103528.2651
103528.278
103528.2925
103528.3069
103528.233
103524.6087
103510.4196
103524.1459
103524.1704
103524.134
103524.0665
103523.975
103523.8624
103523.7319
103523.5868
103523.4303
103523.2652
103523.0939
103522.9184
103522.7406
103522.5621
103522.3845
103522.2092
103522.0378
103521.872
103521.7135
103521.5642
103521.4259
103521.3005
103521.1892
103521.093
103521.0123
103520.9471
103520.8968
103520.8605
103520.8372
103520.8245
103520.8211
103520.8258
103520.8367
103520.852
103520.8697
103520.8885
103520.9068
103520.8262
103516.977
103502.3012
103516.896
103516.9235
103516.882
103516.8073
103516.707
103516.5842
103516.4424
103516.2854
103516.1167
103515.9395
103515.7562
103515.569
103515.3796
103515.1899
103515.0013
103514.8153
103514.6335
103514.4576
103514.2897
103514.1317
103513.986
103513.8544
103513.7385
103513.6394
103513.5574
103513.4924
103513.4438
103513.4105
103513.3913
103513.3833
103513.3856
103513.3965
103513.4137
103513.4352
103513.4585
103513.4821
103513.5041
103513.4165
103509.3405
103494.177
103509.6468
103509.6776
103509.63
103509.5473
103509.4373
103509.3033
103509.1491
103508.9792
103508.7976
103508.6075
103508.4116
103508.212
103508.0106
103507.8091
103507.6089
103507.4116
103507.2186
103507.032
103506.8539
103506.6867
103506.533
103506.395
103506.2745
103506.1727
103506.0898
103506.0255
103505.9792
103505.9498
103505.9355
103505.9332
103505.9424
103505.9607
103505.9856
103506.0143
103506.0443
103506.0734
103506.0993
103506.0032
103501.7015
103486.0482
103502.3966
103502.4311
103502.3765
103502.2851
103502.1646
103502.0183
103501.851
103501.6674
103501.4721
103501.2685
103501.0592
103500.8466
103500.6326
103500.4188
103500.2066
103499.9973
103499.7923
103499.5939
103499.4046
103499.2272
103499.0649
103498.9202
103498.7952
103498.6909
103498.6076
103498.5447
103498.5016
103498.4769
103498.4683
103498.4731
103498.4905
103498.5178
103498.5518
103498.5893
103498.6271
103498.6629
103498.6939
103498.5896
103494.056
103477.9142
103495.1443
103495.1826
103495.1207
103495.02
103494.8882
103494.7285
103494.5462
103494.3476
103494.1374
103493.9192
103493.6956
103493.4691
103493.2417
103493.015
103492.79
103492.5681
103492.3506
103492.14
103491.9389
103491.7509
103491.5795
103491.428
103491.2986
103491.1923
103491.1091
103491.0483
103491.0091
103490.9902
103490.9884
103491.0017
103491.0291
103491.067
103491.1118
103491.1598
103491.207
103491.2507
103491.2876
103491.1753
103486.4049
103469.7755
103487.8925
103487.9328
103487.8627
103487.7517
103487.6067
103487.4319
103487.2336
103487.0186
103486.792
103486.5576
103486.3184
103486.0769
103485.8351
103485.5943
103485.3556
103485.12
103484.889
103484.6646
103484.4507
103484.2515
103484.0714
103483.9142
103483.7816
103483.6743
103483.5922
103483.5343
103483.4999
103483.4878
103483.4938
103483.5175
103483.5566
103483.6074
103483.6652
103483.7256
103483.784
103483.837
103483.8808
103483.7609
103478.7488
103461.6327
103480.6433
103480.6807
103480.6033
103480.4813
103480.3211
103480.1283
103479.9117
103479.6787
103479.4347
103479.1834
103478.9279
103478.6708
103478.4138
103478.1579
103477.9037
103477.6519
103477.4041
103477.1632
103476.9343
103476.7231
103476.535
103476.3726
103476.2385
103476.1324
103476.0535
103476.0002
103475.9717
103475.9672
103475.9826
103476.0185
103476.0717
103476.1378
103476.2113
103476.2866
103476.3583
103476.4222
103476.4739
103476.3461
103471.0877
103453.4865
103473.4067
103473.4334
103473.3493
103473.2148
103473.037
103472.8244
103472.5883
103472.3371
103472.0761
103471.8085
103471.5373
103471.2649
103470.9927
103470.7209
103470.4492
103470.1778
103469.9087
103469.6465
103469.3974
103469.1691
103468.9687
103468.7999
103468.665
103468.5627
103468.4891
103468.4419
103468.4211
103468.4255
103468.4522
103468.5024
103468.5724
103468.6569
103468.7493
103468.8426
103468.9301
103469.0068
103469.0679
103468.9336
103463.4218
103445.3373
103466.2064
103466.2097
103466.1159
103465.9659
103465.7694
103465.538
103465.2844
103465.0169
103464.7399
103464.4566
103464.17
103463.8824
103463.5946
103463.3055
103463.0135
103462.7183
103462.4224
103462.1316
103461.8548
103461.6028
103461.3852
103461.208
103461.0708
103460.9695
103460.8991
103460.8575
103460.8445
103460.8589
103460.8991
103460.9663
103461.0564
103461.1631
103461.2784
103461.3935
103461.4999
103461.5915
103461.6631
103461.5236
103455.752
103437.1857
103459.0632
103459.0302
103458.9205
103458.7533
103458.5396
103458.2916
103458.0221
103457.7388
103457.446
103457.1467
103456.8448
103456.5422
103456.2387
103455.9311
103455.6161
103455.2925
103454.9632
103454.6359
103454.3232
103454.0399
103453.7996
103453.6089
103453.4656
103453.3624
103453.2926
103453.2525
103453.2429
103453.265
103453.3192
103453.4059
103453.5201
103453.6541
103453.7976
103453.9393
103454.0685
103454.1776
103454.2611
103454.1169
103448.0814
103429.0329
103451.9605
103451.8989
103451.7654
103451.5775
103451.3503
103451.0919
103450.8106
103450.5134
103450.2056
103449.8918
103449.5768
103449.262
103448.9451
103448.6202
103448.2819
103447.9274
103447.5597
103447.1883
103446.8299
103446.5055
103446.2333
103446.0215
103445.8651
103445.7539
103445.6783
103445.633
103445.6203
103445.645
103445.7107
103445.8174
103445.9593
103446.1268
103446.3054
103446.4802
103446.6369
103446.7664
103446.8635
103446.7135
103440.4101
103420.8803
103444.765
103444.7464
103444.5865
103444.378
103444.1545
103443.904
103443.6226
103443.3196
103443.0054
103442.6865
103442.3657
103442.0433
103441.7158
103441.3765
103441.0178
103440.635
103440.2296
103439.8143
103439.4098
103439.0402
103438.7286
103438.4846
103438.3025
103438.1699
103438.0751
103438.0115
103437.9836
103438.0018
103438.0732
103438.1981
103438.3709
103438.578
103438.8004
103439.0165
103439.2069
103439.3601
103439.4719
103439.3153
103432.7416
103412.7297
103437.3488
103437.3971
103437.2333
103437.0446
103436.8687
103436.6517
103436.3907
103436.1047
103435.8082
103435.5051
103435.1934
103434.8702
103434.5321
103434.1743
103433.7888
103433.3786
103432.9496
103432.5136
103432.0855
103431.6863
103431.3353
103431.0469
103430.8224
103430.649
103430.5146
103430.4127
103430.3513
103430.3457
103430.41
103430.548
103430.7521
103431.0051
103431.2817
103431.5493
103431.7806
103431.9611
103432.0888
103431.9279
103425.0723
103404.5822
103429.6166
103429.7224
103429.6078
103429.517
103429.4372
103429.2837
103429.0725
103428.8345
103428.5833
103428.3143
103428.0189
103427.6938
103427.3398
103426.9589
103426.5516
103426.1352
103425.7125
103425.2787
103424.8408
103424.4208
103424.0414
103423.7182
103423.4504
103423.2229
103423.0279
103422.8662
103422.7506
103422.7015
103422.7394
103422.876
103423.1051
103423.409
103423.7513
103424.0828
103424.3626
103424.5731
103424.7161
103424.5475
103417.4065
103396.4405
103421.5426
103421.7119
103421.7265
103421.8108
103421.8561
103421.7849
103421.6468
103421.4794
103421.2879
103421.0556
103420.7705
103420.4359
103420.0653
103419.6702
103419.2772
103418.901
103418.5134
103418.0963
103417.6591
103417.2282
103416.8265
103416.4656
103416.1449
103415.8579
103415.6015
103415.3746
103415.1972
103415.0959
103415.0918
103415.2078
103415.4497
103415.8016
103416.2176
103416.6245
103416.9601
103417.2019
103417.3592
103417.1803
103409.7412
103388.3076
103413.1487
103413.412
103413.6367
103413.9408
103414.1241
103414.1487
103414.0961
103414.0044
103413.8673
103413.6607
103413.3775
103413.0358
103412.6638
103412.2939
103411.9759
103411.6731
103411.328
103410.9261
103410.4863
103410.041
103409.613
103409.2083
103408.8289
103408.4752
103408.1461
103407.8501
103407.6182
103407.4806
103407.4543
103407.5581
103407.8098
103408.2098
103408.7052
103409.1928
103409.5848
103409.8542
103410.0209
103409.825
103402.0761
103380.1891
103404.4614
103404.8606
103405.3568
103405.898
103406.2285
103406.3605
103406.3938
103406.3655
103406.2651
103406.0728
103405.7943
103405.4625
103405.1221
103404.8363
103404.6276
103404.4008
103404.0883
103403.6888
103403.2353
103402.7664
103402.3106
103401.8589
103401.4348
103401.0307
103400.6445
103400.2907
103400.0038
103399.8228
103399.7741
103399.8788
103400.1723
103400.6531
103401.2483
103401.8211
103402.2585
103402.5393
103402.7047
103402.4814
103394.4045
103372.1001
103395.4884
103396.0628
103396.8647
103397.6492
103398.1391
103398.3873
103398.5004
103398.5182
103398.4399
103398.2613
103398.0017
103397.7055
103397.4382
103397.2692
103397.1589
103396.9831
103396.6867
103396.2864
103395.829
103395.356
103394.8946
103394.4562
103394.0547
103393.659
103393.262
103392.8805
103392.551
103392.3164
103392.2116
103392.2708
103392.5536
103393.1271
103393.8668
103394.5406
103395.0074
103395.2718
103395.4166
103395.1507
103386.7059
103364.0725
103386.2198
103386.9912
103388.1025
103389.1302
103389.7956
103390.1704
103390.3622
103390.4211
103390.3667
103390.214
103389.9937
103389.7601
103389.5897
103389.5217
103389.4659
103389.3071
103389.0195
103388.6351
103388.2058
103387.7791
103387.3911
103387.0652
103386.7644
103386.441
103386.0827
103385.71
103385.3591
103385.0762
103384.909
103384.9067
103385.1467
103385.7176
103386.5665
103387.3563
103387.8424
103388.0588
103388.1593
103387.8291
103378.9311
103356.1578
103376.6282
103377.5904
103378.9768
103380.2334
103381.0881
103381.6076
103381.8955
103382.0174
103382.0129
103381.9122
103381.7551
103381.6019
103381.5201
103381.5071
103381.4563
103381.2848
103380.996
103380.6349
103380.2562
103379.92
103379.6903
103379.5643
103379.4454
103379.2631
103379.0012
103378.6764
103378.3286
103378.0144
103377.7905
103377.7153
103377.8943
103378.4296
103379.3247
103380.2308
103380.7597
103380.8968
103380.9204
103380.5154
103370.8652
103348.5366
103366.6539
103367.7709
103369.3445
103370.7796
103371.8217
103372.5103
103372.9387
103373.1804
103373.2825
103373.2785
103373.2124
103373.1447
103373.1239
103373.1217
103373.041
103372.824
103372.4889
103372.0969
103371.7076
103371.4049
103371.2971
103371.3888
103371.5451
103371.6589
103371.6666
103371.5474
103371.3307
103371.0573
103370.7763
103370.5836
103370.621
103371.0128
103371.8794
103372.9303
103373.6346
103373.7653
103373.6869
103373.172
103362.3418
103341.405
103356.2095
103357.3831
103358.9849
103360.4702
103361.6425
103362.507
103363.1335
103363.5844
103363.8863
103364.0515
103364.1146
103364.1321
103364.145
103364.126
103363.9917
103363.6872
103363.2195
103362.6539
103362.0242
103361.5006
103361.2556
103361.3759
103361.7455
103362.3431
103362.9149
103363.3279
103363.5329
103363.5094
103363.2579
103362.8776
103362.5792
103362.5892
103363.2095
103364.5707
103365.8681
103366.4455
103366.4497
103365.4807
103353.3719
103334.9139
103345.2019
103346.2354
103347.5538
103348.7911
103349.8887
103350.8311
103351.6528
103352.3835
103352.9946
103353.4288
103353.6758
103353.7821
103353.8025
103353.7357
103353.5091
103353.0762
103352.4957
103351.5204
103350.2812
103349.189
103348.352
103347.8027
103347.6271
103348.3636
103349.4079
103350.5829
103351.5606
103352.0274
103351.8074
103350.9057
103349.1123
103347.7019
103347.3656
103350.4446
103354.3539
103357.2246
103358.4933
103356.5011
103344.2042
103329.1451
103333.333
103333.9531
103334.5319
103334.8743
103335.3199
103335.9027
103336.5937
103337.3904
103338.2282
103338.9251
103339.3475
103339.4949
103339.4335
103339.2147
103338.8453
103338.3
103337.5982
103336.1862
103334.2677
103332.1755
103329.9871
103327.8757
103326.1928
103325.2318
103324.8717
103325.2828
103326.0481
103326.2755
103324.1694
103319.6334
103312.8485
103306.1195
103302.5197
103312.6078
103329.7507
103341.2193
103345.3188
103346.2137
103335.2985
103323.916
103319.9045
103319.7103
103318.9417
103317.3857
103315.7945
103314.6695
103313.8137
103313.2198
103313.0164
103312.9694
103312.7641
103312.317
103311.6251
103310.6144
103309.5948
103308.5118
103307.2726
103305.7136
103303.7037
103301.1491
103298.0953
103294.62
103290.736
103286.6613
103282.7609
103279.1485
103275.3226
103269.9217
103260.6012
103245.227
103224.3169
103203.8392
103192.4874
103207.4299
103263.6574
103309.5507
103330.1723
103335.0577
103327.2855
103318.4226
103303.7359
103301.7349
103298.2593
103293.3179
103287.4181
103281.0254
103274.512
103268.1798
103262.3077
103256.9376
103251.92
103247.1122
103242.3782
103237.6616
103232.9721
103228.4202
103224.3086
103221.0627
103218.8295
103217.3445
103216.3197
103215.7067
103215.1069
103213.4649
103210.9555
103208.0237
103203.3444
103194.5754
103178.5503
103151.993
103116.6617
103081.1416
103057.3886
103052.921
103120.9369
103221.5533
103298.2294
103322.4635
103319.3797
103310.5095
103257.9887
103248.2227
103234.4905
103222.1311
103211.4865
103200.9545
103189.8771
103177.8371
103164.9087
103151.218
103137.4712
103124.4628
103112.7932
103102.4756
103092.4141
103081.9617
103071.4392
103061.9705
103054.9684
103051.4679
103050.808
103053.9649
103058.8981
103065.0477
103072.2183
103080.6879
103089.9742
103097.0216
103099.3452
103083.9717
103059.3637
103025.7654
102990.5558
102973.7628
102979.991
103060.076
103196.5433
103291.7609
103309.2222
103294.9698
102986.7518
102988.6298
102990.9939
102994.9858
103001.334
103009.3808
103016.3671
103021.037
103022.9053
103021.7753
103017.9516
103012.4652
103006.1088
102998.8717
102990.6822
102982.083
102973.3086
102964.7219
102956.7891
102949.8852
102944.3049
102940.6381
102939.0599
102939.1566
102941.9745
102947.4037
102956.8281
102970.2617
102985.5971
102996.2917
102998.4607
102988.0442
102971.8966
102956.9432
102935.6072
102938.1862
103017.6294
103172.9851
103269.588
103259.3717
102901.9035
102902.8515
102904.1408
102905.3152
102907.0174
102909.5985
102913.5068
102918.2811
102923.4442
102928.4071
102932.4823
102935.4403
102937.4356
102937.7926
102936.8507
102934.7264
102931.9158
102928.7978
102925.6534
102922.6239
102919.7287
102917.1745
102915.1761
102913.4702
102910.7652
102907.6177
102907.2793
102908.7421
102911.3605
102916.5401
102923.5369
102929.7366
102932.0522
102928.2799
102922.6413
102912.3137
102913.1118
102958.9671
103051.6166
103109.1829
102901.8135
102901.7763
102901.7536
102901.7305
102901.7194
102901.7305
102901.8072
102902.1117
102902.7715
102903.6717
102904.7594
102906.0037
102907.3682
102908.7002
102909.7408
102910.4147
102910.7767
102910.7721
102910.565
102910.1006
102909.3859
102908.5277
102907.7837
102907.5823
102907.7124
102907.6623
102907.0917
102905.5151
102903.0674
102901.823
102901.7476
102901.9101
102902.3223
102903.1896
102904.6832
102904.266
102902.721
102901.7623
102901.6362
102901.6427
102901.7577
102901.6987
102901.6721
102901.6567
102901.6473
102901.647
102901.6485
102901.653
102901.663
102901.6811
102901.7133
102901.7795
102901.9187
102902.154
102902.438
102902.7311
102903.036
102903.3212
102903.5477
102903.6937
102903.7305
102903.7093
102903.7139
102903.8565
102904.3759
102905.3723
102905.5281
102904.7894
102902.965
102901.793
102901.6406
102901.6276
102901.622
102901.6162
102901.6095
102901.6144
102901.6091
102901.6071
102901.6151
102901.6127
102901.7139
102901.6499
102901.6222
102901.6069
102901.5997
102901.5984
102901.5983
102901.5998
102901.6036
102901.6108
102901.6209
102901.6347
102901.6554
102901.6852
102901.7233
102901.7695
102901.8254
102901.892
102901.9667
102902.0465
102902.1305
102902.2262
102902.3556
102902.5618
102902.9256
102903.516
102903.835
102903.5216
102902.4275
102901.6768
102901.5968
102901.5925
102901.589
102901.5865
102901.5869
102901.5838
102901.5828
102901.5836
102901.5791
102901.5805
102901.6749
102901.6094
102901.5801
102901.568
102901.5646
102901.5635
102901.5625
102901.5616
102901.5614
102901.564
102901.5715
102901.5832
102901.596
102901.6094
102901.6245
102901.6411
102901.6585
102901.6778
102901.7002
102901.7282
102901.7665
102901.8239
102901.9156
102902.0593
102902.2733
102902.5234
102902.5762
102902.2806
102901.7567
102901.5595
102901.5566
102901.5567
102901.5551
102901.5534
102901.5513
102901.5507
102901.55
102901.5483
102901.5496
102901.5492
102901.6392
102901.572
102901.543
102901.5341
102901.5319
102901.5308
102901.5297
102901.5285
102901.5272
102901.5264
102901.5274
102901.5312
102901.537
102901.5427
102901.547
102901.5501
102901.5528
102901.5557
102901.5602
102901.5678
102901.5818
102901.6076
102901.6515
102901.707
102901.7511
102901.7546
102901.6977
102901.5845
102901.5085
102901.5107
102901.5197
102901.5219
102901.5219
102901.521
102901.5199
102901.5189
102901.5182
102901.518
102901.5173
102901.5175
102901.6052
102901.537
102901.5088
102901.5015
102901.4995
102901.4984
102901.4972
102901.4959
102901.4946
102901.4934
102901.4925
102901.4921
102901.4922
102901.4926
102901.4928
102901.4927
102901.4926
102901.4927
102901.4932
102901.4942
102901.4964
102901.5002
102901.5036
102901.5013
102901.4921
102901.474
102901.4607
102901.4559
102901.4647
102901.4772
102901.4845
102901.4873
102901.488
102901.4879
102901.4875
102901.487
102901.4866
102901.4861
102901.4859
102901.4856
102901.5721
102901.5034
102901.4758
102901.4692
102901.4674
102901.4661
102901.4648
102901.4633
102901.4619
102901.4605
102901.4592
102901.4581
102901.4571
102901.4562
102901.4553
102901.4545
102901.4538
102901.4534
102901.453
102901.4525
102901.4516
102901.4497
102901.4457
102901.4392
102901.4314
102901.4254
102901.4238
102901.428
102901.4367
102901.4451
102901.4507
102901.4536
102901.4548
102901.4551
102901.4549
102901.4547
102901.4544
102901.4542
102901.4541
102901.4541
102901.5393
102901.4706
102901.4434
102901.4372
102901.4353
102901.434
102901.4324
102901.4308
102901.4291
102901.4274
102901.4258
102901.4243
102901.4228
102901.4215
102901.4202
102901.4191
102901.4181
102901.4174
102901.4167
102901.416
102901.4151
102901.4133
102901.4101
102901.4055
102901.4008
102901.3981
102901.3982
102901.4018
102901.4076
102901.4134
102901.4178
102901.4204
102901.4218
102901.4224
102901.4226
102901.4225
102901.4224
102901.4222
102901.422
102901.422
102901.5067
102901.4382
102901.4112
102901.4051
102901.4031
102901.4017
102901.4
102901.3982
102901.3963
102901.3945
102901.3926
102901.3909
102901.3892
102901.3877
102901.3863
102901.3851
102901.3841
102901.3832
102901.3825
102901.3817
102901.3807
102901.3792
102901.377
102901.3741
102901.3715
102901.3703
102901.3709
102901.3736
102901.3777
102901.3819
102901.3853
102901.3877
102901.3891
102901.3899
102901.3902
102901.3903
102901.3903
102901.3903
102901.3903
102901.3902
102901.4743
102901.4062
102901.3791
102901.3729
102901.3708
102901.3693
102901.3675
102901.3656
102901.3636
102901.3616
102901.3597
102901.358
102901.3563
102901.3548
102901.3534
102901.3522
102901.3513
102901.3505
102901.3498
102901.3491
102901.3482
102901.3469
102901.3453
102901.3435
102901.342
102901.3415
102901.3422
102901.3443
102901.3474
102901.3505
102901.3533
102901.3553
102901.3566
102901.3575
102901.3579
102901.3582
102901.3582
102901.3583
102901.3582
102901.3582
102901.4422
102901.3747
102901.347
102901.3406
102901.3384
102901.3367
102901.3349
102901.3329
102901.3308
102901.3289
102901.327
102901.3253
102901.3237
102901.3222
102901.3209
102901.3197
102901.3189
102901.3182
102901.3177
102901.3172
102901.3164
102901.3154
102901.3142
102901.313
102901.3122
102901.312
102901.3127
102901.3144
102901.3167
102901.3192
102901.3214
102901.3231
102901.3244
102901.3252
102901.3257
102901.326
102901.3262
102901.3263
102901.3263
102901.3263
102901.4103
102901.3441
102901.315
102901.3082
102901.3057
102901.304
102901.3021
102901.3
102901.298
102901.296
102901.2941
102901.2924
102901.2908
102901.2894
102901.2881
102901.2872
102901.2866
102901.2862
102901.2859
102901.2855
102901.2849
102901.2842
102901.2833
102901.2825
102901.282
102901.2821
102901.2827
102901.2841
102901.2859
102901.2878
102901.2896
102901.2911
102901.2923
102901.2931
102901.2936
102901.294
102901.2942
102901.2943
102901.2944
102901.2944
102901.3779
102901.3149
102901.2831
102901.2758
102901.2731
102901.2713
102901.2693
102901.2672
102901.2651
102901.263
102901.2611
102901.2593
102901.2577
102901.2564
102901.2554
102901.2548
102901.2545
102901.2544
102901.2542
102901.254
102901.2536
102901.253
102901.2524
102901.2519
102901.2516
102901.2518
102901.2524
102901.2535
102901.2549
102901.2565
102901.258
102901.2593
102901.2603
102901.261
102901.2616
102901.262
102901.2622
102901.2624
102901.2624
102901.2625
102901.3438
102901.2876
102901.2514
102901.2434
102901.2404
102901.2385
102901.2365
102901.2343
102901.2322
102901.23
102901.228
102901.2262
102901.2247
102901.2237
102901.2231
102901.2228
102901.2228
102901.2228
102901.2227
102901.2226
102901.2222
102901.2218
102901.2214
102901.2211
102901.221
102901.2212
102901.2218
102901.2227
102901.2239
102901.2252
102901.2264
102901.2275
102901.2284
102901.2291
102901.2296
102901.23
102901.2303
102901.2304
102901.2305
102901.2306
102901.3073
102901.264
102901.2202
102901.2112
102901.2078
102901.2059
102901.2038
102901.2016
102901.1994
102901.1972
102901.1951
102901.1933
102901.1921
102901.1915
102901.1912
102901.1912
102901.1913
102901.1914
102901.1913
102901.1912
102901.1909
102901.1907
102901.1904
102901.1902
102901.1902
102901.1904
102901.191
102901.1918
102901.1927
102901.1938
102901.1948
102901.1958
102901.1966
102901.1972
102901.1977
102901.1981
102901.1984
102901.1985
102901.1986
102901.1987
102901.2679
102901.2451
102901.1895
102901.1793
102901.1754
102901.1734
102901.1714
102901.1692
102901.1669
102901.1645
102901.1624
102901.1608
102901.16
102901.1597
102901.1597
102901.1598
102901.1599
102901.16
102901.1599
102901.1598
102901.1597
102901.1595
102901.1593
102901.1592
102901.1593
102901.1596
102901.16
102901.1607
102901.1615
102901.1624
102901.1633
102901.1641
102901.1648
102901.1654
102901.1659
102901.1662
102901.1665
102901.1667
102901.1668
102901.1668
102901.2265
102901.2252
102901.1595
102901.1477
102901.1432
102901.1412
102901.1392
102901.1369
102901.1344
102901.1319
102901.1298
102901.1287
102901.1282
102901.1282
102901.1283
102901.1285
102901.1286
102901.1286
102901.1286
102901.1285
102901.1284
102901.1283
102901.1282
102901.1282
102901.1283
102901.1286
102901.129
102901.1296
102901.1303
102901.131
102901.1318
102901.1325
102901.1331
102901.1336
102901.1341
102901.1344
102901.1347
102901.1348
102901.1349
102901.135
102901.1851
102901.198
102901.1306
102901.1162
102901.1112
102901.1092
102901.1072
102901.1047
102901.1018
102901.0993
102901.0976
102901.0969
102901.0968
102901.0969
102901.097
102901.0971
102901.0972
102901.0972
102901.0972
102901.0972
102901.0971
102901.0971
102901.097
102901.0971
102901.0972
102901.0975
102901.0979
102901.0984
102901.099
102901.0996
102901.1003
102901.1009
102901.1014
102901.1019
102901.1023
102901.1026
102901.1029
102901.103
102901.1031
102901.1032
102901.141
102901.1665
102901.1033
102901.0847
102901.0794
102901.0774
102901.0752
102901.0722
102901.0691
102901.0668
102901.0657
102901.0655
102901.0655
102901.0656
102901.0657
102901.0658
102901.0659
102901.0659
102901.0659
102901.0659
102901.0658
102901.0658
102901.0658
102901.0659
102901.066
102901.0663
102901.0667
102901.0671
102901.0676
102901.0682
102901.0687
102901.0693
102901.0698
102901.0702
102901.0706
102901.0709
102901.0711
102901.0712
102901.0713
102901.0714
102901.0869
102901.1298
102901.0769
102901.0531
102901.0479
102901.0458
102901.043
102901.0394
102901.0364
102901.0348
102901.0342
102901.0342
102901.0343
102901.0344
102901.0345
102901.0345
102901.0345
102901.0346
102901.0346
102901.0345
102901.0345
102901.0345
102901.0346
102901.0347
102901.0348
102901.0351
102901.0354
102901.0358
102901.0363
102901.0367
102901.0372
102901.0377
102901.0381
102901.0385
102901.0389
102901.0391
102901.0393
102901.0395
102901.0396
102901.0396
102901.0316
102901.0786
102901.0485
102901.0214
102901.0167
102901.0141
102901.0102
102901.0064
102901.0041
102901.0031
102901.0029
102901.003
102901.003
102901.0031
102901.0031
102901.0032
102901.0032
102901.0032
102901.0032
102901.0032
102901.0032
102901.0033
102901.0033
102901.0034
102901.0036
102901.0038
102901.0041
102901.0045
102901.0049
102901.0053
102901.0057
102901.0061
102901.0065
102901.0069
102901.0072
102901.0074
102901.0076
102901.0077
102901.0078
102901.0079
102900.989
102901.0154
102901.0161
102900.9898
102900.9856
102900.9817
102900.977
102900.9737
102900.9723
102900.9718
102900.9718
102900.9718
102900.9718
102900.9718
102900.9718
102900.9719
102900.9719
102900.9719
102900.9719
102900.9719
102900.9719
102900.972
102900.972
102900.9721
102900.9723
102900.9725
102900.9728
102900.9731
102900.9735
102900.9738
102900.9742
102900.9746
102900.9749
102900.9752
102900.9755
102900.9757
102900.9759
102900.976
102900.9761
102900.9762
102900.9531
102900.9612
102900.9766
102900.9577
102900.9533
102900.9481
102900.9438
102900.9416
102900.9408
102900.9406
102900.9406
102900.9405
102900.9405
102900.9405
102900.9405
102900.9405
102900.9405
102900.9405
102900.9405
102900.9405
102900.9406
102900.9406
102900.9407
102900.9408
102900.941
102900.9412
102900.9414
102900.9417
102900.942
102900.9424
102900.9427
102900.943
102900.9433
102900.9436
102900.9438
102900.944
102900.9442
102900.9443
102900.9444
102900.9444
102900.9175
102900.9217
102900.9311
102900.9239
102900.919
102900.9142
102900.9112
102900.91
102900.9096
102900.9094
102900.9093
102900.9093
102900.9092
102900.9092
102900.9092
102900.9092
102900.9092
102900.9092
102900.9092
102900.9092
102900.9092
102900.9093
102900.9094
102900.9095
102900.9096
102900.9098
102900.9101
102900.9103
102900.9106
102900.9109
102900.9112
102900.9115
102900.9117
102900.912
102900.9122
102900.9124
102900.9125
102900.9127
102900.9127
102900.9128
102900.8826
102900.8854
102900.8905
102900.888
102900.884
102900.8808
102900.8793
102900.8787
102900.8784
102900.8782
102900.8781
102900.878
102900.8779
102900.8779
102900.8778
102900.8778
102900.8778
102900.8778
102900.8778
102900.8778
102900.8779
102900.8779
102900.878
102900.8781
102900.8783
102900.8785
102900.8787
102900.8789
102900.8791
102900.8794
102900.8797
102900.8799
102900.8802
102900.8804
102900.8806
102900.8808
102900.8809
102900.881
102900.8811
102900.8811
102900.8491
102900.8505
102900.8535
102900.8522
102900.8499
102900.8485
102900.8477
102900.8474
102900.8471
102900.8469
102900.8468
102900.8467
102900.8466
102900.8465
102900.8465
102900.8464
102900.8464
102900.8464
102900.8464
102900.8465
102900.8465
102900.8466
102900.8467
102900.8468
102900.8469
102900.8471
102900.8473
102900.8475
102900.8477
102900.8479
102900.8482
102900.8484
102900.8486
102900.8488
102900.849
102900.8491
102900.8493
102900.8493
102900.8494
102900.8494
102900.8168
102900.8174
102900.8187
102900.8182
102900.8173
102900.8168
102900.8164
102900.816
102900.8158
102900.8156
102900.8154
102900.8153
102900.8152
102900.8151
102900.8151
102900.8151
102900.815
102900.815
102900.8151
102900.8151
102900.8151
102900.8152
102900.8153
102900.8154
102900.8155
102900.8157
102900.8158
102900.816
102900.8162
102900.8164
102900.8166
102900.8168
102900.817
102900.8172
102900.8174
102900.8175
102900.8176
102900.8177
102900.8178
102900.8178
102900.7851
102900.7853
102900.7858
102900.7858
102900.7856
102900.7853
102900.7849
102900.7847
102900.7844
102900.7842
102900.7841
102900.7839
102900.7838
102900.7838
102900.7837
102900.7837
102900.7837
102900.7837
102900.7837
102900.7837
102900.7837
102900.7838
102900.7839
102900.784
102900.7841
102900.7842
102900.7844
102900.7846
102900.7847
102900.7849
102900.7851
102900.7853
102900.7855
102900.7856
102900.7858
102900.7859
102900.786
102900.7861
102900.7861
102900.7862
102900.7537
102900.7538
102900.754
102900.7541
102900.754
102900.7538
102900.7535
102900.7532
102900.753
102900.7528
102900.7527
102900.7525
102900.7524
102900.7524
102900.7523
102900.7523
102900.7523
102900.7522
102900.7523
102900.7523
102900.7523
102900.7524
102900.7525
102900.7526
102900.7527
102900.7528
102900.7529
102900.7531
102900.7533
102900.7534
102900.7536
102900.7538
102900.7539
102900.7541
102900.7542
102900.7543
102900.7544
102900.7545
102900.7545
102900.7545
102900.7222
102900.7223
102900.7225
102900.7225
102900.7225
102900.7223
102900.722
102900.7218
102900.7216
102900.7214
102900.7212
102900.7211
102900.721
102900.721
102900.7209
102900.7209
102900.7208
102900.7208
102900.7209
102900.7209
102900.7209
102900.721
102900.7211
102900.7211
102900.7212
102900.7214
102900.7215
102900.7216
102900.7218
102900.7219
102900.7221
102900.7222
102900.7224
102900.7225
102900.7226
102900.7227
102900.7228
102900.7229
102900.7229
102900.7229
102900.6908
102900.6908
102900.691
102900.691
102900.6909
102900.6907
102900.6905
102900.6903
102900.6901
102900.6899
102900.6898
102900.6897
102900.6896
102900.6895
102900.6895
102900.6894
102900.6894
102900.6894
102900.6894
102900.6895
102900.6895
102900.6896
102900.6896
102900.6897
102900.6898
102900.6899
102900.69
102900.6902
102900.6903
102900.6904
102900.6906
102900.6907
102900.6908
102900.691
102900.6911
102900.6911
102900.6912
102900.6913
102900.6913
102900.6913
102900.6593
102900.6593
102900.6594
102900.6594
102900.6593
102900.6592
102900.659
102900.6588
102900.6586
102900.6585
102900.6584
102900.6583
102900.6582
102900.6581
102900.6581
102900.658
102900.658
102900.658
102900.658
102900.658
102900.6581
102900.6581
102900.6582
102900.6583
102900.6584
102900.6585
102900.6586
102900.6587
102900.6588
102900.6589
102900.6591
102900.6592
102900.6593
102900.6594
102900.6595
102900.6596
102900.6596
102900.6597
102900.6597
102900.6597
102900.6278
102900.6278
102900.6278
102900.6278
102900.6277
102900.6276
102900.6275
102900.6273
102900.6272
102900.627
102900.6269
102900.6268
102900.6267
102900.6267
102900.6266
102900.6266
102900.6266
102900.6266
102900.6266
102900.6266
102900.6266
102900.6267
102900.6267
102900.6268
102900.6269
102900.627
102900.6271
102900.6272
102900.6273
102900.6274
102900.6275
102900.6277
102900.6278
102900.6279
102900.6279
102900.628
102900.6281
102900.6281
102900.6281
102900.6282
102900.5962
102900.5963
102900.5963
102900.5962
102900.5962
102900.5961
102900.5959
102900.5958
102900.5957
102900.5955
102900.5954
102900.5953
102900.5953
102900.5952
102900.5952
102900.5951
102900.5951
102900.5951
102900.5951
102900.5952
102900.5952
102900.5952
102900.5953
102900.5954
102900.5954
102900.5955
102900.5956
102900.5957
102900.5958
102900.5959
102900.596
102900.5961
102900.5962
102900.5963
102900.5964
102900.5964
102900.5965
102900.5965
102900.5966
102900.5966
102900.5647
102900.5647
102900.5647
102900.5647
102900.5646
102900.5645
102900.5644
102900.5643
102900.5642
102900.564
102900.564
102900.5639
102900.5638
102900.5638
102900.5637
102900.5637
102900.5637
102900.5637
102900.5637
102900.5637
102900.5637
102900.5638
102900.5638
102900.5639
102900.564
102900.5641
102900.5641
102900.5642
102900.5643
102900.5644
102900.5645
102900.5646
102900.5647
102900.5648
102900.5648
102900.5649
102900.5649
102900.565
102900.565
102900.565
102900.5331
102900.5331
102900.5331
102900.5331
102900.533
102900.533
102900.5329
102900.5328
102900.5326
102900.5326
102900.5325
102900.5324
102900.5323
102900.5323
102900.5323
102900.5322
102900.5322
102900.5322
102900.5322
102900.5323
102900.5323
102900.5323
102900.5324
102900.5324
102900.5325
102900.5326
102900.5327
102900.5327
102900.5328
102900.5329
102900.533
102900.5331
102900.5331
102900.5332
102900.5333
102900.5333
102900.5334
102900.5334
102900.5334
102900.5334
102900.5016
102900.5016
102900.5016
102900.5015
102900.5015
102900.5014
102900.5013
102900.5012
102900.5011
102900.5011
102900.501
102900.5009
102900.5009
102900.5008
102900.5008
102900.5008
102900.5008
102900.5008
102900.5008
102900.5008
102900.5008
102900.5009
102900.5009
102900.501
102900.501
102900.5011
102900.5012
102900.5012
102900.5013
102900.5014
102900.5015
102900.5015
102900.5016
102900.5017
102900.5017
102900.5018
102900.5018
102900.5019
102900.5019
102900.5019
102900.47
102900.47
102900.47
102900.47
102900.4699
102900.4699
102900.4698
102900.4697
102900.4696
102900.4696
102900.4695
102900.4694
102900.4694
102900.4694
102900.4693
102900.4693
102900.4693
102900.4693
102900.4693
102900.4693
102900.4694
102900.4694
102900.4694
102900.4695
102900.4696
102900.4696
102900.4697
102900.4697
102900.4698
102900.4699
102900.47
102900.47
102900.4701
102900.4701
102900.4702
102900.4702
102900.4703
102900.4703
102900.4703
102900.4703
102900.4385
102900.4385
102900.4384
102900.4384
102900.4384
102900.4383
102900.4383
102900.4382
102900.4381
102900.4381
102900.438
102900.438
102900.4379
102900.4379
102900.4379
102900.4378
102900.4378
102900.4378
102900.4378
102900.4379
102900.4379
102900.4379
102900.438
102900.438
102900.4381
102900.4381
102900.4382
102900.4383
102900.4383
102900.4384
102900.4384
102900.4385
102900.4386
102900.4386
102900.4387
102900.4387
102900.4387
102900.4388
102900.4388
102900.4388
102900.4069
102900.4069
102900.4069
102900.4069
102900.4068
102900.4068
102900.4067
102900.4067
102900.4066
102900.4066
102900.4065
102900.4065
102900.4064
102900.4064
102900.4064
102900.4064
102900.4064
102900.4064
102900.4064
102900.4064
102900.4064
102900.4065
102900.4065
102900.4065
102900.4066
102900.4066
102900.4067
102900.4068
102900.4068
102900.4069
102900.4069
102900.407
102900.407
102900.4071
102900.4071
102900.4072
102900.4072
102900.4072
102900.4072
102900.4072
102900.3754
102900.3754
102900.3753
102900.3753
102900.3753
102900.3752
102900.3752
102900.3751
102900.3751
102900.3751
102900.375
102900.375
102900.3749
102900.3749
102900.3749
102900.3749
102900.3749
102900.3749
102900.3749
102900.3749
102900.3749
102900.375
102900.375
102900.3751
102900.3751
102900.3751
102900.3752
102900.3753
102900.3753
102900.3754
102900.3754
102900.3755
102900.3755
102900.3756
102900.3756
102900.3756
102900.3757
102900.3757
102900.3757
102900.3757
102900.3438
102900.3438
102900.3438
102900.3438
102900.3437
102900.3437
102900.3437
102900.3436
102900.3436
102900.3436
102900.3435
102900.3435
102900.3435
102900.3434
102900.3434
102900.3434
102900.3434
102900.3434
102900.3434
102900.3434
102900.3435
102900.3435
102900.3435
102900.3436
102900.3436
102900.3437
102900.3437
102900.3437
102900.3438
102900.3438
102900.3439
102900.3439
102900.344
102900.344
102900.3441
102900.3441
102900.3441
102900.3441
102900.3441
102900.3442
102900.3123
102900.3123
102900.3123
102900.3122
102900.3122
102900.3122
102900.3122
102900.3121
102900.3121
102900.312
102900.312
102900.312
102900.312
102900.3119
102900.3119
102900.3119
102900.3119
102900.3119
102900.3119
102900.312
102900.312
102900.312
102900.312
102900.3121
102900.3121
102900.3122
102900.3122
102900.3122
102900.3123
102900.3123
102900.3124
102900.3124
102900.3125
102900.3125
102900.3125
102900.3126
102900.3126
102900.3126
102900.3126
102900.3126
102900.2807
102900.2807
102900.2807
102900.2807
102900.2807
102900.2807
102900.2806
102900.2806
102900.2806
102900.2805
102900.2805
102900.2805
102900.2805
102900.2805
102900.2804
102900.2804
102900.2804
102900.2804
102900.2805
102900.2805
102900.2805
102900.2805
102900.2805
102900.2806
102900.2806
102900.2807
102900.2807
102900.2807
102900.2808
102900.2808
102900.2809
102900.2809
102900.2809
102900.281
102900.281
102900.281
102900.2811
102900.2811
102900.2811
102900.2811
102900.2492
102900.2492
102900.2492
102900.2492
102900.2492
102900.2491
102900.2491
102900.2491
102900.2491
102900.249
102900.249
102900.249
102900.249
102900.249
102900.249
102900.2489
102900.249
102900.249
102900.249
102900.249
102900.249
102900.249
102900.2491
102900.2491
102900.2491
102900.2492
102900.2492
102900.2492
102900.2493
102900.2493
102900.2494
102900.2494
102900.2494
102900.2495
102900.2495
102900.2495
102900.2495
102900.2495
102900.2495
102900.2496
102900.2177
102900.2177
102900.2177
102900.2177
102900.2176
102900.2176
102900.2176
102900.2176
102900.2175
102900.2175
102900.2175
102900.2175
102900.2175
102900.2175
102900.2175
102900.2175
102900.2175
102900.2175
102900.2175
102900.2175
102900.2175
102900.2175
102900.2176
102900.2176
102900.2176
102900.2177
102900.2177
102900.2177
102900.2178
102900.2178
102900.2178
102900.2179
102900.2179
102900.2179
102900.218
102900.218
102900.218
102900.218
102900.218
102900.218
102900.1861
102900.1861
102900.1861
102900.1861
102900.1861
102900.1861
102900.1861
102900.1861
102900.186
102900.186
102900.186
102900.186
102900.186
102900.186
102900.186
102900.186
102900.186
102900.186
102900.186
102900.186
102900.186
102900.186
102900.1861
102900.1861
102900.1861
102900.1862
102900.1862
102900.1862
102900.1863
102900.1863
102900.1863
102900.1864
102900.1864
102900.1864
102900.1864
102900.1865
102900.1865
102900.1865
102900.1865
102900.1865
102900.1546
102900.1546
102900.1546
102900.1546
102900.1546
102900.1546
102900.1546
102900.1545
102900.1545
102900.1545
102900.1545
102900.1545
102900.1545
102900.1545
102900.1545
102900.1545
102900.1545
102900.1545
102900.1545
102900.1545
102900.1545
102900.1545
102900.1546
102900.1546
102900.1546
102900.1547
102900.1547
102900.1547
102900.1547
102900.1548
102900.1548
102900.1548
102900.1549
102900.1549
102900.1549
102900.1549
102900.1549
102900.155
102900.155
102900.155
102900.1231
102900.1231
102900.1231
102900.1231
102900.1231
102900.1231
102900.123
102900.123
102900.123
102900.123
102900.123
102900.123
102900.123
102900.123
102900.123
102900.123
102900.123
102900.123
102900.123
102900.123
102900.123
102900.123
102900.1231
102900.1231
102900.1231
102900.1232
102900.1232
102900.1232
102900.1232
102900.1233
102900.1233
102900.1233
102900.1234
102900.1234
102900.1234
102900.1234
102900.1234
102900.1234
102900.1234
102900.1234
102900.0916
102900.0916
102900.0916
102900.0916
102900.0916
102900.0915
102900.0915
102900.0915
102900.0915
102900.0915
102900.0915
102900.0915
102900.0915
102900.0915
102900.0915
102900.0915
102900.0915
102900.0915
102900.0915
102900.0915
102900.0915
102900.0915
102900.0916
102900.0916
102900.0916
102900.0916
102900.0917
102900.0917
102900.0917
102900.0918
102900.0918
102900.0918
102900.0918
102900.0919
102900.0919
102900.0919
102900.0919
102900.0919
102900.0919
102900.0919
102900.0601
102900.0601
102900.0601
102900.0601
102900.06
102900.06
102900.06
102900.06
102900.06
102900.06
102900.06
102900.06
102900.06
102900.06
102900.06
102900.06
102900.06
102900.06
102900.06
102900.06
102900.06
102900.06
102900.0601
102900.0601
102900.0601
102900.0601
102900.0602
102900.0602
102900.0602
102900.0602
102900.0603
102900.0603
102900.0603
102900.0603
102900.0604
102900.0604
102900.0604
102900.0604
102900.0604
102900.0604
102900.0285
102900.0285
102900.0285
102900.0285
102900.0285
102900.0285
102900.0285
102900.0285
102900.0285
102900.0285
102900.0285
102900.0285
102900.0285
102900.0285
102900.0285
102900.0285
102900.0285
102900.0285
102900.0285
102900.0285
102900.0285
102900.0285
102900.0286
102900.0286
102900.0286
102900.0286
102900.0287
102900.0287
102900.0287
102900.0287
102900.0288
102900.0288
102900.0288
102900.0288
102900.0288
102900.0289
102900.0289
102900.0289
102900.0289
102900.0289
102899.997
102899.997
102899.997
102899.997
102899.997
102899.997
102899.997
102899.997
102899.997
102899.997
102899.997
102899.997
102899.997
102899.997
102899.997
102899.997
102899.997
102899.997
102899.997
102899.997
102899.997
102899.997
102899.9971
102899.9971
102899.9971
102899.9971
102899.9972
102899.9972
102899.9972
102899.9972
102899.9973
102899.9973
102899.9973
102899.9973
102899.9973
102899.9973
102899.9974
102899.9974
102899.9974
102899.9974
102899.9655
102899.9655
102899.9655
102899.9655
102899.9655
102899.9655
102899.9655
102899.9655
102899.9655
102899.9655
102899.9655
102899.9655
102899.9655
102899.9655
102899.9655
102899.9655
102899.9655
102899.9655
102899.9655
102899.9655
102899.9655
102899.9655
102899.9656
102899.9656
102899.9656
102899.9656
102899.9656
102899.9657
102899.9657
102899.9657
102899.9657
102899.9658
102899.9658
102899.9658
102899.9658
102899.9658
102899.9658
102899.9658
102899.9658
102899.9659
102899.934
102899.934
102899.934
102899.934
102899.934
102899.934
102899.934
102899.934
102899.934
102899.934
102899.934
102899.934
102899.934
102899.934
102899.934
102899.934
102899.934
102899.934
102899.934
102899.934
102899.934
102899.934
102899.9341
102899.9341
102899.9341
102899.9341
102899.9341
102899.9342
102899.9342
102899.9342
102899.9342
102899.9342
102899.9343
102899.9343
102899.9343
102899.9343
102899.9343
102899.9343
102899.9343
102899.9343
102899.9025
102899.9025
102899.9025
102899.9025
102899.9025
102899.9025
102899.9025
102899.9025
102899.9025
102899.9025
102899.9024
102899.9024
102899.9024
102899.9024
102899.9024
102899.9025
102899.9025
102899.9025
102899.9025
102899.9025
102899.9025
102899.9025
102899.9025
102899.9026
102899.9026
102899.9026
102899.9026
102899.9027
102899.9027
102899.9027
102899.9027
102899.9027
102899.9028
102899.9028
102899.9028
102899.9028
102899.9028
102899.9028
102899.9028
102899.9028
102899.871
102899.871
102899.871
102899.871
102899.871
102899.871
102899.871
102899.871
102899.8709
102899.8709
102899.8709
102899.8709
102899.8709
102899.8709
102899.8709
102899.8709
102899.871
102899.871
102899.871
102899.871
102899.871
102899.871
102899.871
102899.8711
102899.8711
102899.8711
102899.8711
102899.8711
102899.8712
102899.8712
102899.8712
102899.8712
102899.8712
102899.8713
102899.8713
102899.8713
102899.8713
102899.8713
102899.8713
102899.8713
102899.8395
102899.8395
102899.8395
102899.8395
102899.8395
102899.8395
102899.8394
102899.8394
102899.8394
102899.8394
102899.8394
102899.8394
102899.8394
102899.8394
102899.8394
102899.8394
102899.8394
102899.8395
102899.8395
102899.8395
102899.8395
102899.8395
102899.8395
102899.8395
102899.8396
102899.8396
102899.8396
102899.8396
102899.8397
102899.8397
102899.8397
102899.8397
102899.8397
102899.8397
102899.8398
102899.8398
102899.8398
102899.8398
102899.8398
102899.8398
)
;

boundaryField
{
    front
    {
        type            wedge;
    }
    back
    {
        type            wedge;
    }
    tankWall
    {
        type            fixedFluxPressure;
        gradient        uniform 0;
        value           nonuniform List<scalar> 
120
(
103764.1757
103756.7171
103749.1158
103741.4543
103733.742
103725.9895
103718.2055
103710.3933
103702.5564
103694.6984
103686.8209
103678.9257
103671.0142
103663.0875
103655.1463
103647.1916
103639.2245
103631.2455
103623.2552
103615.2539
103607.242
103599.2205
103591.1899
103583.15
103575.1011
103567.0431
103558.9764
103550.9017
103542.8198
103534.7309
103526.6345
103518.5308
103510.4196
103502.3012
103494.177
103486.0482
103477.9142
103469.7755
103461.6327
103453.4865
103445.3373
103437.1857
103429.0329
103420.8803
103412.7297
103404.5822
103396.4405
103388.3076
103380.1891
103372.1001
103364.0725
103356.1578
103348.5366
103341.405
103334.9139
103329.1451
103323.916
103318.4226
103310.5095
103294.9698
103259.3717
103109.1829
102901.6427
102901.6127
102901.5805
102901.5492
102901.5175
102901.4856
102901.4541
102901.422
102901.3902
102901.3582
102901.3263
102901.2944
102901.2625
102901.2306
102901.1987
102901.1668
102901.135
102901.1032
102901.0714
102901.0396
102901.0079
102900.9762
102900.9444
102900.9128
102900.8811
102900.8494
102900.8178
102900.7862
102900.7545
102900.7229
102900.6913
102900.6597
102900.6282
102900.5966
102900.565
102900.5334
102900.5019
102900.4703
102900.4388
102900.4072
102900.3757
102900.3442
102900.3126
102900.2811
102900.2496
102900.218
102900.1865
102900.155
102900.1234
102900.0919
102900.0604
102900.0289
102899.9974
102899.9659
102899.9343
102899.9028
102899.8713
102899.8398
)
;
    }
    bottom
    {
        type            fixedFluxPressure;
        gradient        uniform 0;
        value           nonuniform List<scalar> 
40
(
103765.2907
103765.2875
103765.2799
103765.268
103765.2521
103765.2324
103765.209
103765.1823
103765.1525
103765.1199
103765.0849
103765.0479
103765.0091
103764.9689
103764.9278
103764.8861
103764.8441
103764.8022
103764.7607
103764.7199
103764.6802
103764.6416
103764.6046
103764.5692
103764.5357
103764.5042
103764.4748
103764.4476
103764.4226
103764.3999
103764.3795
103764.3612
103764.3452
103764.3312
103764.3193
103764.3088
103764.3008
103764.2891
103764.297
103764.1757
)
;
    }
    top
    {
        type            fixedFluxPressure;
        gradient        uniform 0;
        value           nonuniform List<scalar> 
40
(
102899.8395
102899.8395
102899.8395
102899.8395
102899.8395
102899.8395
102899.8394
102899.8394
102899.8394
102899.8394
102899.8394
102899.8394
102899.8394
102899.8394
102899.8394
102899.8394
102899.8394
102899.8395
102899.8395
102899.8395
102899.8395
102899.8395
102899.8395
102899.8395
102899.8396
102899.8396
102899.8396
102899.8396
102899.8397
102899.8397
102899.8397
102899.8397
102899.8397
102899.8397
102899.8398
102899.8398
102899.8398
102899.8398
102899.8398
102899.8398
)
;
    }
    axis
    {
        type            empty;
    }
}


// ************************************************************************* //
