/*--------------------------------*- C++ -*----------------------------------*\
| =========                 |                                                 |
| \\      /  F ield         | OpenFOAM: The Open Source CFD Toolbox           |
|  \\    /   O peration     | Version:  v1912                                 |
|   \\  /    A nd           | Website:  www.openfoam.com                      |
|    \\/     M anipulation  |                                                 |
\*---------------------------------------------------------------------------*/
FoamFile
{
    version     2.0;
    format      ascii;
    class       volScalarField;
    location    "1";
    object      p_rgh_0;
}
// * * * * * * * * * * * * * * * * * * * * * * * * * * * * * * * * * * * * * //

dimensions      [1 -1 -2 0 0 0 0];


internalField   nonuniform List<scalar> 
4800
(
103761.5995
103761.5964
103761.5888
103761.577
103761.5612
103761.5416
103761.5184
103761.4918
103761.4622
103761.4299
103761.3951
103761.3583
103761.3197
103761.2798
103761.239
103761.1975
103761.1557
103761.1141
103761.0728
103761.0323
103760.9927
103760.9544
103760.9176
103760.8824
103760.849
103760.8177
103760.7884
103760.7613
103760.7365
103760.7139
103760.6935
103760.6754
103760.6595
103760.6456
103760.6337
103760.6232
103760.6152
103760.6036
103760.6114
103760.4901
103754.2454
103754.2423
103754.2347
103754.2228
103754.207
103754.1873
103754.164
103754.1373
103754.1076
103754.0751
103754.0402
103754.0032
103753.9645
103753.9244
103753.8834
103753.8418
103753.7999
103753.7581
103753.7167
103753.676
103753.6363
103753.5979
103753.5609
103753.5257
103753.4923
103753.4608
103753.4315
103753.4044
103753.3795
103753.3568
103753.3365
103753.3184
103753.3024
103753.2886
103753.2768
103753.2665
103753.2585
103753.249
103753.2509
103753.0315
103746.8935
103746.8906
103746.8829
103746.871
103746.855
103746.8351
103746.8116
103746.7847
103746.7548
103746.722
103746.6868
103746.6495
103746.6105
103746.5701
103746.5288
103746.4868
103746.4446
103746.4025
103746.3608
103746.3199
103746.2799
103746.2412
103746.2041
103746.1686
103746.135
103746.1034
103746.0739
103746.0467
103746.0217
103745.999
103745.9786
103745.9605
103745.9446
103745.9308
103745.9192
103745.9092
103745.9017
103745.8943
103745.8882
103745.4302
103739.544
103739.5412
103739.5335
103739.5215
103739.5053
103739.4851
103739.4613
103739.4341
103739.4038
103739.3706
103739.335
103739.2972
103739.2577
103739.2169
103739.1751
103739.1326
103739.0899
103739.0474
103739.0052
103738.9638
103738.9235
103738.8844
103738.8469
103738.8111
103738.7772
103738.7454
103738.7157
103738.6883
103738.6632
103738.6404
103738.62
103738.6018
103738.586
103738.5723
103738.5608
103738.5512
103738.5442
103738.5383
103738.5202
103737.7686
103732.1969
103732.1943
103732.1865
103732.1743
103732.1578
103732.1373
103732.1131
103732.0855
103732.0546
103732.0209
103731.9847
103731.9463
103731.9062
103731.8647
103731.8222
103731.7791
103731.7358
103731.6926
103731.6498
103731.6079
103731.567
103731.5274
103731.4894
103731.4532
103731.4189
103731.3868
103731.3568
103731.3292
103731.3039
103731.281
103731.2604
103731.2423
103731.2264
103731.2129
103731.2016
103731.1923
103731.1857
103731.1809
103731.1456
103730.0564
103724.8522
103724.8498
103724.8419
103724.8294
103724.8126
103724.7917
103724.767
103724.7388
103724.7073
103724.6728
103724.6359
103724.5967
103724.5558
103724.5135
103724.4702
103724.4263
103724.3821
103724.3381
103724.2946
103724.2519
103724.2104
103724.1702
103724.1316
103724.0948
103724.0601
103724.0275
103723.9972
103723.9693
103723.9438
103723.9207
103723.9
103723.8818
103723.866
103723.8525
103723.8415
103723.8324
103723.8261
103723.8217
103723.7639
103722.3041
103717.51
103717.5077
103717.4997
103717.487
103717.4698
103717.4484
103717.423
103717.3941
103717.3618
103717.3265
103717.2886
103717.2486
103717.2066
103717.1633
103717.119
103717.0741
103717.029
103716.984
103716.9396
103716.896
103716.8536
103716.8127
103716.7734
103716.736
103716.7007
103716.6676
103716.6369
103716.6086
103716.5828
103716.5595
103716.5387
103716.5204
103716.5046
103716.4912
103716.4804
103716.4715
103716.4654
103716.4613
103716.371
103714.5202
103710.1703
103710.1682
103710.16
103710.147
103710.1293
103710.1073
103710.0812
103710.0514
103710.0182
103709.9819
103709.943
103709.9018
103709.8587
103709.8142
103709.7687
103709.7226
103709.6763
103709.6303
103709.5847
103709.5401
103709.4968
103709.4549
103709.4148
103709.3766
103709.3407
103709.307
103709.2758
103709.2471
103709.2209
103709.1974
103709.1764
103709.1581
103709.1423
103709.129
103709.1182
103709.1096
103709.1038
103709.1003
103708.9655
103706.7081
103702.8332
103702.8312
103702.8229
103702.8094
103702.7912
103702.7685
103702.7415
103702.7108
103702.6765
103702.639
103702.5989
103702.5563
103702.5119
103702.4661
103702.4192
103702.3718
103702.3242
103702.2768
103702.23
103702.1842
103702.1397
103702.0968
103702.0557
103702.0167
103701.98
103701.9457
103701.9139
103701.8847
103701.8582
103701.8343
103701.8132
103701.7947
103701.7789
103701.7657
103701.7551
103701.7467
103701.7411
103701.7381
103701.5509
103698.8712
103695.4987
103695.4969
103695.4883
103695.4744
103695.4555
103695.432
103695.4041
103695.3722
103695.3367
103695.2979
103695.2563
103695.2123
103695.1664
103695.119
103695.0706
103695.0216
103694.9724
103694.9236
103694.8754
103694.8282
103694.7824
103694.7383
103694.6962
103694.6562
103694.6186
103694.5835
103694.5511
103694.5214
103694.4944
103694.4703
103694.4489
103694.4304
103694.4145
103694.4013
103694.3909
103694.3827
103694.3774
103694.3746
103694.1273
103691.0132
103688.1668
103688.1652
103688.1564
103688.142
103688.1224
103688.0979
103688.0689
103688.0358
103687.9989
103687.9586
103687.9154
103687.8697
103687.8221
103687.7729
103687.7227
103687.672
103687.6211
103687.5706
103687.5208
103687.4721
103687.4249
103687.3795
103687.3361
103687.2951
103687.2565
103687.2206
103687.1874
103687.1571
103687.1297
103687.1052
103687.0836
103687.0649
103687.049
103687.0358
103687.0255
103687.0175
103687.0124
103687.01
103686.695
103683.1357
103680.8377
103680.8363
103680.8273
103680.8122
103680.7918
103680.7663
103680.7361
103680.7015
103680.663
103680.6211
103680.5761
103680.5285
103680.4789
103680.4278
103680.3756
103680.3229
103680.2701
103680.2177
103680.1662
103680.1158
103680.067
103680.0201
103679.9754
103679.9332
103679.8935
103679.8567
103679.8228
103679.7918
103679.7639
103679.739
103679.7172
103679.6983
103679.6823
103679.6692
103679.659
103679.6511
103679.6464
103679.6441
103679.2539
103675.2405
103673.5114
103673.5103
103673.5009
103673.4852
103673.4639
103673.4372
103673.4056
103673.3694
103673.3292
103673.2853
103673.2383
103673.1887
103673.137
103673.0837
103673.0293
103672.9744
103672.9195
103672.8651
103672.8115
103672.7593
103672.7087
103672.6602
103672.6141
103672.5705
103672.5297
103672.4919
103672.4571
103672.4255
103672.397
103672.3717
103672.3495
103672.3305
103672.3145
103672.3014
103672.2913
103672.2836
103672.2791
103672.2769
103671.8039
103667.329
103666.188
103666.1871
103666.1774
103666.161
103666.1386
103666.1106
103666.0775
103666.0396
103665.9974
103665.9515
103665.9022
103665.8503
103665.7962
103665.7405
103665.6837
103665.6264
103665.5692
103665.5125
103665.4567
103665.4024
103665.35
103665.2997
103665.2519
103665.2069
103665.1649
103665.126
103665.0903
103665.0579
103665.0288
103665.0031
103664.9807
103664.9615
103664.9454
103664.9323
103664.9224
103664.9149
103664.9107
103664.9083
103664.3446
103659.4023
103658.8676
103658.8669
103658.8568
103658.8396
103658.8161
103658.7867
103658.7519
103658.7121
103658.6677
103658.6195
103658.5678
103658.5133
103658.4566
103658.3982
103658.3388
103658.2789
103658.2191
103658.1598
103658.1017
103658.0452
103657.9906
103657.9384
103657.8889
103657.8424
103657.799
103657.7589
103657.7222
103657.6891
103657.6594
103657.6332
103657.6105
103657.5911
103657.575
103657.562
103657.5521
103657.5449
103657.541
103657.5382
103656.8754
103651.461
103651.5502
103651.5499
103651.5393
103651.5213
103651.4965
103651.4655
103651.4288
103651.3868
103651.3402
103651.2893
103651.235
103651.1777
103651.1181
103651.0568
103650.9945
103650.9317
103650.8691
103650.8071
103650.7464
103650.6875
103650.6306
103650.5764
103650.525
103650.4767
103650.4319
103650.3905
103650.3529
103650.3189
103650.2886
103650.262
103650.2389
103650.2194
103650.2033
103650.1903
103650.1806
103650.1735
103650.1699
103650.1662
103649.3968
103643.5064
103644.236
103644.236
103644.225
103644.206
103644.1798
103644.1471
103644.1083
103644.064
103644.0147
103643.9611
103643.9037
103643.8434
103643.7806
103643.7162
103643.6507
103643.5848
103643.5191
103643.4542
103643.3907
103643.3291
103643.2698
103643.2133
103643.1599
103643.1098
103643.0634
103643.0208
103642.982
103642.9472
103642.9163
103642.8892
103642.8659
103642.8462
103642.8301
103642.8172
103642.8077
103642.8008
103642.7974
103642.7924
103641.9092
103635.5395
103636.9251
103636.9254
103636.9139
103636.8938
103636.8662
103636.8315
103636.7904
103636.7435
103636.6914
103636.6347
103636.5741
103636.5104
103636.4443
103636.3763
103636.3074
103636.2381
103636.1691
103636.101
103636.0345
103635.97
103635.9081
103635.8491
103635.7935
103635.7416
103635.6935
103635.6495
103635.6096
103635.5739
103635.5423
103635.5148
103635.4913
103635.4715
103635.4554
103635.4426
103635.4333
103635.4267
103635.4236
103635.4171
103634.4122
103627.5607
103629.6174
103629.6183
103629.6062
103629.5849
103629.5556
103629.5188
103629.4752
103629.4255
103629.3702
103629.3102
103629.2461
103629.1787
103629.1088
103629.0372
103628.9645
103628.8915
103628.8189
103628.7474
103628.6775
103628.61
103628.5452
103628.4836
103628.4257
103628.3718
103628.322
103628.2765
103628.2355
103628.1989
103628.1667
103628.1387
103628.1149
103628.0951
103628.0791
103628.0665
103628.0575
103628.0512
103628.0485
103628.0402
103626.9062
103619.5704
103622.3132
103622.3146
103622.3018
103622.2793
103622.2481
103622.209
103622.1627
103622.1098
103622.0512
103621.9875
103621.9196
103621.8482
103621.7743
103621.6985
103621.6218
103621.5448
103621.4683
103621.3931
103621.3197
103621.2488
103621.181
103621.1167
103621.0563
103621.0002
103620.9486
103620.9017
103620.8594
103620.8219
103620.7891
103620.7608
103620.7368
103620.717
103620.7011
103620.6888
103620.6801
103620.6742
103620.6719
103620.6615
103619.3912
103611.5692
103615.0125
103615.0145
103615.0011
103614.9771
103614.9439
103614.9023
103614.8529
103614.7967
103614.7343
103614.6666
103614.5945
103614.5189
103614.4405
103614.3604
103614.2792
103614.198
103614.1173
103614.038
103613.9609
103613.8864
103613.8153
103613.7481
103613.6851
103613.6267
103613.5732
103613.5247
103613.4813
103613.4429
103613.4094
103613.3808
103613.3567
103613.337
103613.3213
103613.3094
103613.301
103613.2956
103613.2939
103613.2814
103611.8671
103603.5574
103607.7154
103607.7181
103607.704
103607.6785
103607.643
103607.5986
103607.5459
103607.4859
103607.4195
103607.3475
103607.2708
103607.1905
103607.1074
103607.0225
103606.9366
103606.8507
103606.7655
103606.682
103606.6007
103606.5225
103606.4479
103606.3775
103606.3117
103606.251
103606.1955
103606.1454
103606.1007
103606.0615
103606.0275
103605.9986
103605.9746
103605.955
103605.9396
103605.9281
103605.9202
103605.9153
103605.914
103605.8989
103604.3348
103595.536
103600.422
103600.4255
103600.4106
103600.3834
103600.3455
103600.2979
103600.2417
103600.1776
103600.1067
103600.0299
103599.9484
103599.863
103599.7748
103599.6847
103599.5937
103599.5028
103599.4128
103599.3246
103599.239
103599.1567
103599.0784
103599.0047
103598.936
103598.8727
103598.8152
103598.7635
103598.7176
103598.6776
103598.6432
103598.6141
103598.5901
103598.5709
103598.556
103598.545
103598.5377
103598.5334
103598.5325
103598.514
103596.7943
103587.5055
103593.1324
103593.1368
103593.121
103593.0919
103593.0513
103593.0004
103592.9401
103592.8716
103592.7958
103592.714
103592.627
103592.5362
103592.4424
103592.3468
103592.2504
103592.1541
103592.0589
103591.9658
103591.8755
103591.7888
103591.7066
103591.6293
103591.5575
103591.4917
103591.432
103591.3787
103591.3317
103591.2909
103591.2561
103591.227
103591.2033
103591.1845
103591.1702
103591.1599
103591.1533
103591.1497
103591.1494
103591.1275
103589.2447
103579.4658
103585.8467
103585.852
103585.8353
103585.8041
103585.7605
103585.7059
103585.6413
103585.5678
103585.4868
103585.3993
103585.3066
103585.2098
103585.1101
103585.0085
103584.9062
103584.8042
103584.7035
103584.605
103584.5097
103584.4184
103584.332
103584.251
103584.176
103584.1074
103584.0456
103583.9906
103583.9425
103583.901
103583.866
103583.8371
103583.8138
103583.7956
103583.7821
103583.7726
103583.7669
103583.7643
103583.7649
103583.7389
103581.6864
103571.4169
103578.5648
103578.5713
103578.5535
103578.52
103578.4731
103578.4144
103578.345
103578.2662
103578.1794
103578.0859
103577.9869
103577.8837
103577.7775
103577.6696
103577.5609
103577.4528
103577.3461
103577.242
103577.1414
103577.0452
103576.9542
103576.8693
103576.7909
103576.7195
103576.6555
103576.5989
103576.5497
103576.5077
103576.4726
103576.444
103576.4214
103576.4041
103576.3915
103576.3831
103576.3786
103576.3771
103576.3787
103576.3483
103574.1193
103563.359
103571.2868
103571.2948
103571.2758
103571.2396
103571.1891
103571.1258
103571.0511
103570.9665
103570.8735
103570.7734
103570.6676
103570.5575
103570.4444
103570.3296
103570.2142
103570.0994
103569.9864
103569.8762
103569.7699
103569.6685
103569.5728
103569.4837
103569.4018
103569.3275
103569.2613
103569.2031
103569.153
103569.1106
103569.0757
103569.0476
103569.0259
103569.0097
103568.9983
103568.9913
103568.9881
103568.988
103568.9909
103568.9562
103566.5431
103555.2924
103564.0128
103564.0223
103564.0019
103563.9629
103563.9083
103563.84
103563.7596
103563.6686
103563.5687
103563.4614
103563.3483
103563.2308
103563.1103
103562.9881
103562.8655
103562.7437
103562.6239
103562.5073
103562.395
103562.2879
103562.1872
103562.0937
103562.0081
103561.9309
103561.8624
103561.8027
103561.7517
103561.7092
103561.6747
103561.6475
103561.6269
103561.6121
103561.6023
103561.597
103561.5953
103561.5967
103561.6008
103561.561
103558.9599
103547.218
103556.7427
103556.754
103556.7321
103556.6897
103556.6307
103556.5568
103556.47
103556.372
103556.2647
103556.1497
103556.0287
103555.9032
103555.7747
103555.6447
103555.5144
103555.3851
103555.2581
103555.1346
103555.0158
103554.9028
103554.7968
103554.6987
103554.6092
103554.5289
103554.4582
103554.3971
103554.3455
103554.3031
103554.2692
103554.2432
103554.2242
103554.2111
103554.2033
103554.2
103554.2003
103554.2034
103554.2086
103554.1626
103551.37
103539.1367
103549.4764
103549.4898
103549.4661
103549.42
103549.3559
103549.2759
103549.1821
103549.0765
103548.9611
103548.8377
103548.7081
103548.5741
103548.4371
103548.2987
103548.1601
103548.0229
103547.8882
103547.7574
103547.6317
103547.5125
103547.4009
103547.2979
103547.2044
103547.121
103547.0481
103546.9857
103546.9337
103546.8916
103546.8588
103546.8344
103546.8174
103546.8064
103546.801
103546.8002
103546.8028
103546.808
103546.815
103546.7624
103543.7712
103531.0479
103542.214
103542.2297
103542.2037
103542.1535
103542.0838
103541.997
103541.8955
103541.7815
103541.6572
103541.5248
103541.3861
103541.2429
103541.0968
103540.9494
103540.8022
103540.6564
103540.5135
103540.375
103540.242
103540.1161
103539.9985
103539.8904
103539.7927
103539.7062
103539.6312
103539.5677
103539.5156
103539.4742
103539.4428
103539.4205
103539.4058
103539.3977
103539.3952
103539.3974
103539.4029
103539.4107
103539.4196
103539.3601
103536.1642
103522.9516
103534.9553
103534.9735
103534.9449
103534.8898
103534.8138
103534.7196
103534.6096
103534.4865
103534.3526
103534.2104
103534.0618
103533.9088
103533.7531
103533.5962
103533.4396
103533.2848
103533.1333
103532.9864
103532.8457
103532.7127
103532.5888
103532.4753
103532.3734
103532.2837
103532.2067
103532.1423
103532.0903
103532.0501
103532.0207
103532.0011
103531.9892
103531.9845
103531.9857
103531.9914
103532.0003
103532.0112
103532.0226
103531.9558
103528.549
103514.8479
103527.7
103527.721
103527.6891
103527.6285
103527.5455
103527.443
103527.3237
103527.1905
103527.0463
103526.8935
103526.7344
103526.571
103526.4049
103526.238
103526.0716
103525.9072
103525.7465
103525.5908
103525.4418
103525.3012
103525.1706
103525.0515
103524.9451
103524.8523
103524.7734
103524.7085
103524.6571
103524.6185
103524.5917
103524.5752
103524.5671
103524.5665
103524.5721
103524.5821
103524.595
103524.6095
103524.6239
103524.55
103520.9257
103506.7367
103520.4478
103520.4718
103520.4358
103520.369
103520.2782
103520.1665
103520.0369
103519.8928
103519.7373
103519.5732
103519.4028
103519.2283
103519.0513
103518.8737
103518.6969
103518.5225
103518.3519
103518.1868
103518.029
103517.8804
103517.7427
103517.6177
103517.5068
103517.4109
103517.3304
103517.2652
103517.2148
103517.1785
103517.155
103517.1423
103517.1387
103517.1433
103517.1541
103517.1692
103517.1869
103517.2057
103517.2239
103517.1434
103513.2942
103498.6184
103513.1982
103513.2252
103513.1842
103513.1102
103513.0107
103512.8888
103512.748
103512.592
103512.4244
103512.2481
103512.0658
103511.8794
103511.691
103511.5022
103511.3144
103511.1292
103510.9483
103510.7732
103510.606
103510.4487
103510.3036
103510.1724
103510.0569
103509.958
103509.8761
103509.8111
103509.7624
103509.729
103509.7096
103509.7014
103509.7034
103509.7141
103509.7313
103509.7525
103509.7758
103509.7993
103509.8214
103509.7337
103505.658
103490.4943
103505.9496
103505.9799
103505.9328
103505.8508
103505.7417
103505.6087
103505.4556
103505.2867
103505.1061
103504.917
103504.7219
103504.5232
103504.3227
103504.1221
103503.9228
103503.7263
103503.5342
103503.3484
103503.171
103503.0045
103502.8514
103502.7138
103502.5937
103502.492
103502.4092
103502.3449
103502.2984
103502.2688
103502.2542
103502.2517
103502.2605
103502.2786
103502.3032
103502.3318
103502.3617
103502.3908
103502.4167
103502.3205
103498.0191
103482.3656
103498.7005
103498.7342
103498.6803
103498.5896
103498.47
103498.3248
103498.1584
103497.9759
103497.7816
103497.579
103497.3706
103497.1589
103496.9457
103496.7328
103496.5214
103496.3129
103496.1088
103495.9112
103495.7227
103495.546
103495.3843
103495.2401
103495.1154
103495.0112
103494.9279
103494.8649
103494.8214
103494.7965
103494.7876
103494.792
103494.809
103494.8359
103494.8696
103494.9069
103494.9446
103494.9804
103495.0113
103494.907
103490.3738
103474.2317
103491.4495
103491.4871
103491.4257
103491.3258
103491.1949
103491.0363
103490.8552
103490.6575
103490.4483
103490.231
103490.0084
103489.7828
103489.5562
103489.3302
103489.1061
103488.885
103488.6684
103488.4586
103488.2583
103488.071
103487.9002
103487.7491
103487.6199
103487.5136
103487.4304
103487.3694
103487.3297
103487.3104
103487.3081
103487.321
103487.3478
103487.3853
103487.4298
103487.4774
103487.5245
103487.5682
103487.6051
103487.4927
103482.7227
103466.093
103484.199
103484.2387
103484.1694
103484.0591
103483.9151
103483.7415
103483.5443
103483.3305
103483.1049
103482.8715
103482.6331
103482.3924
103482.1513
103481.9113
103481.6735
103481.4387
103481.2085
103480.9849
103480.7717
103480.5732
103480.3936
103480.2367
103480.1043
103479.997
103479.9146
103479.8564
103479.8214
103479.8087
103479.8141
103479.8371
103479.8756
103479.9258
103479.9832
103480.0433
103480.1015
103480.1545
103480.1984
103480.0784
103475.0667
103457.9503
103476.9513
103476.9886
103476.9117
103476.7905
103476.6314
103476.4399
103476.2244
103475.9925
103475.7494
103475.4989
103475.2441
103474.9876
103474.7313
103474.4762
103474.2229
103473.972
103473.7251
103473.4852
103473.2573
103473.0469
103472.8592
103472.697
103472.5629
103472.4566
103472.3773
103472.3234
103472.2942
103472.2889
103472.3035
103472.3385
103472.3909
103472.4563
103472.5293
103472.6043
103472.6757
103472.7395
103472.7913
103472.6635
103467.4056
103449.804
103469.7154
103469.7428
103469.659
103469.5254
103469.3488
103469.1374
103468.9023
103468.6518
103468.3914
103468.1244
103467.8537
103467.5818
103467.3103
103467.0393
103466.7686
103466.4984
103466.2306
103465.9697
103465.7218
103465.4944
103465.2946
103465.1262
103464.9913
103464.8888
103464.8145
103464.7666
103464.7447
103464.7482
103464.7738
103464.8229
103464.8919
103464.9755
103465.0672
103465.1601
103465.2473
103465.324
103465.3852
103465.251
103459.7396
103441.6548
103462.5137
103462.519
103462.4257
103462.2767
103462.0812
103461.8508
103461.5979
103461.3309
103461.0545
103460.7716
103460.4853
103460.1981
103459.911
103459.6229
103459.3323
103459.0386
103458.7444
103458.4552
103458.1799
103457.9291
103457.7124
103457.5358
103457.3986
103457.2972
103457.2261
103457.1836
103457.1694
103457.1826
103457.2214
103457.2872
103457.3759
103457.4816
103457.5961
103457.7108
103457.8169
103457.9086
103457.9803
103457.841
103452.0699
103433.5031
103455.3688
103455.3381
103455.2294
103455.0631
103454.8501
103454.6027
103454.3337
103454.0509
103453.7584
103453.4595
103453.1577
103452.8554
103452.5526
103452.2463
103451.9329
103451.6114
103451.2842
103450.959
103450.6482
103450.3666
103450.1276
103449.9378
103449.7948
103449.6914
103449.6212
103449.5803
103449.5692
103449.5897
103449.6421
103449.7271
103449.8396
103449.9724
103450.1149
103450.2562
103450.3852
103450.4944
103450.5782
103450.4344
103444.3994
103425.3502
103448.2697
103448.2069
103448.0752
103447.8884
103447.661
103447.4022
103447.1207
103446.8235
103446.5158
103446.202
103445.8866
103445.5716
103445.2554
103444.932
103444.5954
103444.2435
103443.8782
103443.5091
103443.1532
103442.831
103442.5607
103442.3504
103442.1949
103442.0842
103442.0084
103441.9623
103441.9481
103441.9709
103442.0343
103442.1388
103442.2788
103442.4447
103442.6222
103442.7965
103442.9532
103443.0829
103443.1803
103443.0307
103436.7285
103417.1976
103441.0927
103441.067
103440.9071
103440.6979
103440.4709
103440.2172
103439.9341
103439.6298
103439.3144
103438.9944
103438.6732
103438.351
103438.0238
103437.6853
103437.3282
103436.947
103436.544
103436.1317
103435.7295
103435.3624
103435.0535
103434.8119
103434.6316
103434.5004
103434.4062
103434.3421
103434.3129
103434.3289
103434.3976
103434.5196
103434.6899
103434.8951
103435.1163
103435.332
103435.5224
103435.6761
103435.7884
103435.6325
103429.0603
103409.047
103433.7033
103433.7437
103433.5758
103433.38
103433.1962
103432.9734
103432.7076
103432.4175
103432.1173
103431.8115
103431.4985
103431.1752
103430.8379
103430.4815
103430.0979
103429.6893
103429.2621
103428.8279
103428.4016
103428.0042
103427.6556
103427.3706
103427.1493
103426.9787
103426.8459
103426.7443
103426.6817
103426.6737
103426.7347
103426.8694
103427.0704
103427.321
103427.5962
103427.8636
103428.0952
103428.2765
103428.4049
103428.245
103421.3913
103400.8996
103425.9965
103426.0958
103425.9703
103425.8648
103425.774
103425.6128
103425.3947
103425.1502
103424.8937
103424.6213
103424.3247
103423.9999
103423.6471
103423.2677
103422.8612
103422.4444
103422.0218
103421.5891
103421.153
103420.7351
103420.3588
103420.0396
103419.7754
103419.5514
103419.359
103419.1982
103419.0818
103419.0302
103419.0644
103419.197
103419.4222
103419.7232
103420.064
103420.3954
103420.6761
103420.8878
103421.0318
103420.8641
103413.7259
103392.7581
103417.9399
103418.1016
103418.0984
103418.1643
103418.1985
103418.1189
103417.9727
103417.7979
103417.6009
103417.3659
103417.0803
103416.7463
103416.3762
103415.9809
103415.585
103415.2063
103414.8189
103414.4036
103413.9688
103413.5407
103413.1427
103412.7862
103412.4698
103412.1871
103411.9336
103411.7077
103411.5292
103411.425
103411.4167
103411.528
103411.7651
103412.1134
103412.5277
103412.935
103413.2723
103413.5159
103413.6745
103413.4974
103406.0606
103384.6255
103409.5518
103409.8057
103410.0086
103410.2952
103410.4687
103410.4852
103410.4246
103410.3261
103410.1848
103409.9766
103409.6931
103409.3508
103408.9773
103408.6028
103408.2788
103407.9741
103407.6308
103407.2322
103406.7962
103406.3548
103405.9313
103405.5318
103405.1572
103404.8074
103404.4809
103404.1853
103403.9515
103403.8099
103403.7786
103403.8767
103404.1227
103404.5184
103405.012
103405.5007
103405.8954
103406.1673
103406.3359
103406.1417
103398.3963
103376.5074
103400.8605
103401.2488
103401.7229
103402.2503
103402.5733
103402.698
103402.7245
103402.6912
103402.588
103402.3944
103402.1145
103401.7802
103401.4347
103401.1403
103400.926
103400.6997
103400.3913
103399.9967
103399.548
103399.0835
103398.6325
103398.1852
103397.7645
103397.3634
103396.9792
103396.6253
103396.3359
103396.1506
103396.0964
103396.1947
103396.4813
103396.9575
103397.5513
103398.1264
103398.5677
103398.8518
103399.0195
103398.7981
103390.7252
103368.419
103391.8756
103392.4389
103393.2218
103393.9973
103394.4824
103394.7253
103394.8335
103394.8477
103394.7672
103394.5865
103394.3239
103394.0225
103393.7466
103393.5682
103393.4553
103393.2831
103392.9924
103392.5974
103392.1441
103391.6746
103391.2161
103390.7795
103390.3799
103389.9871
103389.5923
103389.2114
103388.8801
103388.6421
103388.5323
103388.585
103388.8593
103389.4262
103390.1654
103390.8435
103391.3156
103391.5841
103391.7314
103391.4678
103383.0269
103360.392
103382.5881
103383.3502
103384.4482
103385.4725
103386.1364
103386.5085
103386.6973
103386.7533
103386.696
103386.5398
103386.3144
103386.0733
103385.8927
103385.8177
103385.7627
103385.6093
103385.3275
103384.9478
103384.5214
103384.096
103383.7072
103383.3803
103383.0823
103382.7633
103382.409
103382.0382
103381.6867
103381.4009
103381.2292
103381.2204
103381.4523
103382.0146
103382.8622
103383.6577
103384.1506
103384.3717
103384.4748
103384.1468
103375.2524
103352.478
103372.9714
103373.9278
103375.3086
103376.5681
103377.4258
103377.9455
103378.2318
103378.3504
103378.3417
103378.2355
103378.0715
103377.9093
103377.8183
103377.8013
103377.7536
103377.588
103377.3047
103376.9478
103376.5715
103376.2342
103376.0004
103375.8728
103375.7577
103375.5815
103375.3249
103375.0033
103374.6557
103374.3387
103374.1103
103374.0291
103374.2004
103374.728
103375.6214
103376.5325
103377.0687
103377.2109
103377.237
103376.8343
103367.1869
103344.8576
103362.9661
103364.082
103365.6586
103367.104
103368.1547
103368.8472
103369.2749
103369.5125
103369.6086
103369.5976
103369.5234
103369.4465
103369.418
103369.414
103369.3374
103369.1271
103368.7986
103368.4119
103368.0267
103367.7236
103367.6101
103367.6988
103367.8559
103367.9731
103367.9854
103367.8698
103367.6544
103367.3799
103367.0955
103366.8974
103366.9281
103367.3141
103368.1791
103369.2347
103369.9461
103370.0816
103370.0053
103369.4918
103358.6643
103337.7267
103352.4827
103353.6614
103355.2754
103356.7793
103357.9675
103358.8407
103359.4682
103359.9146
103360.2096
103360.3668
103360.4215
103360.4306
103360.4372
103360.4171
103360.2874
103359.9914
103359.5329
103358.9781
103358.3557
103357.8365
103357.584
103357.7006
103358.0629
103358.6541
103359.2254
103359.6392
103359.8453
103359.8223
103359.5702
103359.1869
103358.8831
103358.8921
103359.516
103360.8812
103362.1843
103362.7652
103362.7701
103361.8012
103349.6953
103331.2361
103341.4271
103342.4713
103343.8103
103345.075
103346.1974
103347.1557
103347.9827
103348.7109
103349.3159
103349.7432
103349.9832
103350.0826
103350.0974
103350.0294
103349.8072
103349.3822
103348.8106
103347.8652
103346.6357
103345.5477
103344.7153
103344.1719
103343.976
103344.6906
103345.7213
103346.8801
103347.8486
103348.3103
103348.0863
103347.193
103345.3991
103343.9952
103343.6692
103346.7693
103350.678
103353.55
103354.8176
103352.8231
103340.5283
103325.4675
103329.5001
103330.1334
103330.7368
103331.1124
103331.5914
103332.1994
103332.9049
103333.7073
103334.5455
103335.2407
103335.6602
103335.8029
103335.7358
103335.5117
103335.1409
103334.5971
103333.9103
103332.5403
103330.6456
103328.5764
103326.4121
103324.3125
103322.6185
103321.6346
103321.2582
103321.6032
103322.3243
103322.5265
103320.3864
103315.848
103309.0717
103302.3702
103298.8015
103308.967
103326.0887
103337.5507
103341.6452
103342.5383
103331.6231
103320.2385
103315.9962
103315.8136
103315.0636
103313.535
103311.9765
103310.8785
103310.0494
103309.4767
103309.2913
103309.254
103309.0517
103308.6013
103307.9039
103306.8724
103305.8298
103304.7344
103303.5031
103301.9814
103300.0336
103297.553
103294.569
103291.1586
103287.3158
103283.2454
103279.3088
103275.6283
103271.7163
103266.2276
103256.8311
103241.4043
103220.48
103200.0345
103188.7352
103203.8475
103260.0299
103305.9003
103326.503
103331.3842
103323.6096
103314.7453
103299.7223
103297.7187
103294.2479
103289.3076
103283.4093
103277.0218
103270.5205
103264.2135
103258.3605
103252.9947
103247.9754
103243.1654
103238.4203
103233.6725
103228.9423
103224.3647
103220.2539
103217.0445
103214.9067
103213.5632
103212.6854
103212.246
103211.8109
103210.2757
103207.7411
103204.7472
103199.9697
103191.0933
103174.9712
103148.3373
103112.9624
103077.4525
103053.7486
103049.3046
103117.3432
103217.9448
103294.5774
103318.7914
103315.7035
103306.8334
103254.2987
103244.6283
103230.9376
103218.5057
103207.7151
103197.0534
103185.8492
103173.6959
103160.6612
103146.8798
103133.0751
103120.0353
103108.3387
103097.9868
103087.9078
103077.4744
103067.0217
103057.68
103050.8064
103047.4671
103047.1016
103050.4056
103055.5157
103061.7753
103068.9928
103077.4205
103086.6286
103093.5803
103095.8478
103080.4142
103055.796
103022.2098
102986.9775
102970.1537
102976.3665
103056.4751
103192.9342
103288.1043
103305.5485
103291.2978
102984.9926
102986.5656
102988.6529
102992.4648
102998.7297
103006.5875
103013.2639
103017.6056
103019.1702
103017.7979
103013.8153
103008.2541
103001.8569
102994.5707
102986.3632
102977.782
102969.0659
102960.5627
102952.7199
102945.9105
102940.4386
102936.8709
102935.349
102935.5438
102938.3698
102943.8347
102953.2521
102966.6495
102981.9665
102992.6739
102994.8581
102984.4494
102968.2928
102953.3197
102931.9659
102934.5362
103014.014
103169.3862
103265.9611
103255.7135
102898.2238
102899.1768
102900.4939
102901.6958
102903.4405
102906.0756
102910.0249
102914.7752
102919.8798
102924.757
102928.7509
102931.6583
102933.6303
102933.9493
102932.9846
102930.8395
102928.0267
102924.9212
102921.7983
102918.7969
102915.9374
102913.4269
102911.4668
102909.7588
102906.9847
102903.8698
102903.5267
102904.9721
102907.6151
102912.8291
102919.8474
102926.0672
102928.4041
102924.6353
102918.9863
102908.6468
102909.4407
102955.3306
103048.0388
103105.6258
102898.1308
102898.0933
102898.0705
102898.047
102898.0367
102898.0487
102898.1278
102898.4348
102899.0945
102899.9929
102901.0771
102902.3208
102903.6929
102905.026
102906.0631
102906.7283
102907.0785
102907.0669
102906.8523
102906.3835
102905.669
102904.8204
102904.11
102903.9515
102904.0917
102904.0038
102903.3458
102901.6248
102899.1683
102898.1063
102898.0624
102898.227
102898.642
102899.5132
102901.0098
102900.5904
102899.0403
102898.0788
102897.9525
102897.959
102898.0748
102898.0154
102897.9888
102897.9734
102897.9641
102897.9638
102897.9653
102897.9699
102897.9802
102897.9986
102898.0312
102898.0983
102898.2394
102898.477
102898.7635
102899.0582
102899.3642
102899.6489
102899.8736
102900.0167
102900.0524
102900.0349
102900.0499
102900.2182
102900.7866
102901.7878
102901.8593
102900.9958
102899.1077
102898.0693
102897.955
102897.9435
102897.9381
102897.9324
102897.9258
102897.9307
102897.9255
102897.9235
102897.9315
102897.929
102898.031
102897.9667
102897.9389
102897.9235
102897.9163
102897.9149
102897.9149
102897.9166
102897.9206
102897.928
102897.9381
102897.9521
102897.9732
102898.0035
102898.0424
102898.0897
102898.1468
102898.2148
102898.2908
102898.3719
102898.4577
102898.5568
102898.6927
102898.9117
102899.2995
102899.9106
102900.1829
102899.7925
102898.6375
102897.9698
102897.9129
102897.9087
102897.9052
102897.9028
102897.9032
102897.9001
102897.8991
102897.9
102897.8954
102897.8969
102897.992
102897.9262
102897.8967
102897.8845
102897.881
102897.8799
102897.879
102897.8781
102897.8781
102897.8809
102897.8885
102897.9003
102897.9132
102897.9269
102897.9423
102897.9594
102897.9774
102897.9973
102898.0204
102898.0493
102898.0889
102898.1486
102898.2443
102898.3955
102898.6217
102898.8765
102898.9063
102898.5674
102898.0381
102897.8732
102897.8734
102897.8732
102897.8714
102897.8697
102897.8676
102897.8671
102897.8664
102897.8647
102897.866
102897.8656
102897.9563
102897.8888
102897.8596
102897.8505
102897.8483
102897.8472
102897.8462
102897.845
102897.8437
102897.8429
102897.844
102897.848
102897.8539
102897.8596
102897.864
102897.8673
102897.87
102897.8732
102897.8778
102897.8857
102897.9001
102897.9269
102897.9726
102898.0311
102898.0776
102898.0796
102898.0154
102897.894
102897.8234
102897.8286
102897.8366
102897.8385
102897.8383
102897.8374
102897.8363
102897.8353
102897.8346
102897.8344
102897.8337
102897.8339
102897.9224
102897.8537
102897.8254
102897.8179
102897.816
102897.8148
102897.8136
102897.8123
102897.8111
102897.8099
102897.809
102897.8086
102897.8088
102897.8092
102897.8094
102897.8093
102897.8093
102897.8093
102897.8097
102897.8108
102897.813
102897.8168
102897.8204
102897.8182
102897.8089
102897.7904
102897.7768
102897.7727
102897.7825
102897.7947
102897.8014
102897.804
102897.8045
102897.8044
102897.8039
102897.8034
102897.803
102897.8025
102897.8023
102897.802
102897.8892
102897.8202
102897.7924
102897.7857
102897.7838
102897.7826
102897.7812
102897.7798
102897.7784
102897.777
102897.7757
102897.7746
102897.7737
102897.7727
102897.7719
102897.771
102897.7703
102897.7698
102897.7694
102897.7688
102897.7679
102897.7658
102897.7617
102897.755
102897.7472
102897.7413
102897.7402
102897.7451
102897.754
102897.7622
102897.7676
102897.7703
102897.7714
102897.7716
102897.7714
102897.7711
102897.7708
102897.7706
102897.7705
102897.7705
102897.8564
102897.7874
102897.7599
102897.7536
102897.7518
102897.7504
102897.7489
102897.7473
102897.7456
102897.7439
102897.7423
102897.7408
102897.7393
102897.738
102897.7367
102897.7355
102897.7346
102897.7338
102897.7331
102897.7323
102897.7313
102897.7294
102897.7262
102897.7214
102897.7167
102897.7142
102897.7147
102897.7186
102897.7246
102897.7304
102897.7346
102897.7371
102897.7384
102897.7389
102897.739
102897.739
102897.7388
102897.7386
102897.7384
102897.7384
102897.8238
102897.755
102897.7277
102897.7216
102897.7196
102897.7182
102897.7165
102897.7147
102897.7128
102897.711
102897.7091
102897.7074
102897.7057
102897.7042
102897.7028
102897.7015
102897.7005
102897.6996
102897.6988
102897.698
102897.6969
102897.6954
102897.6931
102897.6902
102897.6876
102897.6865
102897.6874
102897.6903
102897.6945
102897.6987
102897.7021
102897.7043
102897.7057
102897.7064
102897.7067
102897.7068
102897.7067
102897.7067
102897.7067
102897.7067
102897.7914
102897.723
102897.6957
102897.6894
102897.6873
102897.6858
102897.684
102897.6821
102897.6801
102897.6781
102897.6762
102897.6744
102897.6728
102897.6713
102897.6699
102897.6687
102897.6677
102897.6669
102897.6662
102897.6654
102897.6644
102897.6631
102897.6614
102897.6596
102897.6582
102897.6578
102897.6587
102897.661
102897.6641
102897.6673
102897.6699
102897.6719
102897.6732
102897.674
102897.6744
102897.6746
102897.6747
102897.6747
102897.6747
102897.6747
102897.7593
102897.6915
102897.6636
102897.6571
102897.6548
102897.6532
102897.6513
102897.6493
102897.6473
102897.6453
102897.6435
102897.6417
102897.6401
102897.6386
102897.6373
102897.6362
102897.6353
102897.6346
102897.6341
102897.6335
102897.6327
102897.6317
102897.6305
102897.6293
102897.6285
102897.6284
102897.6292
102897.631
102897.6334
102897.6358
102897.638
102897.6397
102897.6409
102897.6417
102897.6422
102897.6425
102897.6427
102897.6427
102897.6428
102897.6428
102897.7273
102897.6609
102897.6315
102897.6247
102897.6222
102897.6205
102897.6186
102897.6165
102897.6145
102897.6125
102897.6106
102897.6089
102897.6073
102897.6058
102897.6046
102897.6036
102897.603
102897.6025
102897.6022
102897.6018
102897.6012
102897.6005
102897.5996
102897.5988
102897.5983
102897.5984
102897.5992
102897.6007
102897.6025
102897.6045
102897.6062
102897.6077
102897.6088
102897.6096
102897.6101
102897.6105
102897.6107
102897.6108
102897.6108
102897.6109
102897.6948
102897.6317
102897.5996
102897.5922
102897.5895
102897.5877
102897.5857
102897.5836
102897.5815
102897.5795
102897.5775
102897.5757
102897.5742
102897.5728
102897.5719
102897.5712
102897.5709
102897.5707
102897.5706
102897.5703
102897.5699
102897.5693
102897.5687
102897.5682
102897.568
102897.5682
102897.5689
102897.57
102897.5715
102897.5731
102897.5746
102897.5758
102897.5768
102897.5776
102897.5781
102897.5785
102897.5787
102897.5788
102897.5789
102897.5789
102897.6607
102897.6045
102897.568
102897.5599
102897.5568
102897.555
102897.5529
102897.5508
102897.5486
102897.5465
102897.5444
102897.5426
102897.5412
102897.5401
102897.5395
102897.5392
102897.5392
102897.5392
102897.5391
102897.5389
102897.5386
102897.5382
102897.5378
102897.5374
102897.5374
102897.5376
102897.5382
102897.5392
102897.5404
102897.5417
102897.5429
102897.544
102897.5449
102897.5456
102897.5461
102897.5465
102897.5467
102897.5469
102897.547
102897.547
102897.624
102897.581
102897.5368
102897.5277
102897.5242
102897.5223
102897.5203
102897.5181
102897.5159
102897.5136
102897.5115
102897.5098
102897.5086
102897.5079
102897.5076
102897.5076
102897.5077
102897.5077
102897.5077
102897.5075
102897.5073
102897.507
102897.5067
102897.5066
102897.5066
102897.5069
102897.5074
102897.5083
102897.5093
102897.5103
102897.5114
102897.5123
102897.5131
102897.5137
102897.5142
102897.5146
102897.5148
102897.515
102897.5151
102897.5152
102897.5845
102897.562
102897.5061
102897.4958
102897.4918
102897.4899
102897.4878
102897.4856
102897.4833
102897.4809
102897.4788
102897.4773
102897.4764
102897.4761
102897.4761
102897.4762
102897.4763
102897.4764
102897.4763
102897.4762
102897.476
102897.4758
102897.4757
102897.4756
102897.4757
102897.476
102897.4765
102897.4772
102897.478
102897.4789
102897.4798
102897.4806
102897.4813
102897.4819
102897.4824
102897.4827
102897.483
102897.4831
102897.4833
102897.4833
102897.543
102897.5419
102897.4761
102897.4642
102897.4596
102897.4577
102897.4556
102897.4534
102897.4508
102897.4483
102897.4463
102897.4451
102897.4447
102897.4446
102897.4448
102897.4449
102897.445
102897.445
102897.445
102897.4449
102897.4448
102897.4447
102897.4446
102897.4446
102897.4447
102897.445
102897.4454
102897.446
102897.4468
102897.4475
102897.4483
102897.449
102897.4496
102897.4501
102897.4506
102897.4509
102897.4511
102897.4513
102897.4514
102897.4515
102897.5015
102897.5145
102897.4472
102897.4327
102897.4277
102897.4257
102897.4236
102897.4211
102897.4182
102897.4157
102897.414
102897.4133
102897.4132
102897.4133
102897.4135
102897.4136
102897.4136
102897.4137
102897.4136
102897.4136
102897.4135
102897.4134
102897.4134
102897.4135
102897.4136
102897.4139
102897.4143
102897.4148
102897.4154
102897.4161
102897.4168
102897.4174
102897.4179
102897.4184
102897.4188
102897.4191
102897.4193
102897.4195
102897.4196
102897.4197
102897.4573
102897.483
102897.42
102897.4012
102897.3959
102897.3939
102897.3916
102897.3886
102897.3855
102897.3832
102897.3822
102897.3819
102897.3819
102897.3821
102897.3822
102897.3822
102897.3823
102897.3823
102897.3823
102897.3823
102897.3822
102897.3822
102897.3822
102897.3823
102897.3825
102897.3827
102897.3831
102897.3836
102897.3841
102897.3847
102897.3852
102897.3858
102897.3863
102897.3867
102897.387
102897.3873
102897.3876
102897.3877
102897.3878
102897.3879
102897.4032
102897.4461
102897.3936
102897.3695
102897.3643
102897.3622
102897.3593
102897.3558
102897.3528
102897.3512
102897.3507
102897.3506
102897.3507
102897.3508
102897.3509
102897.3509
102897.351
102897.351
102897.351
102897.351
102897.3509
102897.351
102897.351
102897.3511
102897.3513
102897.3515
102897.3519
102897.3523
102897.3527
102897.3532
102897.3537
102897.3542
102897.3546
102897.355
102897.3553
102897.3556
102897.3558
102897.356
102897.3561
102897.3561
102897.3479
102897.3946
102897.365
102897.3378
102897.3332
102897.3305
102897.3266
102897.3228
102897.3205
102897.3196
102897.3194
102897.3194
102897.3195
102897.3195
102897.3196
102897.3196
102897.3196
102897.3196
102897.3196
102897.3196
102897.3196
102897.3197
102897.3197
102897.3199
102897.32
102897.3203
102897.3206
102897.3209
102897.3213
102897.3218
102897.3222
102897.3226
102897.323
102897.3234
102897.3236
102897.3239
102897.3241
102897.3242
102897.3243
102897.3244
102897.3053
102897.3313
102897.3324
102897.3062
102897.302
102897.298
102897.2934
102897.2901
102897.2887
102897.2883
102897.2882
102897.2882
102897.2882
102897.2883
102897.2883
102897.2883
102897.2883
102897.2883
102897.2883
102897.2883
102897.2883
102897.2884
102897.2885
102897.2886
102897.2887
102897.289
102897.2892
102897.2896
102897.2899
102897.2903
102897.2907
102897.2911
102897.2914
102897.2917
102897.292
102897.2922
102897.2924
102897.2925
102897.2926
102897.2926
102897.2694
102897.2774
102897.2927
102897.2741
102897.2696
102897.2644
102897.2602
102897.258
102897.2573
102897.2571
102897.257
102897.257
102897.257
102897.257
102897.2569
102897.2569
102897.2569
102897.2569
102897.257
102897.257
102897.257
102897.2571
102897.2571
102897.2573
102897.2574
102897.2576
102897.2579
102897.2582
102897.2585
102897.2588
102897.2592
102897.2595
102897.2598
102897.2601
102897.2603
102897.2605
102897.2607
102897.2608
102897.2609
102897.2609
102897.2338
102897.238
102897.2471
102897.2402
102897.2353
102897.2305
102897.2276
102897.2264
102897.2261
102897.2259
102897.2258
102897.2257
102897.2257
102897.2256
102897.2256
102897.2256
102897.2256
102897.2256
102897.2256
102897.2256
102897.2257
102897.2257
102897.2258
102897.2259
102897.2261
102897.2263
102897.2265
102897.2268
102897.2271
102897.2274
102897.2277
102897.228
102897.2282
102897.2285
102897.2287
102897.2289
102897.229
102897.2291
102897.2292
102897.2292
102897.199
102897.2018
102897.2067
102897.2042
102897.2003
102897.1972
102897.1957
102897.1951
102897.1948
102897.1947
102897.1945
102897.1944
102897.1944
102897.1943
102897.1943
102897.1942
102897.1942
102897.1942
102897.1942
102897.1943
102897.1943
102897.1944
102897.1945
102897.1946
102897.1947
102897.1949
102897.1951
102897.1954
102897.1956
102897.1959
102897.1961
102897.1964
102897.1967
102897.1969
102897.1971
102897.1972
102897.1974
102897.1975
102897.1975
102897.1976
102897.1655
102897.1669
102897.1698
102897.1685
102897.1663
102897.1649
102897.1642
102897.1638
102897.1636
102897.1634
102897.1632
102897.1631
102897.163
102897.163
102897.1629
102897.1629
102897.1629
102897.1629
102897.1629
102897.1629
102897.1629
102897.163
102897.1631
102897.1632
102897.1634
102897.1635
102897.1637
102897.1639
102897.1642
102897.1644
102897.1646
102897.1649
102897.1651
102897.1653
102897.1655
102897.1656
102897.1657
102897.1658
102897.1659
102897.1659
102897.1333
102897.1338
102897.135
102897.1346
102897.1338
102897.1332
102897.1328
102897.1325
102897.1322
102897.132
102897.1319
102897.1318
102897.1317
102897.1316
102897.1315
102897.1315
102897.1315
102897.1315
102897.1315
102897.1315
102897.1316
102897.1316
102897.1317
102897.1318
102897.132
102897.1321
102897.1323
102897.1325
102897.1327
102897.1329
102897.1331
102897.1333
102897.1335
102897.1337
102897.1339
102897.134
102897.1341
102897.1342
102897.1342
102897.1343
102897.1016
102897.1018
102897.1023
102897.1022
102897.102
102897.1017
102897.1014
102897.1011
102897.1009
102897.1007
102897.1005
102897.1004
102897.1003
102897.1002
102897.1002
102897.1001
102897.1001
102897.1001
102897.1001
102897.1001
102897.1002
102897.1002
102897.1003
102897.1004
102897.1006
102897.1007
102897.1009
102897.101
102897.1012
102897.1014
102897.1016
102897.1018
102897.102
102897.1021
102897.1023
102897.1024
102897.1025
102897.1026
102897.1026
102897.1026
102897.0701
102897.0702
102897.0705
102897.0705
102897.0705
102897.0702
102897.07
102897.0697
102897.0695
102897.0693
102897.0691
102897.069
102897.0689
102897.0688
102897.0688
102897.0687
102897.0687
102897.0687
102897.0687
102897.0687
102897.0688
102897.0688
102897.0689
102897.069
102897.0691
102897.0693
102897.0694
102897.0696
102897.0697
102897.0699
102897.0701
102897.0703
102897.0704
102897.0706
102897.0707
102897.0708
102897.0709
102897.071
102897.071
102897.071
102897.0387
102897.0388
102897.0389
102897.039
102897.0389
102897.0387
102897.0385
102897.0382
102897.038
102897.0378
102897.0377
102897.0376
102897.0375
102897.0374
102897.0373
102897.0373
102897.0373
102897.0373
102897.0373
102897.0373
102897.0374
102897.0374
102897.0375
102897.0376
102897.0377
102897.0378
102897.038
102897.0381
102897.0383
102897.0384
102897.0386
102897.0387
102897.0389
102897.039
102897.0391
102897.0392
102897.0393
102897.0393
102897.0394
102897.0394
102897.0072
102897.0073
102897.0074
102897.0074
102897.0073
102897.0072
102897.007
102897.0068
102897.0066
102897.0064
102897.0063
102897.0061
102897.006
102897.006
102897.0059
102897.0059
102897.0059
102897.0059
102897.0059
102897.0059
102897.006
102897.006
102897.0061
102897.0062
102897.0063
102897.0064
102897.0065
102897.0066
102897.0068
102897.0069
102897.0071
102897.0072
102897.0073
102897.0074
102897.0075
102897.0076
102897.0077
102897.0078
102897.0078
102897.0078
102896.9757
102896.9758
102896.9759
102896.9759
102896.9758
102896.9756
102896.9754
102896.9753
102896.9751
102896.9749
102896.9748
102896.9747
102896.9746
102896.9745
102896.9745
102896.9745
102896.9745
102896.9744
102896.9745
102896.9745
102896.9745
102896.9746
102896.9746
102896.9747
102896.9748
102896.9749
102896.975
102896.9752
102896.9753
102896.9754
102896.9755
102896.9757
102896.9758
102896.9759
102896.976
102896.9761
102896.9761
102896.9762
102896.9762
102896.9762
102896.9442
102896.9443
102896.9443
102896.9443
102896.9442
102896.9441
102896.9439
102896.9438
102896.9436
102896.9435
102896.9434
102896.9433
102896.9432
102896.9431
102896.9431
102896.943
102896.943
102896.943
102896.943
102896.9431
102896.9431
102896.9431
102896.9432
102896.9433
102896.9434
102896.9435
102896.9436
102896.9437
102896.9438
102896.9439
102896.944
102896.9441
102896.9442
102896.9443
102896.9444
102896.9445
102896.9445
102896.9446
102896.9446
102896.9446
102896.9127
102896.9127
102896.9127
102896.9127
102896.9126
102896.9125
102896.9124
102896.9122
102896.9121
102896.912
102896.9119
102896.9118
102896.9117
102896.9117
102896.9116
102896.9116
102896.9116
102896.9116
102896.9116
102896.9116
102896.9116
102896.9117
102896.9118
102896.9118
102896.9119
102896.912
102896.9121
102896.9122
102896.9123
102896.9124
102896.9125
102896.9126
102896.9127
102896.9128
102896.9129
102896.9129
102896.913
102896.913
102896.913
102896.9131
102896.8811
102896.8812
102896.8812
102896.8811
102896.8811
102896.881
102896.8808
102896.8807
102896.8806
102896.8805
102896.8804
102896.8803
102896.8803
102896.8802
102896.8802
102896.8801
102896.8801
102896.8801
102896.8801
102896.8802
102896.8802
102896.8802
102896.8803
102896.8804
102896.8804
102896.8805
102896.8806
102896.8807
102896.8808
102896.8809
102896.881
102896.8811
102896.8812
102896.8812
102896.8813
102896.8814
102896.8814
102896.8815
102896.8815
102896.8815
102896.8496
102896.8496
102896.8496
102896.8496
102896.8495
102896.8494
102896.8493
102896.8492
102896.8491
102896.849
102896.8489
102896.8489
102896.8488
102896.8488
102896.8487
102896.8487
102896.8487
102896.8487
102896.8487
102896.8487
102896.8487
102896.8488
102896.8488
102896.8489
102896.849
102896.849
102896.8491
102896.8492
102896.8493
102896.8494
102896.8495
102896.8495
102896.8496
102896.8497
102896.8498
102896.8498
102896.8499
102896.8499
102896.8499
102896.8499
102896.818
102896.818
102896.818
102896.818
102896.8179
102896.8179
102896.8178
102896.8177
102896.8176
102896.8175
102896.8174
102896.8174
102896.8173
102896.8173
102896.8173
102896.8172
102896.8172
102896.8172
102896.8172
102896.8173
102896.8173
102896.8173
102896.8174
102896.8174
102896.8175
102896.8176
102896.8176
102896.8177
102896.8178
102896.8179
102896.8179
102896.818
102896.8181
102896.8182
102896.8182
102896.8183
102896.8183
102896.8183
102896.8184
102896.8184
102896.7865
102896.7865
102896.7865
102896.7864
102896.7864
102896.7863
102896.7862
102896.7862
102896.7861
102896.786
102896.786
102896.7859
102896.7859
102896.7858
102896.7858
102896.7858
102896.7858
102896.7858
102896.7858
102896.7858
102896.7858
102896.7859
102896.7859
102896.786
102896.786
102896.7861
102896.7861
102896.7862
102896.7863
102896.7864
102896.7864
102896.7865
102896.7866
102896.7866
102896.7867
102896.7867
102896.7868
102896.7868
102896.7868
102896.7868
102896.7549
102896.7549
102896.7549
102896.7549
102896.7548
102896.7548
102896.7547
102896.7546
102896.7546
102896.7545
102896.7545
102896.7544
102896.7544
102896.7543
102896.7543
102896.7543
102896.7543
102896.7543
102896.7543
102896.7543
102896.7544
102896.7544
102896.7544
102896.7545
102896.7545
102896.7546
102896.7547
102896.7547
102896.7548
102896.7549
102896.7549
102896.755
102896.755
102896.7551
102896.7551
102896.7552
102896.7552
102896.7552
102896.7553
102896.7553
102896.7234
102896.7234
102896.7233
102896.7233
102896.7233
102896.7232
102896.7232
102896.7231
102896.7231
102896.723
102896.723
102896.7229
102896.7229
102896.7229
102896.7228
102896.7228
102896.7228
102896.7228
102896.7228
102896.7229
102896.7229
102896.7229
102896.723
102896.723
102896.7231
102896.7231
102896.7232
102896.7232
102896.7233
102896.7233
102896.7234
102896.7235
102896.7235
102896.7236
102896.7236
102896.7236
102896.7237
102896.7237
102896.7237
102896.7237
102896.6918
102896.6918
102896.6918
102896.6918
102896.6917
102896.6917
102896.6917
102896.6916
102896.6916
102896.6915
102896.6915
102896.6914
102896.6914
102896.6914
102896.6914
102896.6914
102896.6913
102896.6914
102896.6914
102896.6914
102896.6914
102896.6914
102896.6915
102896.6915
102896.6916
102896.6916
102896.6917
102896.6917
102896.6918
102896.6918
102896.6919
102896.6919
102896.692
102896.692
102896.6921
102896.6921
102896.6921
102896.6922
102896.6922
102896.6922
102896.6603
102896.6603
102896.6603
102896.6602
102896.6602
102896.6602
102896.6601
102896.6601
102896.6601
102896.66
102896.66
102896.6599
102896.6599
102896.6599
102896.6599
102896.6599
102896.6599
102896.6599
102896.6599
102896.6599
102896.6599
102896.66
102896.66
102896.66
102896.6601
102896.6601
102896.6602
102896.6602
102896.6603
102896.6603
102896.6604
102896.6604
102896.6605
102896.6605
102896.6605
102896.6606
102896.6606
102896.6606
102896.6606
102896.6606
102896.6287
102896.6287
102896.6287
102896.6287
102896.6287
102896.6286
102896.6286
102896.6286
102896.6285
102896.6285
102896.6285
102896.6284
102896.6284
102896.6284
102896.6284
102896.6284
102896.6284
102896.6284
102896.6284
102896.6284
102896.6284
102896.6285
102896.6285
102896.6285
102896.6286
102896.6286
102896.6287
102896.6287
102896.6288
102896.6288
102896.6289
102896.6289
102896.6289
102896.629
102896.629
102896.629
102896.6291
102896.6291
102896.6291
102896.6291
102896.5972
102896.5972
102896.5972
102896.5972
102896.5971
102896.5971
102896.5971
102896.5971
102896.597
102896.597
102896.597
102896.597
102896.5969
102896.5969
102896.5969
102896.5969
102896.5969
102896.5969
102896.5969
102896.5969
102896.597
102896.597
102896.597
102896.5971
102896.5971
102896.5971
102896.5972
102896.5972
102896.5973
102896.5973
102896.5973
102896.5974
102896.5974
102896.5975
102896.5975
102896.5975
102896.5975
102896.5975
102896.5976
102896.5976
102896.5657
102896.5657
102896.5657
102896.5656
102896.5656
102896.5656
102896.5656
102896.5655
102896.5655
102896.5655
102896.5655
102896.5655
102896.5654
102896.5654
102896.5654
102896.5654
102896.5654
102896.5654
102896.5654
102896.5655
102896.5655
102896.5655
102896.5655
102896.5656
102896.5656
102896.5656
102896.5657
102896.5657
102896.5658
102896.5658
102896.5658
102896.5659
102896.5659
102896.5659
102896.566
102896.566
102896.566
102896.566
102896.566
102896.566
102896.5341
102896.5341
102896.5341
102896.5341
102896.5341
102896.5341
102896.5341
102896.534
102896.534
102896.534
102896.534
102896.534
102896.5339
102896.5339
102896.5339
102896.5339
102896.5339
102896.5339
102896.5339
102896.534
102896.534
102896.534
102896.534
102896.5341
102896.5341
102896.5341
102896.5342
102896.5342
102896.5342
102896.5343
102896.5343
102896.5343
102896.5344
102896.5344
102896.5344
102896.5345
102896.5345
102896.5345
102896.5345
102896.5345
102896.5026
102896.5026
102896.5026
102896.5026
102896.5026
102896.5026
102896.5025
102896.5025
102896.5025
102896.5025
102896.5025
102896.5025
102896.5024
102896.5024
102896.5024
102896.5024
102896.5024
102896.5024
102896.5025
102896.5025
102896.5025
102896.5025
102896.5025
102896.5026
102896.5026
102896.5026
102896.5027
102896.5027
102896.5027
102896.5028
102896.5028
102896.5028
102896.5029
102896.5029
102896.5029
102896.5029
102896.5029
102896.503
102896.503
102896.503
102896.4711
102896.4711
102896.4711
102896.4711
102896.4711
102896.471
102896.471
102896.471
102896.471
102896.471
102896.471
102896.471
102896.4709
102896.4709
102896.4709
102896.4709
102896.4709
102896.471
102896.471
102896.471
102896.471
102896.471
102896.471
102896.4711
102896.4711
102896.4711
102896.4712
102896.4712
102896.4712
102896.4713
102896.4713
102896.4713
102896.4713
102896.4714
102896.4714
102896.4714
102896.4714
102896.4714
102896.4714
102896.4714
102896.4396
102896.4396
102896.4396
102896.4396
102896.4395
102896.4395
102896.4395
102896.4395
102896.4395
102896.4395
102896.4395
102896.4395
102896.4394
102896.4394
102896.4394
102896.4394
102896.4394
102896.4395
102896.4395
102896.4395
102896.4395
102896.4395
102896.4395
102896.4396
102896.4396
102896.4396
102896.4397
102896.4397
102896.4397
102896.4397
102896.4398
102896.4398
102896.4398
102896.4399
102896.4399
102896.4399
102896.4399
102896.4399
102896.4399
102896.4399
102896.408
102896.408
102896.408
102896.408
102896.408
102896.408
102896.408
102896.408
102896.408
102896.408
102896.408
102896.408
102896.4079
102896.4079
102896.4079
102896.4079
102896.408
102896.408
102896.408
102896.408
102896.408
102896.408
102896.408
102896.4081
102896.4081
102896.4081
102896.4082
102896.4082
102896.4082
102896.4082
102896.4083
102896.4083
102896.4083
102896.4083
102896.4084
102896.4084
102896.4084
102896.4084
102896.4084
102896.4084
102896.3765
102896.3765
102896.3765
102896.3765
102896.3765
102896.3765
102896.3765
102896.3765
102896.3765
102896.3765
102896.3765
102896.3764
102896.3764
102896.3764
102896.3764
102896.3764
102896.3765
102896.3765
102896.3765
102896.3765
102896.3765
102896.3765
102896.3765
102896.3766
102896.3766
102896.3766
102896.3766
102896.3767
102896.3767
102896.3767
102896.3768
102896.3768
102896.3768
102896.3768
102896.3768
102896.3769
102896.3769
102896.3769
102896.3769
102896.3769
102896.345
102896.345
102896.345
102896.345
102896.345
102896.345
102896.345
102896.345
102896.345
102896.345
102896.3449
102896.3449
102896.3449
102896.3449
102896.3449
102896.3449
102896.345
102896.345
102896.345
102896.345
102896.345
102896.345
102896.345
102896.3451
102896.3451
102896.3451
102896.3451
102896.3452
102896.3452
102896.3452
102896.3452
102896.3453
102896.3453
102896.3453
102896.3453
102896.3453
102896.3454
102896.3454
102896.3454
102896.3454
102896.3135
102896.3135
102896.3135
102896.3135
102896.3135
102896.3135
102896.3135
102896.3135
102896.3135
102896.3134
102896.3134
102896.3134
102896.3134
102896.3134
102896.3134
102896.3134
102896.3134
102896.3135
102896.3135
102896.3135
102896.3135
102896.3135
102896.3135
102896.3136
102896.3136
102896.3136
102896.3136
102896.3137
102896.3137
102896.3137
102896.3137
102896.3138
102896.3138
102896.3138
102896.3138
102896.3138
102896.3138
102896.3138
102896.3138
102896.3139
102896.282
102896.282
102896.282
102896.282
102896.282
102896.282
102896.282
102896.282
102896.2819
102896.2819
102896.2819
102896.2819
102896.2819
102896.2819
102896.2819
102896.2819
102896.2819
102896.282
102896.282
102896.282
102896.282
102896.282
102896.282
102896.2821
102896.2821
102896.2821
102896.2821
102896.2822
102896.2822
102896.2822
102896.2822
102896.2822
102896.2823
102896.2823
102896.2823
102896.2823
102896.2823
102896.2823
102896.2823
102896.2823
102896.2505
102896.2505
102896.2505
102896.2505
102896.2505
102896.2505
102896.2505
102896.2504
102896.2504
102896.2504
102896.2504
102896.2504
102896.2504
102896.2504
102896.2504
102896.2504
102896.2504
102896.2505
102896.2505
102896.2505
102896.2505
102896.2505
102896.2505
102896.2506
102896.2506
102896.2506
102896.2506
102896.2506
102896.2507
102896.2507
102896.2507
102896.2507
102896.2508
102896.2508
102896.2508
102896.2508
102896.2508
102896.2508
102896.2508
102896.2508
102896.219
102896.219
102896.219
102896.219
102896.219
102896.2189
102896.2189
102896.2189
102896.2189
102896.2189
102896.2189
102896.2189
102896.2189
102896.2189
102896.2189
102896.2189
102896.2189
102896.2189
102896.219
102896.219
102896.219
102896.219
102896.219
102896.219
102896.2191
102896.2191
102896.2191
102896.2191
102896.2192
102896.2192
102896.2192
102896.2192
102896.2192
102896.2193
102896.2193
102896.2193
102896.2193
102896.2193
102896.2193
102896.2193
102896.1875
102896.1875
102896.1875
102896.1874
102896.1874
102896.1874
102896.1874
102896.1874
102896.1874
102896.1874
102896.1874
102896.1874
102896.1874
102896.1874
102896.1874
102896.1874
102896.1874
102896.1874
102896.1875
102896.1875
102896.1875
102896.1875
102896.1875
102896.1875
102896.1876
102896.1876
102896.1876
102896.1876
102896.1876
102896.1877
102896.1877
102896.1877
102896.1877
102896.1877
102896.1878
102896.1878
102896.1878
102896.1878
102896.1878
102896.1878
102896.1559
102896.1559
102896.1559
102896.1559
102896.1559
102896.1559
102896.1559
102896.1559
102896.1559
102896.1559
102896.1559
102896.1559
102896.1559
102896.1559
102896.1559
102896.1559
102896.1559
102896.1559
102896.1559
102896.156
102896.156
102896.156
102896.156
102896.156
102896.1561
102896.1561
102896.1561
102896.1561
102896.1561
102896.1562
102896.1562
102896.1562
102896.1562
102896.1562
102896.1563
102896.1563
102896.1563
102896.1563
102896.1563
102896.1563
)
;

boundaryField
{
    front
    {
        type            wedge;
    }
    back
    {
        type            wedge;
    }
    tankWall
    {
        type            fixedFluxPressure;
        gradient        uniform 0;
        value           nonuniform List<scalar> 
120
(
103760.4901
103753.0315
103745.4302
103737.7686
103730.0564
103722.3041
103714.5202
103706.7081
103698.8712
103691.0132
103683.1357
103675.2405
103667.329
103659.4023
103651.461
103643.5064
103635.5395
103627.5607
103619.5704
103611.5692
103603.5574
103595.536
103587.5055
103579.4658
103571.4169
103563.359
103555.2924
103547.218
103539.1367
103531.0479
103522.9516
103514.8479
103506.7367
103498.6184
103490.4943
103482.3656
103474.2317
103466.093
103457.9503
103449.804
103441.6548
103433.5031
103425.3502
103417.1976
103409.047
103400.8996
103392.7581
103384.6255
103376.5074
103368.419
103360.392
103352.478
103344.8576
103337.7267
103331.2361
103325.4675
103320.2385
103314.7453
103306.8334
103291.2978
103255.7135
103105.6258
102897.959
102897.929
102897.8969
102897.8656
102897.8339
102897.802
102897.7705
102897.7384
102897.7067
102897.6747
102897.6428
102897.6109
102897.5789
102897.547
102897.5152
102897.4833
102897.4515
102897.4197
102897.3879
102897.3561
102897.3244
102897.2926
102897.2609
102897.2292
102897.1976
102897.1659
102897.1343
102897.1026
102897.071
102897.0394
102897.0078
102896.9762
102896.9446
102896.9131
102896.8815
102896.8499
102896.8184
102896.7868
102896.7553
102896.7237
102896.6922
102896.6606
102896.6291
102896.5976
102896.566
102896.5345
102896.503
102896.4714
102896.4399
102896.4084
102896.3769
102896.3454
102896.3139
102896.2823
102896.2508
102896.2193
102896.1878
102896.1563
)
;
    }
    bottom
    {
        type            fixedFluxPressure;
        gradient        uniform 0;
        value           nonuniform List<scalar> 
40
(
103761.5995
103761.5964
103761.5888
103761.577
103761.5612
103761.5416
103761.5184
103761.4918
103761.4622
103761.4299
103761.3951
103761.3583
103761.3197
103761.2798
103761.239
103761.1975
103761.1557
103761.1141
103761.0728
103761.0323
103760.9927
103760.9544
103760.9176
103760.8824
103760.849
103760.8177
103760.7884
103760.7613
103760.7365
103760.7139
103760.6935
103760.6754
103760.6595
103760.6456
103760.6337
103760.6232
103760.6152
103760.6036
103760.6114
103760.4901
)
;
    }
    top
    {
        type            fixedFluxPressure;
        gradient        uniform 0;
        value           nonuniform List<scalar> 
40
(
102896.1559
102896.1559
102896.1559
102896.1559
102896.1559
102896.1559
102896.1559
102896.1559
102896.1559
102896.1559
102896.1559
102896.1559
102896.1559
102896.1559
102896.1559
102896.1559
102896.1559
102896.1559
102896.1559
102896.156
102896.156
102896.156
102896.156
102896.156
102896.1561
102896.1561
102896.1561
102896.1561
102896.1561
102896.1562
102896.1562
102896.1562
102896.1562
102896.1562
102896.1563
102896.1563
102896.1563
102896.1563
102896.1563
102896.1563
)
;
    }
    axis
    {
        type            empty;
    }
}


// ************************************************************************* //
