/*--------------------------------*- C++ -*----------------------------------*\
| =========                 |                                                 |
| \\      /  F ield         | OpenFOAM: The Open Source CFD Toolbox           |
|  \\    /   O peration     | Version:  v1912                                 |
|   \\  /    A nd           | Website:  www.openfoam.com                      |
|    \\/     M anipulation  |                                                 |
\*---------------------------------------------------------------------------*/
FoamFile
{
    version     2.0;
    format      ascii;
    class       volScalarField;
    location    "0.4";
    object      p;
}
// * * * * * * * * * * * * * * * * * * * * * * * * * * * * * * * * * * * * * //

dimensions      [1 -1 -2 0 0 0 0];


internalField   nonuniform List<scalar> 
4800
(
102028.3789
102028.3791
102028.3794
102028.3799
102028.3805
102028.3813
102028.3823
102028.3835
102028.3848
102028.3863
102028.3881
102028.39
102028.3922
102028.3946
102028.3974
102028.4004
102028.4038
102028.4075
102028.4116
102028.4161
102028.4211
102028.4266
102028.4327
102028.4393
102028.4465
102028.4544
102028.4629
102028.4721
102028.4819
102028.4924
102028.5033
102028.5147
102028.5264
102028.538
102028.5494
102028.5599
102028.5696
102028.5734
102028.5973
102028.5183
102013.6648
102013.6649
102013.6653
102013.6657
102013.6664
102013.6672
102013.6681
102013.6693
102013.6706
102013.6721
102013.6738
102013.6758
102013.6779
102013.6804
102013.6831
102013.6861
102013.6894
102013.6931
102013.6972
102013.7017
102013.7067
102013.7122
102013.7182
102013.7248
102013.732
102013.7398
102013.7483
102013.7575
102013.7673
102013.7778
102013.7888
102013.8002
102013.812
102013.8238
102013.8353
102013.8461
102013.8558
102013.8614
102013.8783
102013.8286
101998.9504
101998.9505
101998.9509
101998.9513
101998.952
101998.9528
101998.9537
101998.9548
101998.9561
101998.9576
101998.9593
101998.9612
101998.9634
101998.9658
101998.9684
101998.9714
101998.9747
101998.9783
101998.9824
101998.9868
101998.9917
101998.9972
101999.0031
101999.0097
101999.0168
101999.0246
101999.0331
101999.0422
101999.0521
101999.0626
101999.0737
101999.0853
101999.0972
101999.1093
101999.1212
101999.1326
101999.1428
101999.1504
101999.1628
101999.0791
101984.2357
101984.2359
101984.2363
101984.2367
101984.2373
101984.2381
101984.2391
101984.2402
101984.2414
101984.2429
101984.2446
101984.2464
101984.2485
101984.2509
101984.2535
101984.2564
101984.2596
101984.2632
101984.2671
101984.2715
101984.2763
101984.2817
101984.2875
101984.294
101984.3011
101984.3088
101984.3172
101984.3263
101984.3362
101984.3467
101984.358
101984.3697
101984.382
101984.3945
101984.407
101984.4191
101984.4302
101984.4397
101984.4508
101984.346
101969.5209
101969.5211
101969.5214
101969.5219
101969.5225
101969.5232
101969.5241
101969.5252
101969.5265
101969.5279
101969.5295
101969.5313
101969.5334
101969.5356
101969.5382
101969.541
101969.5441
101969.5476
101969.5514
101969.5557
101969.5604
101969.5656
101969.5714
101969.5777
101969.5847
101969.5923
101969.6007
101969.6098
101969.6196
101969.6302
101969.6416
101969.6536
101969.6662
101969.6793
101969.6926
101969.7057
101969.718
101969.7292
101969.7402
101969.6225
101954.8058
101954.806
101954.8063
101954.8068
101954.8074
101954.8081
101954.809
101954.81
101954.8112
101954.8126
101954.8142
101954.8159
101954.8179
101954.8201
101954.8225
101954.8253
101954.8283
101954.8316
101954.8353
101954.8395
101954.844
101954.8491
101954.8547
101954.8609
101954.8677
101954.8752
101954.8835
101954.8925
101954.9024
101954.913
101954.9245
101954.9368
101954.9499
101954.9636
101954.9778
101954.9921
101955.0061
101955.0196
101955.0318
101954.9035
101940.0905
101940.0908
101940.0911
101940.0915
101940.0921
101940.0928
101940.0936
101940.0946
101940.0958
101940.0971
101940.0986
101940.1003
101940.1022
101940.1042
101940.1066
101940.1092
101940.1121
101940.1153
101940.1188
101940.1228
101940.1272
101940.132
101940.1375
101940.1435
101940.1501
101940.1575
101940.1656
101940.1746
101940.1844
101940.1951
101940.2067
101940.2193
101940.2329
101940.2473
101940.2625
101940.2783
101940.2942
101940.3107
101940.3255
101940.1879
101925.3751
101925.3753
101925.3756
101925.376
101925.3765
101925.3772
101925.378
101925.379
101925.3801
101925.3813
101925.3828
101925.3844
101925.3861
101925.3881
101925.3903
101925.3928
101925.3955
101925.3985
101925.4019
101925.4057
101925.4098
101925.4145
101925.4197
101925.4255
101925.4319
101925.4391
101925.447
101925.4559
101925.4656
101925.4763
101925.4881
101925.501
101925.515
101925.5302
101925.5465
101925.5639
101925.582
101925.6017
101925.6201
101925.4757
101910.6594
101910.6596
101910.6599
101910.6603
101910.6608
101910.6615
101910.6622
101910.6631
101910.6642
101910.6654
101910.6667
101910.6682
101910.6698
101910.6717
101910.6738
101910.676
101910.6786
101910.6814
101910.6846
101910.6881
101910.692
101910.6964
101910.7014
101910.7069
101910.7131
101910.72
101910.7277
101910.7364
101910.746
101910.7567
101910.7686
101910.7818
101910.7962
101910.8122
101910.8296
101910.8486
101910.869
101910.8919
101910.9143
101910.7652
101895.9435
101895.9437
101895.944
101895.9444
101895.9449
101895.9455
101895.9462
101895.9471
101895.948
101895.9491
101895.9504
101895.9518
101895.9533
101895.955
101895.9569
101895.959
101895.9614
101895.964
101895.9669
101895.9701
101895.9738
101895.9779
101895.9825
101895.9877
101895.9936
101896.0002
101896.0077
101896.0161
101896.0256
101896.0362
101896.0481
101896.0615
101896.0764
101896.093
101896.1116
101896.1322
101896.1548
101896.1811
101896.2074
101896.0534
101881.2275
101881.2277
101881.228
101881.2283
101881.2288
101881.2293
101881.23
101881.2308
101881.2317
101881.2327
101881.2339
101881.2351
101881.2365
101881.2381
101881.2398
101881.2417
101881.2438
101881.2462
101881.2488
101881.2518
101881.2551
101881.2589
101881.2632
101881.268
101881.2735
101881.2798
101881.2869
101881.2951
101881.3043
101881.3148
101881.3266
101881.3401
101881.3553
101881.3726
101881.3921
101881.4142
101881.4392
101881.4688
101881.4995
101881.3379
101866.5112
101866.5115
101866.5117
101866.5121
101866.5125
101866.513
101866.5136
101866.5144
101866.5152
101866.5161
101866.5171
101866.5183
101866.5195
101866.5209
101866.5224
101866.5241
101866.526
101866.5281
101866.5304
101866.533
101866.536
101866.5394
101866.5433
101866.5477
101866.5528
101866.5587
101866.5654
101866.5731
101866.582
101866.5923
101866.604
101866.6175
101866.6329
101866.6507
101866.671
101866.6945
101866.7214
101866.754
101866.789
101866.6184
101851.7949
101851.7951
101851.7953
101851.7956
101851.796
101851.7965
101851.7971
101851.7977
101851.7985
101851.7993
101851.8002
101851.8012
101851.8023
101851.8035
101851.8048
101851.8063
101851.8079
101851.8097
101851.8117
101851.8139
101851.8165
101851.8195
101851.8229
101851.8269
101851.8315
101851.8369
101851.8431
101851.8504
101851.8589
101851.8687
101851.8802
101851.8936
101851.9091
101851.9271
101851.948
101851.9725
101852.0011
101852.0362
101852.0748
101851.8937
101837.0783
101837.0785
101837.0788
101837.0791
101837.0794
101837.0799
101837.0804
101837.081
101837.0816
101837.0823
101837.0831
101837.084
101837.0849
101837.0859
101837.087
101837.0882
101837.0895
101837.091
101837.0926
101837.0945
101837.0967
101837.0992
101837.1021
101837.1055
101837.1096
101837.1143
101837.12
101837.1267
101837.1347
101837.1441
101837.1552
101837.1682
101837.1836
101837.2016
101837.2229
101837.248
101837.2777
101837.3147
101837.3559
101837.1625
101822.3616
101822.3618
101822.3621
101822.3623
101822.3627
101822.3631
101822.3635
101822.364
101822.3646
101822.3652
101822.3659
101822.3666
101822.3674
101822.3682
101822.369
101822.37
101822.371
101822.3721
101822.3733
101822.3748
101822.3764
101822.3784
101822.3808
101822.3836
101822.387
101822.3912
101822.3962
101822.4022
101822.4096
101822.4183
101822.4289
101822.4414
101822.4564
101822.4743
101822.4955
101822.5209
101822.5511
101822.589
101822.6317
101822.4244
101807.6448
101807.645
101807.6452
101807.6455
101807.6458
101807.6461
101807.6465
101807.647
101807.6475
101807.648
101807.6485
101807.6491
101807.6497
101807.6503
101807.6509
101807.6515
101807.6522
101807.6529
101807.6538
101807.6548
101807.6559
101807.6573
101807.6591
101807.6612
101807.6639
101807.6673
101807.6716
101807.6769
101807.6834
101807.6914
101807.7012
101807.7131
101807.7275
101807.7449
101807.7658
101807.7909
101807.821
101807.859
101807.9019
101807.6792
101792.9279
101792.9281
101792.9283
101792.9285
101792.9288
101792.9291
101792.9295
101792.9298
101792.9302
101792.9307
101792.9311
101792.9315
101792.9319
101792.9323
101792.9326
101792.933
101792.9333
101792.9336
101792.934
101792.9345
101792.9351
101792.9359
101792.9369
101792.9384
101792.9403
101792.9429
101792.9463
101792.9506
101792.9563
101792.9634
101792.9723
101792.9833
101792.9969
101793.0134
101793.0336
101793.0579
101793.0874
101793.1245
101793.1663
101792.9272
101778.2108
101778.211
101778.2112
101778.2114
101778.2117
101778.212
101778.2123
101778.2126
101778.2129
101778.2132
101778.2135
101778.2138
101778.214
101778.2141
101778.2142
101778.2143
101778.2143
101778.2142
101778.2141
101778.214
101778.214
101778.2142
101778.2145
101778.2151
101778.2162
101778.2178
101778.2202
101778.2236
101778.2281
101778.2341
101778.2419
101778.2519
101778.2644
101778.2799
101778.2989
101778.3221
101778.3502
101778.3857
101778.4252
101778.1692
101763.4937
101763.4939
101763.494
101763.4942
101763.4945
101763.4947
101763.495
101763.4952
101763.4955
101763.4957
101763.4959
101763.496
101763.496
101763.496
101763.4958
101763.4955
101763.4951
101763.4946
101763.4941
101763.4934
101763.4928
101763.4922
101763.4917
101763.4915
101763.4916
101763.4922
101763.4935
101763.4957
101763.499
101763.5038
101763.5103
101763.5189
101763.5301
101763.5442
101763.5618
101763.5834
101763.6098
101763.643
101763.6787
101763.406
101748.7764
101748.7766
101748.7768
101748.777
101748.7772
101748.7774
101748.7776
101748.7778
101748.778
101748.7782
101748.7782
101748.7782
101748.778
101748.7778
101748.7773
101748.7767
101748.776
101748.775
101748.774
101748.7727
101748.7714
101748.77
101748.7687
101748.7675
101748.7666
101748.766
101748.7661
101748.767
101748.769
101748.7723
101748.7774
101748.7845
101748.794
101748.8065
101748.8224
101748.8421
101748.8662
101748.8965
101748.9276
101748.6385
101734.0591
101734.0593
101734.0594
101734.0596
101734.0598
101734.06
101734.0602
101734.0604
101734.0605
101734.0606
101734.0605
101734.0604
101734.0601
101734.0596
101734.0589
101734.058
101734.0568
101734.0554
101734.0538
101734.052
101734.0499
101734.0477
101734.0455
101734.0433
101734.0412
101734.0394
101734.0382
101734.0376
101734.0381
101734.0398
101734.0432
101734.0485
101734.0563
101734.0668
101734.0806
101734.0982
101734.1199
101734.1471
101734.1724
101733.8677
101719.3417
101719.3419
101719.342
101719.3422
101719.3424
101719.3426
101719.3427
101719.3429
101719.343
101719.343
101719.3428
101719.3426
101719.3421
101719.3414
101719.3405
101719.3392
101719.3377
101719.3359
101719.3337
101719.3312
101719.3284
101719.3254
101719.3222
101719.3189
101719.3156
101719.3125
101719.3097
101719.3076
101719.3064
101719.3063
101719.3078
101719.3111
101719.3168
101719.3252
101719.3368
101719.3518
101719.3708
101719.3946
101719.4147
101719.0949
101704.6242
101704.6244
101704.6245
101704.6247
101704.6249
101704.6251
101704.6252
101704.6254
101704.6254
101704.6254
101704.6252
101704.6248
101704.6242
101704.6233
101704.6221
101704.6206
101704.6187
101704.6164
101704.6137
101704.6105
101704.607
101704.6031
101704.5988
101704.5943
101704.5897
101704.5852
101704.5809
101704.577
101704.5739
101704.5718
101704.5712
101704.5724
101704.5758
101704.5818
101704.5908
101704.6032
101704.6192
101704.6394
101704.6552
101704.3212
101689.9066
101689.9068
101689.907
101689.9071
101689.9073
101689.9075
101689.9077
101689.9078
101689.9079
101689.9078
101689.9076
101689.9071
101689.9064
101689.9053
101689.9039
101689.9021
101689.8998
101689.8971
101689.8938
101689.89
101689.8857
101689.8808
101689.8755
101689.8698
101689.8638
101689.8577
101689.8516
101689.8459
101689.8407
101689.8365
101689.8335
101689.8323
101689.8332
101689.8366
101689.843
101689.8526
101689.8656
101689.8825
101689.8938
101689.5473
101675.189
101675.1891
101675.1893
101675.1895
101675.1897
101675.19
101675.1902
101675.1903
101675.1904
101675.1903
101675.19
101675.1895
101675.1887
101675.1875
101675.1859
101675.1838
101675.1812
101675.178
101675.1742
101675.1697
101675.1645
101675.1587
101675.1523
101675.1453
101675.1378
101675.1301
101675.1222
101675.1144
101675.107
101675.1004
101675.0949
101675.091
101675.0891
101675.0897
101675.0932
101675.0999
101675.1101
101675.1241
101675.1312
101674.7738
101660.4712
101660.4714
101660.4716
101660.4718
101660.4721
101660.4724
101660.4726
101660.4728
101660.4729
101660.4728
101660.4725
101660.472
101660.4711
101660.4698
101660.468
101660.4657
101660.4628
101660.4592
101660.4548
101660.4497
101660.4437
101660.4369
101660.4293
101660.421
101660.412
101660.4024
101660.3926
101660.3826
101660.3728
101660.3636
101660.3553
101660.3485
101660.3436
101660.3412
101660.3416
101660.3454
101660.3527
101660.3641
101660.3678
101660.0007
101645.7534
101645.7536
101645.7538
101645.7541
101645.7544
101645.7547
101645.755
101645.7553
101645.7554
101645.7554
101645.7551
101645.7546
101645.7537
101645.7523
101645.7505
101645.7479
101645.7447
101645.7407
101645.7359
101645.7301
101645.7233
101645.7155
101645.7067
101645.697
101645.6863
101645.6749
101645.663
101645.6506
101645.6382
101645.6262
101645.6149
101645.6049
101645.5968
101645.591
101645.5881
101645.5888
101645.5934
101645.6026
101645.6035
101645.2278
101631.0355
101631.0357
101631.036
101631.0363
101631.0366
101631.037
101631.0374
101631.0378
101631.038
101631.0381
101631.0379
101631.0374
101631.0365
101631.0351
101631.0332
101631.0305
101631.027
101631.0227
101631.0173
101631.0109
101631.0033
101630.9946
101630.9846
101630.9734
101630.9611
101630.9477
101630.9335
101630.9186
101630.9035
101630.8884
101630.8738
101630.8604
101630.8486
101630.8392
101630.8328
101630.8301
101630.8319
101630.839
101630.8378
101630.454
101616.3175
101616.3177
101616.318
101616.3184
101616.3188
101616.3193
101616.3198
101616.3203
101616.3206
101616.3208
101616.3207
101616.3204
101616.3195
101616.3182
101616.3162
101616.3134
101616.3098
101616.3051
101616.2993
101616.2923
101616.284
101616.2742
101616.263
101616.2504
101616.2363
101616.2209
101616.2043
101616.1868
101616.1687
101616.1503
101616.1321
101616.1149
101616.0991
101616.0857
101616.0754
101616.0691
101616.0679
101616.0729
101616.0697
101615.6781
101601.5994
101601.5996
101601.5999
101601.6004
101601.6009
101601.6015
101601.6021
101601.6028
101601.6033
101601.6036
101601.6037
101601.6035
101601.6028
101601.6015
101601.5996
101601.5968
101601.593
101601.5881
101601.582
101601.5744
101601.5654
101601.5547
101601.5423
101601.5281
101601.5122
101601.4947
101601.4757
101601.4553
101601.4339
101601.412
101601.39
101601.3686
101601.3485
101601.3306
101601.3159
101601.3056
101601.3009
101601.3034
101601.2981
101600.8982
101586.8811
101586.8813
101586.8817
101586.8822
101586.8829
101586.8836
101586.8844
101586.8852
101586.886
101586.8865
101586.8869
101586.8868
101586.8863
101586.8852
101586.8834
101586.8806
101586.8768
101586.8717
101586.8653
101586.8573
101586.8475
101586.8359
101586.8224
101586.8067
101586.789
101586.7693
101586.7477
101586.7243
101586.6995
101586.6738
101586.6476
101586.6216
101586.5967
101586.5739
101586.5543
101586.5392
101586.5304
101586.5298
101586.5213
101586.1123
101572.1627
101572.1629
101572.1633
101572.164
101572.1648
101572.1657
101572.1667
101572.1677
101572.1687
101572.1695
101572.1701
101572.1703
101572.1701
101572.1692
101572.1676
101572.1649
101572.1612
101572.1561
101572.1494
101572.141
101572.1307
101572.1182
101572.1035
101572.0864
101572.0669
101572.0449
101572.0206
101571.9941
101571.9657
101571.9359
101571.9051
101571.8742
101571.844
101571.8156
101571.7903
101571.7698
101571.7561
101571.7511
101571.7378
101571.3185
101557.444
101557.4443
101557.4448
101557.4455
101557.4465
101557.4476
101557.4488
101557.4501
101557.4514
101557.4525
101557.4535
101557.454
101557.4541
101557.4536
101557.4522
101557.4498
101557.4462
101557.4412
101557.4344
101557.4257
101557.4149
101557.4017
101557.3859
101557.3674
101557.346
101557.3218
101557.2947
101557.2649
101557.2327
101557.1985
101557.1628
101557.1265
101557.0904
101557.0558
101557.024
101556.997
101556.9777
101556.9671
101556.9454
101556.5149
101542.7251
101542.7254
101542.726
101542.7269
101542.728
101542.7293
101542.7309
101542.7325
101542.7341
101542.7356
101542.7369
101542.7379
101542.7385
101542.7383
101542.7373
101542.7353
101542.732
101542.7271
101542.7204
101542.7116
101542.7004
101542.6865
101542.6697
101542.6498
101542.6267
101542.6001
101542.5702
101542.5369
101542.5007
101542.4619
101542.421
101542.3788
101542.3363
101542.2946
101542.2555
101542.2208
101542.1936
101542.1752
101542.1456
101541.7004
101528.006
101528.0063
101528.0069
101528.008
101528.0093
101528.0109
101528.0127
101528.0147
101528.0167
101528.0186
101528.0205
101528.022
101528.023
101528.0234
101528.0229
101528.0214
101528.0185
101528.0139
101528.0074
101527.9986
101527.9872
101527.9728
101527.9552
101527.934
101527.9091
101527.8802
101527.8474
101527.8106
101527.7702
101527.7264
101527.6799
101527.6314
101527.5818
101527.5325
101527.4849
101527.4411
101527.4038
101527.3748
101527.3373
101526.8742
101513.2865
101513.2868
101513.2876
101513.2888
101513.2903
101513.2922
101513.2944
101513.2967
101513.2992
101513.3017
101513.304
101513.3061
101513.3078
101513.3088
101513.309
101513.3081
101513.3057
101513.3017
101513.2955
101513.2869
101513.2754
101513.2607
101513.2424
101513.2201
101513.1935
101513.1624
101513.1267
101513.0863
101513.0415
101512.9925
101512.94
101512.8846
101512.8274
101512.7696
101512.7127
101512.6586
101512.6098
101512.5684
101512.5178
101512.0366
101498.5666
101498.5669
101498.5678
101498.5692
101498.571
101498.5732
101498.5758
101498.5786
101498.5815
101498.5846
101498.5876
101498.5904
101498.5928
101498.5946
101498.5955
101498.5954
101498.5938
101498.5904
101498.5848
101498.5766
101498.5653
101498.5505
101498.5316
101498.5084
101498.4803
101498.447
101498.4084
101498.3643
101498.315
101498.2606
101498.2017
101498.139
101498.0736
101498.0065
101497.9393
101497.8738
101497.8123
101497.7562
101497.6891
101497.1899
101483.8462
101483.8466
101483.8477
101483.8493
101483.8514
101483.8539
101483.8569
101483.8601
101483.8637
101483.8674
101483.8711
101483.8747
101483.8779
101483.8806
101483.8825
101483.8833
101483.8826
101483.8801
101483.8753
101483.8678
101483.8569
101483.8422
101483.8231
101483.7991
101483.7696
101483.7343
101483.6929
101483.6451
101483.5911
101483.5311
101483.4655
101483.3951
101483.3208
101483.2439
101483.1656
101483.0876
101483.012
101482.9394
101482.8534
101482.3376
101469.1254
101469.1258
101469.127
101469.1288
101469.1312
101469.1341
101469.1375
101469.1414
101469.1455
101469.1499
101469.1544
101469.1589
101469.1631
101469.1669
101469.1699
101469.1718
101469.1723
101469.1709
101469.1672
101469.1605
101469.1504
101469.1361
101469.117
101469.0925
101469.062
101469.0248
101468.9807
101468.9292
101468.8704
101468.8045
101468.7319
101468.6533
101468.5697
101468.4822
101468.3921
101468.3008
101468.2101
101468.1197
101468.0135
101467.484
101454.404
101454.4045
101454.4058
101454.4078
101454.4105
101454.4139
101454.4178
101454.4222
101454.427
101454.4322
101454.4376
101454.443
101454.4483
101454.4533
101454.4575
101454.4608
101454.4627
101454.4627
101454.4603
101454.4549
101454.4458
101454.4323
101454.4136
101454.389
101454.3576
101454.3189
101454.2721
101454.217
101454.1534
101454.0814
101454.0014
101453.9143
101453.8208
101453.7222
101453.6197
101453.5145
101453.4081
101453.299
101453.1724
101452.6338
101439.6819
101439.6825
101439.6839
101439.6862
101439.6892
101439.693
101439.6974
101439.7025
101439.7081
101439.7141
101439.7205
101439.727
101439.7335
101439.7398
101439.7455
101439.7503
101439.7538
101439.7554
101439.7547
101439.7509
101439.7432
101439.7309
101439.7131
101439.6887
101439.6569
101439.6169
101439.5678
101439.5091
101439.4407
101439.3624
101439.2748
101439.1786
101439.0748
101438.9646
101438.8492
101438.7298
101438.6072
101438.4797
101438.3336
101437.7916
101424.9591
101424.9597
101424.9613
101424.9639
101424.9673
101424.9715
101424.9765
101424.9822
101424.9885
101424.9955
101425.0029
101425.0106
101425.0185
101425.0262
101425.0335
101425.0401
101425.0455
101425.0491
101425.0504
101425.0486
101425.0428
101425.0322
101425.0156
101424.992
101424.9602
101424.9193
101424.8682
101424.8062
101424.7329
101424.6482
101424.5526
101424.4469
101424.3322
101424.2099
101424.0813
101423.9475
101423.8091
101423.6638
101423.5005
101422.9613
101410.2354
101410.2361
101410.2379
101410.2407
101410.2445
101410.2492
101410.2547
101410.2611
101410.2683
101410.2763
101410.2848
101410.2938
101410.3031
101410.3125
101410.3216
101410.3302
101410.3378
101410.3437
101410.3474
101410.348
101410.3445
101410.3361
101410.3213
101410.2991
101410.2679
101410.2266
101410.1739
101410.1088
101410.0308
101409.9396
101409.8356
101409.7198
101409.5936
101409.4587
101409.3166
101409.1685
101409.0149
101408.8535
101408.6765
101408.146
101395.5109
101395.5117
101395.5136
101395.5167
101395.5208
101395.526
101395.5322
101395.5393
101395.5474
101395.5563
101395.566
101395.5764
101395.5873
101395.5984
101395.6096
101395.6204
101395.6304
101395.6389
101395.6454
101395.6489
101395.6484
101395.6427
101395.6305
101395.6103
101395.5804
101395.5393
101395.4856
101395.4178
101395.3351
101395.2371
101395.1244
101394.9979
101394.8595
101394.7113
101394.5554
101394.3933
101394.2254
101394.0505
101393.8643
101393.3472
101380.7854
101380.7862
101380.7884
101380.7917
101380.7962
101380.8018
101380.8086
101380.8165
101380.8255
101380.8355
101380.8464
101380.8583
101380.8708
101380.8839
101380.8972
101380.9105
101380.9232
101380.9348
101380.9445
101380.9514
101380.9544
101380.9522
101380.9432
101380.9258
101380.8981
101380.858
101380.8039
101380.7338
101380.6467
101380.5419
101380.4199
101380.2819
101380.1303
101379.9678
101379.7974
101379.6216
101379.4408
101379.256
101379.066
101378.5649
101366.0587
101366.0596
101366.062
101366.0656
101366.0705
101366.0766
101366.084
101366.0926
101366.1025
101366.1136
101366.1258
101366.1392
101366.1535
101366.1686
101366.1843
101366.2002
101366.216
101366.2309
101366.2443
101366.2552
101366.2623
101366.2644
101366.2596
101366.2459
101366.2213
101366.1832
101366.1295
101366.0579
101365.9667
101365.8549
101365.723
101365.5724
101365.4061
101365.228
101365.0423
101364.8525
101364.6602
101364.4699
101364.2816
101363.796
101351.3309
101351.3319
101351.3344
101351.3383
101351.3435
101351.3501
101351.3581
101351.3675
101351.3783
101351.3905
101351.4041
101351.419
101351.4351
101351.4524
101351.4706
101351.4894
101351.5084
101351.5271
101351.5446
101351.56
101351.5721
101351.5793
101351.5796
101351.5708
101351.5504
101351.5155
101351.4633
101351.391
101351.2962
101351.1774
101351.0346
101350.87
101350.6871
101350.4914
101350.2888
101350.0845
101349.8812
101349.689
101349.5073
101349.0319
101336.6018
101336.6029
101336.6056
101336.6097
101336.6153
101336.6224
101336.631
101336.6411
101336.6528
101336.6661
101336.681
101336.6975
101336.7155
101336.735
101336.7558
101336.7777
101336.8002
101336.8229
101336.8451
101336.8657
101336.8834
101336.8966
101336.9031
101336.9004
101336.8857
101336.8554
101336.8061
101336.7342
101336.6365
101336.5106
101336.3562
101336.1754
101335.9732
101335.7567
101335.5345
101335.3132
101335.0982
101334.9069
101334.7324
101334.2567
101321.8714
101321.8725
101321.8754
101321.8797
101321.8857
101321.8932
101321.9024
101321.9132
101321.9258
101321.9401
101321.9563
101321.9744
101321.9943
101322.0161
101322.0396
101322.0647
101322.091
101322.1181
101322.1453
101322.1717
101322.1958
101322.216
101322.23
101322.2349
101322.2274
101322.2035
101322.1588
101322.0888
101321.9892
101321.8565
101321.6893
101321.4896
101321.264
101321.0224
101320.7759
101320.5319
101320.2972
101320.1054
101319.9403
101319.4467
101307.1396
101307.1408
101307.1437
101307.1483
101307.1545
101307.1625
101307.1722
101307.1837
101307.1971
101307.2125
101307.2299
101307.2495
101307.2713
101307.2954
101307.3217
101307.35
101307.3803
101307.4121
101307.4448
101307.4775
101307.5089
101307.5371
101307.5599
101307.574
101307.5756
101307.5601
101307.5222
101307.4562
101307.3561
101307.217
101307.0358
101306.8137
101306.5591
101306.2858
101306.0083
101305.7324
101305.4618
101305.2572
101305.0859
101304.5662
101292.4062
101292.4075
101292.4105
101292.4153
101292.4218
101292.4301
101292.4403
101292.4524
101292.4666
101292.4829
101292.5016
101292.5226
101292.5463
101292.5726
101292.6016
101292.6333
101292.6677
101292.7044
101292.7429
101292.7825
101292.8219
101292.8593
101292.8922
101292.9173
101292.9302
101292.9257
101292.8974
101292.8379
101292.7396
101292.5951
101292.3988
101292.1497
101291.8579
101291.5429
101291.2234
101290.8991
101290.5631
101290.312
101290.0919
101289.5753
101277.6713
101277.6726
101277.6758
101277.6807
101277.6874
101277.696
101277.7066
101277.7192
101277.7341
101277.7513
101277.771
101277.7935
101277.8188
101277.8473
101277.879
101277.914
101277.9525
101277.9942
101278.0389
101278.0858
101278.134
101278.1816
101278.2262
101278.2642
101278.2909
101278.3003
101278.2848
101278.2355
101278.1421
101277.9941
101277.782
101277.5011
101277.1619
101276.7901
101276.4065
101275.9968
101275.5411
101275.1733
101274.8463
101274.479
101262.9348
101262.9361
101262.9393
101262.9444
101262.9513
101262.9601
101262.971
101262.9841
101262.9995
101263.0174
101263.0381
101263.0618
101263.0887
101263.1192
101263.1534
101263.1917
101263.2342
101263.2809
101263.3319
101263.3866
101263.4442
101263.503
101263.5607
101263.6137
101263.6568
101263.6835
101263.6851
101263.6505
101263.5665
101263.4182
101263.19
101262.8715
101262.4763
101262.0401
101261.568
101261.001
101260.3113
101259.6994
101259.2136
101259.4278
101248.1966
101248.198
101248.2012
101248.2063
101248.2133
101248.2223
101248.2334
101248.2468
101248.2627
101248.2812
101248.3027
101248.3274
101248.3557
101248.3879
101248.4244
101248.4657
101248.512
101248.5638
101248.6211
101248.6837
101248.7511
101248.8221
101248.8944
101248.9644
101249.0268
101249.0746
101249.0981
101249.0841
101249.0156
101248.8722
101248.6279
101248.2662
101247.8138
101247.3279
101246.7679
101245.9537
101244.8327
101243.7596
101243.1656
101244.8388
101233.4568
101233.4581
101233.4614
101233.4665
101233.4735
101233.4826
101233.4938
101233.5074
101233.5235
101233.5425
101233.5645
101233.59
101233.6194
101233.6531
101233.6916
101233.7356
101233.7855
101233.8419
101233.9053
101233.9759
101234.0534
101234.1372
101234.2253
101234.3143
101234.3988
101234.4716
101234.5227
101234.5367
101234.4923
101234.3616
101234.1041
101233.6968
101233.1864
101232.6699
101232.0689
101231
101229.2378
101227.4652
101227.2745
101231.2403
101218.7153
101218.7167
101218.72
101218.725
101218.7319
101218.7409
101218.7522
101218.7658
101218.7821
101218.8013
101218.8236
101218.8496
101218.8797
101218.9146
101218.9547
101219.0009
101219.0539
101219.1146
101219.1837
101219.2619
101219.3495
101219.4464
101219.5513
101219.6611
101219.7702
101219.8723
101219.9574
101220.0082
101219.9991
101219.8922
101219.6277
101219.1788
101218.5972
101218.0254
101217.3797
101216.3134
101214.0696
101211.7486
101212.7555
101219.1999
101203.9719
101203.9733
101203.9765
101203.9814
101203.9881
101203.9969
101204.0081
101204.0217
101204.0379
101204.057
101204.0794
101204.1056
101204.1362
101204.1717
101204.213
101204.2608
101204.3163
101204.3806
101204.4548
101204.5402
101204.6376
101204.7476
101204.8705
101205.0027
101205.1383
101205.2729
101205.3982
101205.4946
101205.531
101205.4563
101205.1982
101204.7309
101204.0704
101203.3491
101202.6595
101202.0647
101200.279
101198.2442
101200.954
101209.1897
101189.2261
101189.2274
101189.2307
101189.2353
101189.2414
101189.25
101189.261
101189.2743
101189.2902
101189.309
101189.3312
101189.3571
101189.3876
101189.4233
101189.4651
101189.5139
101189.5709
101189.6377
101189.7161
101189.8075
101189.9135
101190.0358
101190.1769
101190.3331
101190.4964
101190.6671
101190.8417
101191
101191.1057
101191.1062
101190.9414
101190.6109
101190.0392
101189.2484
101188.586
101188.6628
101188.444
101187.9284
101192.4446
101201.0554
101175.2205
101175.223
101175.2273
101175.2334
101175.2409
101175.2504
101175.2616
101175.2747
101175.2898
101175.3072
101175.3271
101175.3502
101175.377
101175.408
101175.4441
101175.4862
101175.5356
101175.5941
101175.6642
101175.7489
101175.8515
101175.9775
101176.1361
101176.3333
101176.5644
101176.8322
101177.1365
101177.4588
101177.7664
101178.0176
101178.1673
101178.2669
101178.1684
101177.6037
101177.0672
101177.4345
101178.7076
101180.4423
101186.377
101193.9717
101167.9009
101167.9023
101167.905
101167.9087
101167.9133
101167.9186
101167.9245
101167.931
101167.9383
101167.9465
101167.9557
101167.966
101167.9778
101167.9913
101168.0067
101168.0244
101168.0454
101168.0707
101168.1024
101168.1433
101168.1958
101168.2653
101168.3569
101168.4894
101168.6594
101168.8644
101169.0999
101169.3552
101169.6216
101169.8974
101170.1701
101170.4626
101170.6596
101170.4849
101170.1601
101170.3243
101171.6684
101174.5206
101180.884
101186.7674
101167.1798
101167.1798
101167.1798
101167.1798
101167.1799
101167.18
101167.18
101167.1802
101167.1803
101167.1805
101167.1807
101167.181
101167.1813
101167.1817
101167.1821
101167.1828
101167.1836
101167.1846
101167.1862
101167.1885
101167.192
101167.1978
101167.2076
101167.2242
101167.25
101167.2827
101167.3208
101167.3637
101167.4133
101167.4715
101167.5454
101167.6396
101167.7177
101167.7205
101167.5951
101167.5943
101168.1145
101169.9032
101174.6173
101178.5584
101167.1183
101167.1183
101167.1184
101167.1184
101167.1184
101167.1185
101167.1186
101167.1187
101167.1188
101167.119
101167.1192
101167.1194
101167.1197
101167.12
101167.1204
101167.1209
101167.1215
101167.1222
101167.1231
101167.1241
101167.1251
101167.1258
101167.1252
101167.1226
101167.1199
101167.1179
101167.1166
101167.1158
101167.1151
101167.1147
101167.1159
101167.1213
101167.1302
101167.1327
101167.114
101167.0974
101167.1449
101167.5293
101169.1144
101170.7077
101167.0566
101167.0566
101167.0566
101167.0567
101167.0567
101167.0568
101167.0569
101167.057
101167.0571
101167.0572
101167.0574
101167.0576
101167.0579
101167.0582
101167.0585
101167.0589
101167.0594
101167.06
101167.0607
101167.0613
101167.0619
101167.0619
101167.0608
101167.0586
101167.0561
101167.0537
101167.0512
101167.0485
101167.0455
101167.0422
101167.0392
101167.0372
101167.0362
101167.034
101167.0286
101167.0195
101167.019
101167.0311
101167.0514
101167.1772
101166.9949
101166.9949
101166.9949
101166.9949
101166.995
101166.995
101166.9951
101166.9952
101166.9953
101166.9955
101166.9956
101166.9958
101166.996
101166.9963
101166.9966
101166.9969
101166.9973
101166.9977
101166.9982
101166.9986
101166.9987
101166.9985
101166.9974
101166.9956
101166.9934
101166.991
101166.9886
101166.986
101166.9832
101166.9804
101166.9779
101166.9761
101166.9746
101166.9725
101166.9692
101166.9652
101166.9644
101166.9677
101166.9661
101166.9672
101166.9331
101166.9331
101166.9331
101166.9332
101166.9332
101166.9333
101166.9333
101166.9334
101166.9335
101166.9337
101166.9338
101166.934
101166.9341
101166.9344
101166.9346
101166.9349
101166.9352
101166.9355
101166.9357
101166.9359
101166.9358
101166.9354
101166.9344
101166.9328
101166.9309
101166.9288
101166.9265
101166.9242
101166.9217
101166.9193
101166.9171
101166.9153
101166.9137
101166.9119
101166.9097
101166.9073
101166.9064
101166.9073
101166.9069
101166.9073
101166.8714
101166.8714
101166.8714
101166.8714
101166.8715
101166.8715
101166.8716
101166.8716
101166.8717
101166.8718
101166.872
101166.8721
101166.8722
101166.8724
101166.8726
101166.8728
101166.873
101166.8732
101166.8733
101166.8733
101166.8731
101166.8726
101166.8716
101166.8702
101166.8685
101166.8666
101166.8646
101166.8625
101166.8603
101166.8582
101166.8563
101166.8545
101166.8529
101166.8513
101166.8496
101166.848
101166.8471
101166.8471
101166.8469
101166.847
101166.8096
101166.8096
101166.8096
101166.8097
101166.8097
101166.8097
101166.8098
101166.8098
101166.8099
101166.81
101166.8101
101166.8102
101166.8103
101166.8105
101166.8106
101166.8107
101166.8108
101166.8109
101166.8109
101166.8108
101166.8105
101166.8099
101166.809
101166.8078
101166.8063
101166.8046
101166.8027
101166.8009
101166.7989
101166.7971
101166.7953
101166.7936
101166.7922
101166.7907
101166.7893
101166.788
101166.7872
101166.7868
101166.7866
101166.7866
101166.7478
101166.7478
101166.7479
101166.7479
101166.7479
101166.7479
101166.748
101166.748
101166.7481
101166.7482
101166.7482
101166.7483
101166.7484
101166.7485
101166.7486
101166.7486
101166.7487
101166.7487
101166.7486
101166.7484
101166.748
101166.7474
101166.7465
101166.7454
101166.7441
101166.7425
101166.7409
101166.7392
101166.7375
101166.7358
101166.7342
101166.7327
101166.7313
101166.73
101166.7288
101166.7277
101166.7269
101166.7265
101166.7263
101166.7262
101166.6861
101166.6861
101166.6861
101166.6861
101166.6861
101166.6861
101166.6862
101166.6862
101166.6863
101166.6863
101166.6864
101166.6864
101166.6865
101166.6865
101166.6866
101166.6866
101166.6866
101166.6865
101166.6863
101166.6861
101166.6856
101166.685
101166.6842
101166.6831
101166.6819
101166.6806
101166.6791
101166.6776
101166.676
101166.6745
101166.673
101166.6717
101166.6704
101166.6692
101166.6681
101166.6672
101166.6665
101166.666
101166.6658
101166.6657
101166.6243
101166.6243
101166.6243
101166.6243
101166.6243
101166.6243
101166.6244
101166.6244
101166.6244
101166.6245
101166.6245
101166.6245
101166.6245
101166.6246
101166.6246
101166.6245
101166.6245
101166.6243
101166.6241
101166.6238
101166.6233
101166.6227
101166.6219
101166.621
101166.6199
101166.6186
101166.6173
101166.6159
101166.6145
101166.6131
101166.6118
101166.6106
101166.6094
101166.6084
101166.6074
101166.6066
101166.6059
101166.6055
101166.6052
101166.6051
101166.5625
101166.5625
101166.5625
101166.5625
101166.5625
101166.5625
101166.5625
101166.5626
101166.5626
101166.5626
101166.5626
101166.5626
101166.5626
101166.5626
101166.5626
101166.5625
101166.5624
101166.5622
101166.562
101166.5616
101166.5611
101166.5605
101166.5598
101166.5589
101166.5579
101166.5567
101166.5555
101166.5543
101166.553
101166.5518
101166.5506
101166.5495
101166.5484
101166.5474
101166.5466
101166.5458
101166.5452
101166.5448
101166.5445
101166.5444
101166.5007
101166.5007
101166.5007
101166.5007
101166.5007
101166.5007
101166.5007
101166.5007
101166.5007
101166.5007
101166.5007
101166.5007
101166.5007
101166.5006
101166.5006
101166.5005
101166.5003
101166.5001
101166.4998
101166.4995
101166.499
101166.4984
101166.4977
101166.4969
101166.4959
101166.4949
101166.4938
101166.4927
101166.4915
101166.4904
101166.4893
101166.4883
101166.4873
101166.4864
101166.4857
101166.485
101166.4844
101166.4841
101166.4838
101166.4837
101166.4389
101166.4389
101166.4389
101166.4389
101166.4389
101166.4389
101166.4389
101166.4389
101166.4389
101166.4389
101166.4389
101166.4388
101166.4388
101166.4387
101166.4386
101166.4385
101166.4383
101166.4381
101166.4378
101166.4374
101166.4369
101166.4364
101166.4357
101166.4349
101166.434
101166.4331
101166.4321
101166.4311
101166.43
101166.429
101166.428
101166.4271
101166.4262
101166.4254
101166.4247
101166.4241
101166.4236
101166.4232
101166.423
101166.4229
101166.3771
101166.3771
101166.3771
101166.3771
101166.3771
101166.3771
101166.3771
101166.3771
101166.3771
101166.377
101166.377
101166.3769
101166.3769
101166.3768
101166.3767
101166.3765
101166.3763
101166.3761
101166.3758
101166.3754
101166.3749
101166.3744
101166.3737
101166.373
101166.3722
101166.3713
101166.3704
101166.3695
101166.3685
101166.3676
101166.3667
101166.3658
101166.365
101166.3643
101166.3637
101166.3631
101166.3627
101166.3623
101166.3621
101166.362
101166.3153
101166.3153
101166.3153
101166.3153
101166.3153
101166.3153
101166.3153
101166.3153
101166.3152
101166.3152
101166.3151
101166.3151
101166.315
101166.3149
101166.3147
101166.3146
101166.3144
101166.3141
101166.3138
101166.3134
101166.313
101166.3124
101166.3118
101166.3111
101166.3104
101166.3096
101166.3088
101166.3079
101166.307
101166.3062
101166.3054
101166.3046
101166.3039
101166.3032
101166.3026
101166.3021
101166.3017
101166.3014
101166.3012
101166.3011
101166.2536
101166.2536
101166.2535
101166.2535
101166.2535
101166.2535
101166.2535
101166.2534
101166.2534
101166.2534
101166.2533
101166.2532
101166.2531
101166.253
101166.2528
101166.2527
101166.2524
101166.2522
101166.2519
101166.2515
101166.251
101166.2505
101166.25
101166.2493
101166.2486
101166.2479
101166.2471
101166.2463
101166.2456
101166.2448
101166.244
101166.2433
101166.2427
101166.242
101166.2415
101166.2411
101166.2407
101166.2404
101166.2402
101166.2401
101166.1918
101166.1918
101166.1918
101166.1917
101166.1917
101166.1917
101166.1917
101166.1916
101166.1916
101166.1915
101166.1915
101166.1914
101166.1913
101166.1911
101166.191
101166.1908
101166.1905
101166.1903
101166.1899
101166.1896
101166.1891
101166.1887
101166.1881
101166.1875
101166.1869
101166.1862
101166.1855
101166.1848
101166.1841
101166.1834
101166.1827
101166.182
101166.1814
101166.1809
101166.1804
101166.18
101166.1796
101166.1794
101166.1792
101166.1791
101166.13
101166.13
101166.13
101166.13
101166.1299
101166.1299
101166.1299
101166.1298
101166.1298
101166.1297
101166.1296
101166.1295
101166.1294
101166.1293
101166.1291
101166.1289
101166.1287
101166.1284
101166.1281
101166.1277
101166.1273
101166.1268
101166.1263
101166.1258
101166.1252
101166.1245
101166.1239
101166.1232
101166.1226
101166.1219
101166.1213
101166.1207
101166.1202
101166.1197
101166.1192
101166.1188
101166.1185
101166.1183
101166.1181
101166.1181
101166.0682
101166.0682
101166.0682
101166.0682
101166.0682
101166.0681
101166.0681
101166.068
101166.068
101166.0679
101166.0678
101166.0677
101166.0676
101166.0674
101166.0673
101166.0671
101166.0668
101166.0665
101166.0662
101166.0659
101166.0655
101166.065
101166.0646
101166.064
101166.0635
101166.0629
101166.0623
101166.0617
101166.0611
101166.0605
101166.0599
101166.0594
101166.0589
101166.0584
101166.058
101166.0577
101166.0574
101166.0572
101166.057
101166.057
101166.0064
101166.0064
101166.0064
101166.0064
101166.0064
101166.0063
101166.0063
101166.0062
101166.0062
101166.0061
101166.006
101166.0059
101166.0058
101166.0056
101166.0054
101166.0052
101166.005
101166.0047
101166.0044
101166.0041
101166.0037
101166.0033
101166.0028
101166.0023
101166.0018
101166.0013
101166.0007
101166.0002
101165.9996
101165.9991
101165.9985
101165.998
101165.9976
101165.9972
101165.9968
101165.9965
101165.9962
101165.996
101165.9959
101165.9958
101165.9447
101165.9447
101165.9447
101165.9446
101165.9446
101165.9446
101165.9445
101165.9445
101165.9444
101165.9443
101165.9442
101165.9441
101165.944
101165.9438
101165.9436
101165.9434
101165.9432
101165.9429
101165.9426
101165.9423
101165.9419
101165.9415
101165.9411
101165.9407
101165.9402
101165.9397
101165.9392
101165.9386
101165.9381
101165.9376
101165.9371
101165.9367
101165.9363
101165.9359
101165.9355
101165.9353
101165.935
101165.9348
101165.9347
101165.9347
101165.8829
101165.8829
101165.8829
101165.8829
101165.8828
101165.8828
101165.8828
101165.8827
101165.8826
101165.8825
101165.8824
101165.8823
101165.8822
101165.882
101165.8818
101165.8816
101165.8814
101165.8811
101165.8809
101165.8805
101165.8802
101165.8798
101165.8794
101165.879
101165.8785
101165.8781
101165.8776
101165.8771
101165.8767
101165.8762
101165.8757
101165.8753
101165.8749
101165.8746
101165.8743
101165.874
101165.8738
101165.8736
101165.8735
101165.8735
101165.8212
101165.8212
101165.8211
101165.8211
101165.8211
101165.821
101165.821
101165.8209
101165.8209
101165.8208
101165.8207
101165.8205
101165.8204
101165.8202
101165.8201
101165.8199
101165.8196
101165.8194
101165.8191
101165.8188
101165.8185
101165.8181
101165.8177
101165.8173
101165.8169
101165.8165
101165.8161
101165.8156
101165.8152
101165.8148
101165.8143
101165.814
101165.8136
101165.8133
101165.813
101165.8128
101165.8126
101165.8124
101165.8123
101165.8123
101165.7594
101165.7594
101165.7594
101165.7594
101165.7593
101165.7593
101165.7592
101165.7592
101165.7591
101165.759
101165.7589
101165.7588
101165.7586
101165.7585
101165.7583
101165.7581
101165.7579
101165.7576
101165.7574
101165.7571
101165.7568
101165.7564
101165.7561
101165.7557
101165.7553
101165.7549
101165.7545
101165.7541
101165.7537
101165.7533
101165.7529
101165.7526
101165.7523
101165.752
101165.7517
101165.7515
101165.7513
101165.7512
101165.7511
101165.751
101165.6977
101165.6977
101165.6977
101165.6976
101165.6976
101165.6976
101165.6975
101165.6974
101165.6974
101165.6973
101165.6972
101165.697
101165.6969
101165.6967
101165.6966
101165.6964
101165.6962
101165.6959
101165.6957
101165.6954
101165.6951
101165.6948
101165.6944
101165.6941
101165.6937
101165.6933
101165.693
101165.6926
101165.6922
101165.6919
101165.6915
101165.6912
101165.6909
101165.6906
101165.6904
101165.6902
101165.69
101165.6899
101165.6898
101165.6898
101165.636
101165.636
101165.6359
101165.6359
101165.6359
101165.6358
101165.6358
101165.6357
101165.6356
101165.6355
101165.6354
101165.6353
101165.6352
101165.635
101165.6348
101165.6347
101165.6344
101165.6342
101165.634
101165.6337
101165.6334
101165.6331
101165.6328
101165.6325
101165.6321
101165.6318
101165.6314
101165.6311
101165.6307
101165.6304
101165.6301
101165.6298
101165.6295
101165.6293
101165.6291
101165.6289
101165.6287
101165.6286
101165.6285
101165.6285
101165.5742
101165.5742
101165.5742
101165.5742
101165.5742
101165.5741
101165.5741
101165.574
101165.5739
101165.5738
101165.5737
101165.5736
101165.5735
101165.5733
101165.5731
101165.573
101165.5727
101165.5725
101165.5723
101165.572
101165.5718
101165.5715
101165.5712
101165.5709
101165.5706
101165.5702
101165.5699
101165.5696
101165.5693
101165.569
101165.5687
101165.5684
101165.5681
101165.5679
101165.5677
101165.5675
101165.5674
101165.5673
101165.5672
101165.5672
101165.5125
101165.5125
101165.5125
101165.5125
101165.5124
101165.5124
101165.5123
101165.5123
101165.5122
101165.5121
101165.512
101165.5119
101165.5117
101165.5116
101165.5114
101165.5113
101165.5111
101165.5109
101165.5106
101165.5104
101165.5101
101165.5099
101165.5096
101165.5093
101165.509
101165.5087
101165.5084
101165.5081
101165.5078
101165.5075
101165.5072
101165.507
101165.5068
101165.5065
101165.5064
101165.5062
101165.5061
101165.506
101165.5059
101165.5059
101165.4508
101165.4508
101165.4508
101165.4508
101165.4507
101165.4507
101165.4506
101165.4506
101165.4505
101165.4504
101165.4503
101165.4502
101165.4501
101165.4499
101165.4498
101165.4496
101165.4494
101165.4492
101165.449
101165.4487
101165.4485
101165.4482
101165.448
101165.4477
101165.4474
101165.4472
101165.4469
101165.4466
101165.4463
101165.4461
101165.4458
101165.4456
101165.4454
101165.4452
101165.445
101165.4448
101165.4447
101165.4446
101165.4446
101165.4446
101165.3891
101165.3891
101165.3891
101165.3891
101165.3891
101165.389
101165.3889
101165.3889
101165.3888
101165.3887
101165.3886
101165.3885
101165.3884
101165.3882
101165.3881
101165.3879
101165.3877
101165.3875
101165.3873
101165.3871
101165.3869
101165.3866
101165.3864
101165.3861
101165.3859
101165.3856
101165.3854
101165.3851
101165.3848
101165.3846
101165.3844
101165.3842
101165.384
101165.3838
101165.3836
101165.3835
101165.3834
101165.3833
101165.3832
101165.3832
101165.3275
101165.3274
101165.3274
101165.3274
101165.3274
101165.3273
101165.3273
101165.3272
101165.3271
101165.327
101165.3269
101165.3268
101165.3267
101165.3266
101165.3264
101165.3263
101165.3261
101165.3259
101165.3257
101165.3255
101165.3253
101165.325
101165.3248
101165.3246
101165.3243
101165.3241
101165.3238
101165.3236
101165.3234
101165.3231
101165.3229
101165.3227
101165.3225
101165.3224
101165.3222
101165.3221
101165.322
101165.3219
101165.3219
101165.3219
101165.2658
101165.2658
101165.2658
101165.2657
101165.2657
101165.2656
101165.2656
101165.2655
101165.2654
101165.2654
101165.2653
101165.2652
101165.265
101165.2649
101165.2648
101165.2646
101165.2644
101165.2643
101165.2641
101165.2639
101165.2637
101165.2635
101165.2632
101165.263
101165.2628
101165.2626
101165.2623
101165.2621
101165.2619
101165.2617
101165.2615
101165.2613
101165.2611
101165.261
101165.2608
101165.2607
101165.2606
101165.2606
101165.2605
101165.2605
101165.2041
101165.2041
101165.2041
101165.2041
101165.204
101165.204
101165.2039
101165.2039
101165.2038
101165.2037
101165.2036
101165.2035
101165.2034
101165.2033
101165.2031
101165.203
101165.2028
101165.2026
101165.2025
101165.2023
101165.2021
101165.2019
101165.2017
101165.2015
101165.2012
101165.201
101165.2008
101165.2006
101165.2004
101165.2002
101165.2
101165.1999
101165.1997
101165.1996
101165.1994
101165.1993
101165.1992
101165.1992
101165.1991
101165.1991
101165.1424
101165.1424
101165.1424
101165.1424
101165.1424
101165.1423
101165.1423
101165.1422
101165.1421
101165.142
101165.142
101165.1419
101165.1417
101165.1416
101165.1415
101165.1413
101165.1412
101165.141
101165.1409
101165.1407
101165.1405
101165.1403
101165.1401
101165.1399
101165.1397
101165.1395
101165.1393
101165.1391
101165.1389
101165.1387
101165.1386
101165.1384
101165.1383
101165.1381
101165.138
101165.1379
101165.1379
101165.1378
101165.1378
101165.1377
101165.0808
101165.0808
101165.0808
101165.0807
101165.0807
101165.0807
101165.0806
101165.0806
101165.0805
101165.0804
101165.0803
101165.0802
101165.0801
101165.08
101165.0799
101165.0797
101165.0796
101165.0794
101165.0793
101165.0791
101165.0789
101165.0787
101165.0786
101165.0784
101165.0782
101165.078
101165.0778
101165.0776
101165.0775
101165.0773
101165.0771
101165.077
101165.0768
101165.0767
101165.0766
101165.0765
101165.0765
101165.0764
101165.0764
101165.0763
101165.0191
101165.0191
101165.0191
101165.0191
101165.0191
101165.019
101165.019
101165.0189
101165.0188
101165.0188
101165.0187
101165.0186
101165.0185
101165.0184
101165.0182
101165.0181
101165.018
101165.0178
101165.0177
101165.0175
101165.0173
101165.0172
101165.017
101165.0168
101165.0167
101165.0165
101165.0163
101165.0161
101165.016
101165.0158
101165.0157
101165.0155
101165.0154
101165.0153
101165.0152
101165.0151
101165.015
101165.015
101165.015
101165.0149
101164.9575
101164.9575
101164.9575
101164.9575
101164.9574
101164.9574
101164.9573
101164.9573
101164.9572
101164.9571
101164.9571
101164.957
101164.9569
101164.9568
101164.9566
101164.9565
101164.9564
101164.9562
101164.9561
101164.9559
101164.9558
101164.9556
101164.9555
101164.9553
101164.9551
101164.955
101164.9548
101164.9546
101164.9545
101164.9543
101164.9542
101164.9541
101164.954
101164.9539
101164.9538
101164.9537
101164.9536
101164.9536
101164.9535
101164.9535
101164.8959
101164.8959
101164.8959
101164.8958
101164.8958
101164.8958
101164.8957
101164.8957
101164.8956
101164.8955
101164.8954
101164.8953
101164.8953
101164.8951
101164.895
101164.8949
101164.8948
101164.8947
101164.8945
101164.8944
101164.8942
101164.8941
101164.8939
101164.8938
101164.8936
101164.8934
101164.8933
101164.8931
101164.893
101164.8929
101164.8927
101164.8926
101164.8925
101164.8924
101164.8923
101164.8923
101164.8922
101164.8922
101164.8921
101164.8921
101164.8343
101164.8343
101164.8342
101164.8342
101164.8342
101164.8341
101164.8341
101164.834
101164.834
101164.8339
101164.8338
101164.8337
101164.8336
101164.8335
101164.8334
101164.8333
101164.8332
101164.8331
101164.8329
101164.8328
101164.8327
101164.8325
101164.8324
101164.8322
101164.8321
101164.8319
101164.8318
101164.8317
101164.8315
101164.8314
101164.8313
101164.8312
101164.8311
101164.831
101164.8309
101164.8308
101164.8308
101164.8307
101164.8307
101164.8307
101164.7726
101164.7726
101164.7726
101164.7726
101164.7726
101164.7725
101164.7725
101164.7724
101164.7724
101164.7723
101164.7722
101164.7721
101164.7721
101164.772
101164.7719
101164.7717
101164.7716
101164.7715
101164.7714
101164.7712
101164.7711
101164.771
101164.7708
101164.7707
101164.7706
101164.7704
101164.7703
101164.7702
101164.77
101164.7699
101164.7698
101164.7697
101164.7696
101164.7695
101164.7694
101164.7694
101164.7693
101164.7693
101164.7693
101164.7693
101164.711
101164.711
101164.711
101164.711
101164.711
101164.7109
101164.7109
101164.7108
101164.7108
101164.7107
101164.7106
101164.7106
101164.7105
101164.7104
101164.7103
101164.7102
101164.7101
101164.7099
101164.7098
101164.7097
101164.7096
101164.7094
101164.7093
101164.7092
101164.709
101164.7089
101164.7088
101164.7087
101164.7086
101164.7084
101164.7083
101164.7082
101164.7081
101164.7081
101164.708
101164.7079
101164.7079
101164.7079
101164.7078
101164.7078
101164.6494
101164.6494
101164.6494
101164.6494
101164.6494
101164.6493
101164.6493
101164.6492
101164.6492
101164.6491
101164.649
101164.649
101164.6489
101164.6488
101164.6487
101164.6486
101164.6485
101164.6484
101164.6483
101164.6481
101164.648
101164.6479
101164.6478
101164.6477
101164.6475
101164.6474
101164.6473
101164.6472
101164.6471
101164.647
101164.6469
101164.6468
101164.6467
101164.6466
101164.6465
101164.6465
101164.6465
101164.6464
101164.6464
101164.6464
101164.5878
101164.5878
101164.5878
101164.5878
101164.5878
101164.5877
101164.5877
101164.5876
101164.5876
101164.5875
101164.5875
101164.5874
101164.5873
101164.5872
101164.5871
101164.587
101164.5869
101164.5868
101164.5867
101164.5866
101164.5865
101164.5864
101164.5863
101164.5861
101164.586
101164.5859
101164.5858
101164.5857
101164.5856
101164.5855
101164.5854
101164.5853
101164.5852
101164.5852
101164.5851
101164.585
101164.585
101164.585
101164.5849
101164.5849
101164.5262
101164.5262
101164.5262
101164.5262
101164.5262
101164.5261
101164.5261
101164.5261
101164.526
101164.5259
101164.5259
101164.5258
101164.5257
101164.5256
101164.5256
101164.5255
101164.5254
101164.5253
101164.5252
101164.5251
101164.5249
101164.5248
101164.5247
101164.5246
101164.5245
101164.5244
101164.5243
101164.5242
101164.5241
101164.524
101164.5239
101164.5238
101164.5238
101164.5237
101164.5236
101164.5236
101164.5235
101164.5235
101164.5235
101164.5235
101164.4647
101164.4647
101164.4646
101164.4646
101164.4646
101164.4646
101164.4645
101164.4645
101164.4644
101164.4644
101164.4643
101164.4642
101164.4642
101164.4641
101164.464
101164.4639
101164.4638
101164.4637
101164.4636
101164.4635
101164.4634
101164.4633
101164.4632
101164.4631
101164.463
101164.4629
101164.4628
101164.4627
101164.4626
101164.4625
101164.4624
101164.4624
101164.4623
101164.4622
101164.4622
101164.4621
101164.4621
101164.4621
101164.462
101164.462
101164.4031
101164.4031
101164.4031
101164.403
101164.403
101164.403
101164.403
101164.4029
101164.4029
101164.4028
101164.4027
101164.4027
101164.4026
101164.4025
101164.4024
101164.4024
101164.4023
101164.4022
101164.4021
101164.402
101164.4019
101164.4018
101164.4017
101164.4016
101164.4015
101164.4014
101164.4013
101164.4012
101164.4011
101164.401
101164.4009
101164.4009
101164.4008
101164.4008
101164.4007
101164.4007
101164.4006
101164.4006
101164.4006
101164.4006
101164.3415
101164.3415
101164.3415
101164.3415
101164.3415
101164.3414
101164.3414
101164.3413
101164.3413
101164.3412
101164.3412
101164.3411
101164.341
101164.341
101164.3409
101164.3408
101164.3407
101164.3406
101164.3405
101164.3404
101164.3404
101164.3403
101164.3402
101164.3401
101164.34
101164.3399
101164.3398
101164.3397
101164.3396
101164.3395
101164.3395
101164.3394
101164.3393
101164.3393
101164.3392
101164.3392
101164.3392
101164.3391
101164.3391
101164.3391
101164.2799
101164.2799
101164.2799
101164.2799
101164.2799
101164.2799
101164.2798
101164.2798
101164.2797
101164.2797
101164.2796
101164.2796
101164.2795
101164.2794
101164.2793
101164.2793
101164.2792
101164.2791
101164.279
101164.2789
101164.2788
101164.2787
101164.2786
101164.2786
101164.2785
101164.2784
101164.2783
101164.2782
101164.2781
101164.278
101164.278
101164.2779
101164.2779
101164.2778
101164.2778
101164.2777
101164.2777
101164.2777
101164.2777
101164.2776
101164.2184
101164.2184
101164.2184
101164.2184
101164.2183
101164.2183
101164.2183
101164.2182
101164.2182
101164.2181
101164.2181
101164.218
101164.2179
101164.2179
101164.2178
101164.2177
101164.2176
101164.2176
101164.2175
101164.2174
101164.2173
101164.2172
101164.2171
101164.217
101164.217
101164.2169
101164.2168
101164.2167
101164.2166
101164.2166
101164.2165
101164.2164
101164.2164
101164.2163
101164.2163
101164.2162
101164.2162
101164.2162
101164.2162
101164.2162
101164.1568
101164.1568
101164.1568
101164.1568
101164.1568
101164.1567
101164.1567
101164.1567
101164.1566
101164.1566
101164.1565
101164.1565
101164.1564
101164.1563
101164.1563
101164.1562
101164.1561
101164.156
101164.156
101164.1559
101164.1558
101164.1557
101164.1556
101164.1555
101164.1554
101164.1554
101164.1553
101164.1552
101164.1551
101164.1551
101164.155
101164.1549
101164.1549
101164.1548
101164.1548
101164.1548
101164.1547
101164.1547
101164.1547
101164.1547
101164.0953
101164.0953
101164.0953
101164.0952
101164.0952
101164.0952
101164.0952
101164.0951
101164.0951
101164.095
101164.095
101164.0949
101164.0949
101164.0948
101164.0947
101164.0947
101164.0946
101164.0945
101164.0944
101164.0943
101164.0943
101164.0942
101164.0941
101164.094
101164.0939
101164.0939
101164.0938
101164.0937
101164.0936
101164.0936
101164.0935
101164.0935
101164.0934
101164.0934
101164.0933
101164.0933
101164.0933
101164.0932
101164.0932
101164.0932
101164.0337
101164.0337
101164.0337
101164.0337
101164.0337
101164.0337
101164.0336
101164.0336
101164.0335
101164.0335
101164.0334
101164.0334
101164.0333
101164.0333
101164.0332
101164.0331
101164.0331
101164.033
101164.0329
101164.0328
101164.0327
101164.0327
101164.0326
101164.0325
101164.0324
101164.0324
101164.0323
101164.0322
101164.0321
101164.0321
101164.032
101164.032
101164.0319
101164.0319
101164.0318
101164.0318
101164.0318
101164.0318
101164.0318
101164.0317
101163.9722
101163.9722
101163.9722
101163.9722
101163.9721
101163.9721
101163.9721
101163.9721
101163.972
101163.972
101163.9719
101163.9719
101163.9718
101163.9717
101163.9717
101163.9716
101163.9715
101163.9715
101163.9714
101163.9713
101163.9712
101163.9712
101163.9711
101163.971
101163.9709
101163.9709
101163.9708
101163.9707
101163.9707
101163.9706
101163.9705
101163.9705
101163.9704
101163.9704
101163.9704
101163.9703
101163.9703
101163.9703
101163.9703
101163.9703
101163.9107
101163.9107
101163.9106
101163.9106
101163.9106
101163.9106
101163.9106
101163.9105
101163.9105
101163.9104
101163.9104
101163.9103
101163.9103
101163.9102
101163.9101
101163.9101
101163.91
101163.9099
101163.9099
101163.9098
101163.9097
101163.9096
101163.9096
101163.9095
101163.9094
101163.9094
101163.9093
101163.9092
101163.9092
101163.9091
101163.909
101163.909
101163.9089
101163.9089
101163.9089
101163.9088
101163.9088
101163.9088
101163.9088
101163.9088
101163.8491
101163.8491
101163.8491
101163.8491
101163.8491
101163.8491
101163.849
101163.849
101163.849
101163.8489
101163.8489
101163.8488
101163.8487
101163.8487
101163.8486
101163.8486
101163.8485
101163.8484
101163.8484
101163.8483
101163.8482
101163.8481
101163.8481
101163.848
101163.8479
101163.8478
101163.8478
101163.8477
101163.8477
101163.8476
101163.8475
101163.8475
101163.8475
101163.8474
101163.8474
101163.8473
101163.8473
101163.8473
101163.8473
101163.8473
101163.7876
101163.7876
101163.7876
101163.7876
101163.7876
101163.7875
101163.7875
101163.7875
101163.7874
101163.7874
101163.7873
101163.7873
101163.7872
101163.7872
101163.7871
101163.787
101163.787
101163.7869
101163.7868
101163.7868
101163.7867
101163.7866
101163.7866
101163.7865
101163.7864
101163.7863
101163.7863
101163.7862
101163.7862
101163.7861
101163.786
101163.786
101163.786
101163.7859
101163.7859
101163.7859
101163.7858
101163.7858
101163.7858
101163.7858
101163.7261
101163.7261
101163.7261
101163.7261
101163.726
101163.726
101163.726
101163.7259
101163.7259
101163.7259
101163.7258
101163.7258
101163.7257
101163.7257
101163.7256
101163.7255
101163.7255
101163.7254
101163.7253
101163.7253
101163.7252
101163.7251
101163.725
101163.725
101163.7249
101163.7248
101163.7248
101163.7247
101163.7247
101163.7246
101163.7246
101163.7245
101163.7245
101163.7244
101163.7244
101163.7244
101163.7243
101163.7243
101163.7243
101163.7243
101163.6646
101163.6646
101163.6646
101163.6645
101163.6645
101163.6645
101163.6645
101163.6644
101163.6644
101163.6644
101163.6643
101163.6643
101163.6642
101163.6641
101163.6641
101163.664
101163.664
101163.6639
101163.6638
101163.6637
101163.6637
101163.6636
101163.6635
101163.6635
101163.6634
101163.6633
101163.6633
101163.6632
101163.6632
101163.6631
101163.6631
101163.663
101163.663
101163.6629
101163.6629
101163.6629
101163.6628
101163.6628
101163.6628
101163.6628
101163.6031
101163.6031
101163.603
101163.603
101163.603
101163.603
101163.603
101163.6029
101163.6029
101163.6028
101163.6028
101163.6027
101163.6027
101163.6026
101163.6026
101163.6025
101163.6024
101163.6024
101163.6023
101163.6022
101163.6022
101163.6021
101163.602
101163.602
101163.6019
101163.6018
101163.6018
101163.6017
101163.6017
101163.6016
101163.6016
101163.6015
101163.6015
101163.6014
101163.6014
101163.6014
101163.6013
101163.6013
101163.6013
101163.6013
101163.5416
101163.5415
101163.5415
101163.5415
101163.5415
101163.5415
101163.5414
101163.5414
101163.5414
101163.5413
101163.5413
101163.5412
101163.5412
101163.5411
101163.5411
101163.541
101163.5409
101163.5409
101163.5408
101163.5407
101163.5407
101163.5406
101163.5405
101163.5405
101163.5404
101163.5403
101163.5403
101163.5402
101163.5402
101163.5401
101163.54
101163.54
101163.54
101163.5399
101163.5399
101163.5399
101163.5398
101163.5398
101163.5398
101163.5398
)
;

boundaryField
{
    front
    {
        type            wedge;
    }
    back
    {
        type            wedge;
    }
    tankWall
    {
        type            calculated;
        value           nonuniform List<scalar> 
120
(
102028.5343
102013.8733
101999.1512
101984.4445
101969.7466
101955.0524
101940.3612
101925.6727
101910.9854
101896.2961
101881.6022
101866.9038
101852.1993
101837.4876
101822.768
101808.0406
101793.3055
101778.5635
101763.8155
101749.0623
101734.3052
101719.5454
101704.784
101690.0219
101675.2597
101660.4975
101645.7349
101630.9711
101616.2046
101601.4338
101586.6567
101571.8713
101557.0757
101542.2688
101527.4497
101512.6187
101497.7783
101482.9319
101468.084
101453.2395
101438.403
101423.5787
101408.7694
101393.9769
101379.2012
101364.4391
101349.682
101334.9141
101320.1116
101305.2387
101290.2552
101275.1656
101260.1195
101245.5326
101231.9315
101219.8838
101209.8625
101201.7159
101194.6229
101187.4227
101179.2475
101171.3611
101168.2585
101166.9672
101166.9073
101166.847
101166.7866
101166.7262
101166.6657
101166.6051
101166.5444
101166.4837
101166.4229
101166.362
101166.3011
101166.2401
101166.1791
101166.1181
101166.057
101165.9958
101165.9347
101165.8735
101165.8123
101165.751
101165.6898
101165.6285
101165.5672
101165.5059
101165.4446
101165.3832
101165.3219
101165.2605
101165.1991
101165.1377
101165.0763
101165.0149
101164.9535
101164.8921
101164.8307
101164.7693
101164.7078
101164.6464
101164.5849
101164.5235
101164.462
101164.4006
101164.3391
101164.2776
101164.2162
101164.1547
101164.0932
101164.0317
101163.9703
101163.9088
101163.8473
101163.7858
101163.7243
101163.6628
101163.6013
101163.5398
)
;
    }
    bottom
    {
        type            calculated;
        value           nonuniform List<scalar> 
40
(
102032.0577
102032.0579
102032.0582
102032.0587
102032.0594
102032.0602
102032.0612
102032.0623
102032.0636
102032.0652
102032.0669
102032.0688
102032.071
102032.0735
102032.0762
102032.0792
102032.0826
102032.0863
102032.0904
102032.095
102032.1
102032.1055
102032.1115
102032.1181
102032.1254
102032.1332
102032.1417
102032.1509
102032.1608
102032.1712
102032.1822
102032.1936
102032.2052
102032.2169
102032.2282
102032.2387
102032.2484
102032.2522
102032.2761
102032.1569
)
;
    }
    top
    {
        type            calculated;
        value           nonuniform List<scalar> 
40
(
101163.5264
101163.5264
101163.5263
101163.5263
101163.5263
101163.5263
101163.5263
101163.5262
101163.5262
101163.5261
101163.5261
101163.526
101163.526
101163.5259
101163.5259
101163.5258
101163.5257
101163.5257
101163.5256
101163.5255
101163.5255
101163.5254
101163.5253
101163.5253
101163.5252
101163.5251
101163.5251
101163.525
101163.525
101163.5249
101163.5249
101163.5248
101163.5248
101163.5247
101163.5247
101163.5247
101163.5247
101163.5246
101163.5246
101163.5246
)
;
    }
    axis
    {
        type            empty;
    }
}


// ************************************************************************* //
