/*--------------------------------*- C++ -*----------------------------------*\
| =========                 |                                                 |
| \\      /  F ield         | OpenFOAM: The Open Source CFD Toolbox           |
|  \\    /   O peration     | Version:  v1912                                 |
|   \\  /    A nd           | Website:  www.openfoam.com                      |
|    \\/     M anipulation  |                                                 |
\*---------------------------------------------------------------------------*/
FoamFile
{
    version     2.0;
    format      ascii;
    class       volScalarField;
    location    "0.4";
    object      p_rgh;
}
// * * * * * * * * * * * * * * * * * * * * * * * * * * * * * * * * * * * * * //

dimensions      [1 -1 -2 0 0 0 0];


internalField   nonuniform List<scalar> 
4800
(
102032.0577
102032.0579
102032.0582
102032.0587
102032.0594
102032.0602
102032.0612
102032.0623
102032.0636
102032.0652
102032.0669
102032.0688
102032.071
102032.0735
102032.0762
102032.0792
102032.0826
102032.0863
102032.0904
102032.095
102032.1
102032.1055
102032.1115
102032.1181
102032.1254
102032.1332
102032.1417
102032.1509
102032.1608
102032.1712
102032.1822
102032.1936
102032.2052
102032.2169
102032.2282
102032.2387
102032.2484
102032.2522
102032.2761
102032.1569
102024.7013
102024.7014
102024.7018
102024.7022
102024.7029
102024.7037
102024.7047
102024.7058
102024.7071
102024.7086
102024.7103
102024.7123
102024.7145
102024.7169
102024.7196
102024.7226
102024.7259
102024.7296
102024.7337
102024.7382
102024.7432
102024.7487
102024.7547
102024.7613
102024.7685
102024.7763
102024.7848
102024.794
102024.8038
102024.8143
102024.8253
102024.8368
102024.8485
102024.8603
102024.8718
102024.8826
102024.8924
102024.8978
102024.9131
102024.6938
102017.3445
102017.3447
102017.345
102017.3455
102017.3462
102017.3469
102017.3479
102017.349
102017.3503
102017.3518
102017.3535
102017.3554
102017.3576
102017.36
102017.3626
102017.3656
102017.3689
102017.3725
102017.3765
102017.381
102017.3859
102017.3913
102017.3973
102017.4038
102017.411
102017.4188
102017.4273
102017.4364
102017.4463
102017.4567
102017.4678
102017.4794
102017.4914
102017.5035
102017.5154
102017.5267
102017.537
102017.5444
102017.5493
102017.0886
102009.9876
102009.9878
102009.9881
102009.9886
102009.9892
102009.99
102009.9909
102009.992
102009.9933
102009.9947
102009.9964
102009.9983
102010.0004
102010.0027
102010.0053
102010.0082
102010.0114
102010.015
102010.019
102010.0233
102010.0282
102010.0335
102010.0394
102010.0458
102010.0529
102010.0606
102010.0691
102010.0782
102010.088
102010.0986
102010.1098
102010.1216
102010.1338
102010.1464
102010.1589
102010.1709
102010.1821
102010.1914
102010.1833
102009.43
102002.6304
102002.6306
102002.6309
102002.6314
102002.632
102002.6327
102002.6337
102002.6347
102002.636
102002.6374
102002.639
102002.6408
102002.6429
102002.6452
102002.6477
102002.6505
102002.6536
102002.6571
102002.661
102002.6652
102002.6699
102002.6751
102002.6809
102002.6872
102002.6942
102002.7019
102002.7102
102002.7193
102002.7291
102002.7398
102002.7511
102002.7631
102002.7758
102002.7888
102002.8021
102002.8152
102002.8276
102002.8386
102002.814
102001.7284
101995.273
101995.2732
101995.2735
101995.274
101995.2746
101995.2753
101995.2762
101995.2772
101995.2784
101995.2798
101995.2814
101995.2831
101995.2851
101995.2873
101995.2897
101995.2924
101995.2955
101995.2988
101995.3025
101995.3067
101995.3112
101995.3163
101995.3219
101995.3281
101995.3349
101995.3424
101995.3507
101995.3597
101995.3696
101995.3802
101995.3917
101995.404
101995.4171
101995.4308
101995.4449
101995.4593
101995.4733
101995.4866
101995.4408
101993.9951
101987.9154
101987.9156
101987.9159
101987.9164
101987.9169
101987.9176
101987.9185
101987.9195
101987.9206
101987.922
101987.9235
101987.9251
101987.927
101987.9291
101987.9314
101987.934
101987.9369
101987.9401
101987.9437
101987.9476
101987.952
101987.9569
101987.9623
101987.9683
101987.975
101987.9824
101987.9905
101987.9994
101988.0092
101988.0199
101988.0316
101988.0442
101988.0577
101988.0721
101988.0873
101988.1031
101988.1191
101988.1353
101988.0638
101986.2368
101980.5576
101980.5578
101980.5581
101980.5585
101980.5591
101980.5598
101980.5606
101980.5615
101980.5626
101980.5639
101980.5653
101980.5669
101980.5687
101980.5706
101980.5728
101980.5753
101980.578
101980.5811
101980.5844
101980.5882
101980.5924
101980.597
101980.6022
101980.608
101980.6145
101980.6216
101980.6296
101980.6384
101980.6481
101980.6589
101980.6706
101980.6835
101980.6976
101980.7127
101980.729
101980.7464
101980.7646
101980.7839
101980.6825
101978.4647
101973.1996
101973.1998
101973.2001
101973.2005
101973.201
101973.2017
101973.2024
101973.2033
101973.2044
101973.2056
101973.2069
101973.2084
101973.21
101973.2119
101973.214
101973.2162
101973.2188
101973.2216
101973.2248
101973.2283
101973.2322
101973.2367
101973.2416
101973.2471
101973.2533
101973.2602
101973.2679
101973.2766
101973.2862
101973.2969
101973.3088
101973.322
101973.3365
101973.3524
101973.3698
101973.3888
101973.4092
101973.4318
101973.3008
101970.681
101965.8414
101965.8416
101965.8419
101965.8423
101965.8428
101965.8434
101965.8441
101965.8449
101965.8459
101965.847
101965.8483
101965.8496
101965.8512
101965.8529
101965.8548
101965.8569
101965.8592
101965.8618
101965.8648
101965.868
101965.8717
101965.8758
101965.8804
101965.8856
101965.8915
101965.8981
101965.9056
101965.914
101965.9235
101965.9341
101965.946
101965.9594
101965.9743
101965.9909
101966.0094
101966.03
101966.0528
101966.0786
101965.9044
101962.8875
101958.483
101958.4832
101958.4835
101958.4839
101958.4843
101958.4849
101958.4856
101958.4864
101958.4873
101958.4883
101958.4894
101958.4907
101958.4921
101958.4936
101958.4953
101958.4972
101958.4994
101958.5017
101958.5044
101958.5073
101958.5107
101958.5145
101958.5187
101958.5236
101958.5291
101958.5354
101958.5425
101958.5506
101958.5598
101958.5703
101958.5822
101958.5957
101958.6109
101958.6281
101958.6477
101958.6698
101958.6948
101958.724
101958.4973
101955.0806
101951.1245
101951.1247
101951.1249
101951.1253
101951.1257
101951.1262
101951.1269
101951.1276
101951.1284
101951.1293
101951.1304
101951.1315
101951.1327
101951.1341
101951.1356
101951.1373
101951.1392
101951.1413
101951.1436
101951.1463
101951.1493
101951.1526
101951.1565
101951.161
101951.1661
101951.1719
101951.1786
101951.1864
101951.1953
101951.2055
101951.2172
101951.2307
101951.2462
101951.2639
101951.2842
101951.3077
101951.3347
101951.3669
101951.0807
101947.258
101943.7658
101943.766
101943.7662
101943.7665
101943.7669
101943.7674
101943.768
101943.7686
101943.7694
101943.7702
101943.7711
101943.7721
101943.7732
101943.7744
101943.7757
101943.7772
101943.7788
101943.7806
101943.7826
101943.7848
101943.7874
101943.7904
101943.7938
101943.7978
101943.8024
101943.8078
101943.814
101943.8213
101943.8298
101943.8396
101943.8511
101943.8645
101943.88
101943.898
101943.9189
101943.9434
101943.972
101944.0067
101943.6541
101939.4156
101936.4069
101936.4071
101936.4073
101936.4076
101936.408
101936.4084
101936.409
101936.4095
101936.4102
101936.4109
101936.4117
101936.4126
101936.4135
101936.4145
101936.4156
101936.4168
101936.4181
101936.4196
101936.4212
101936.4231
101936.4252
101936.4277
101936.4307
101936.4341
101936.4381
101936.4429
101936.4486
101936.4553
101936.4633
101936.4727
101936.4838
101936.4968
101936.5122
101936.5302
101936.5515
101936.5766
101936.6064
101936.6428
101936.2157
101931.5486
101929.0479
101929.0481
101929.0483
101929.0486
101929.0489
101929.0493
101929.0498
101929.0503
101929.0509
101929.0515
101929.0522
101929.0529
101929.0536
101929.0544
101929.0553
101929.0562
101929.0572
101929.0583
101929.0596
101929.061
101929.0627
101929.0647
101929.067
101929.0699
101929.0733
101929.0774
101929.0824
101929.0885
101929.0958
101929.1046
101929.1151
101929.1277
101929.1427
101929.1606
101929.1818
101929.2071
101929.2374
101929.2746
101928.764
101923.6524
101921.6887
101921.689
101921.6892
101921.6894
101921.6897
101921.6901
101921.6905
101921.6909
101921.6914
101921.6919
101921.6925
101921.693
101921.6936
101921.6942
101921.6948
101921.6955
101921.6961
101921.6969
101921.6977
101921.6987
101921.6998
101921.7012
101921.703
101921.7052
101921.7079
101921.7113
101921.7155
101921.7208
101921.7273
101921.7354
101921.7452
101921.7571
101921.7715
101921.7888
101921.8097
101921.8348
101921.865
101921.902
101921.2981
101915.723
101914.3295
101914.3297
101914.3299
101914.3301
101914.3304
101914.3307
101914.3311
101914.3314
101914.3319
101914.3323
101914.3327
101914.3331
101914.3335
101914.3339
101914.3342
101914.3346
101914.3349
101914.3353
101914.3356
101914.3361
101914.3367
101914.3375
101914.3386
101914.34
101914.3419
101914.3445
101914.3479
101914.3522
101914.3579
101914.365
101914.3739
101914.3849
101914.3985
101914.4151
101914.4352
101914.4595
101914.489
101914.5248
101913.8178
101907.7572
101906.9701
101906.9703
101906.9705
101906.9707
101906.971
101906.9712
101906.9715
101906.9719
101906.9722
101906.9725
101906.9728
101906.9731
101906.9733
101906.9734
101906.9735
101906.9736
101906.9735
101906.9735
101906.9734
101906.9733
101906.9733
101906.9734
101906.9738
101906.9744
101906.9755
101906.9771
101906.9795
101906.9829
101906.9874
101906.9934
101907.0012
101907.0112
101907.0237
101907.0392
101907.0582
101907.0814
101907.1096
101907.1431
101906.323
101899.7533
101899.6106
101899.6108
101899.611
101899.6112
101899.6114
101899.6117
101899.6119
101899.6122
101899.6125
101899.6127
101899.6129
101899.613
101899.613
101899.6129
101899.6128
101899.6125
101899.6121
101899.6116
101899.611
101899.6104
101899.6098
101899.6092
101899.6087
101899.6084
101899.6085
101899.6092
101899.6104
101899.6126
101899.616
101899.6208
101899.6273
101899.6359
101899.6471
101899.6612
101899.6788
101899.7004
101899.7268
101899.7572
101898.8136
101891.7104
101892.2511
101892.2513
101892.2514
101892.2516
101892.2518
101892.252
101892.2523
101892.2525
101892.2527
101892.2528
101892.2529
101892.2528
101892.2527
101892.2524
101892.252
101892.2514
101892.2506
101892.2497
101892.2486
101892.2474
101892.246
101892.2447
101892.2433
101892.2421
101892.2412
101892.2407
101892.2408
101892.2417
101892.2436
101892.247
101892.252
101892.2591
101892.2687
101892.2812
101892.297
101892.3167
101892.3409
101892.3675
101891.2899
101883.6289
101884.8914
101884.8916
101884.8918
101884.8919
101884.8921
101884.8923
101884.8925
101884.8927
101884.8928
101884.8929
101884.8929
101884.8927
101884.8924
101884.8919
101884.8912
101884.8903
101884.8892
101884.8878
101884.8861
101884.8843
101884.8823
101884.8801
101884.8778
101884.8756
101884.8735
101884.8718
101884.8705
101884.87
101884.8704
101884.8721
101884.8755
101884.8808
101884.8886
101884.8992
101884.913
101884.9305
101884.9523
101884.9745
101883.7524
101875.5102
101877.5317
101877.5319
101877.532
101877.5322
101877.5324
101877.5326
101877.5328
101877.5329
101877.533
101877.533
101877.5329
101877.5326
101877.5321
101877.5314
101877.5305
101877.5293
101877.5277
101877.5259
101877.5237
101877.5212
101877.5184
101877.5154
101877.5122
101877.5089
101877.5056
101877.5025
101877.4997
101877.4976
101877.4964
101877.4963
101877.4978
101877.5011
101877.5068
101877.5152
101877.5268
101877.5419
101877.5609
101877.5783
101876.2027
101867.3566
101870.1719
101870.1721
101870.1722
101870.1724
101870.1726
101870.1728
101870.1729
101870.1731
101870.1731
101870.1731
101870.1729
101870.1725
101870.1719
101870.171
101870.1698
101870.1683
101870.1664
101870.1641
101870.1614
101870.1582
101870.1547
101870.1507
101870.1465
101870.142
101870.1374
101870.1329
101870.1285
101870.1247
101870.1216
101870.1195
101870.1189
101870.1201
101870.1235
101870.1295
101870.1385
101870.1509
101870.1669
101870.1791
101868.6423
101859.1711
101862.812
101862.8122
101862.8123
101862.8125
101862.8127
101862.8129
101862.8131
101862.8132
101862.8133
101862.8132
101862.8129
101862.8125
101862.8117
101862.8107
101862.8093
101862.8075
101862.8052
101862.8025
101862.7992
101862.7954
101862.791
101862.7862
101862.7809
101862.7751
101862.7692
101862.763
101862.757
101862.7513
101862.7461
101862.7419
101862.7389
101862.7377
101862.7385
101862.742
101862.7483
101862.7579
101862.7709
101862.7781
101861.0708
101850.9567
101855.452
101855.4522
101855.4524
101855.4526
101855.4528
101855.453
101855.4532
101855.4534
101855.4534
101855.4533
101855.453
101855.4525
101855.4517
101855.4505
101855.4489
101855.4469
101855.4442
101855.441
101855.4372
101855.4327
101855.4276
101855.4218
101855.4153
101855.4083
101855.4009
101855.3931
101855.3852
101855.3774
101855.3701
101855.3634
101855.3579
101855.354
101855.3522
101855.3528
101855.3563
101855.363
101855.3731
101855.3752
101853.4884
101842.7166
101848.092
101848.0922
101848.0923
101848.0926
101848.0928
101848.0931
101848.0933
101848.0935
101848.0936
101848.0935
101848.0933
101848.0927
101848.0918
101848.0905
101848.0888
101848.0865
101848.0835
101848.0799
101848.0756
101848.0704
101848.0644
101848.0577
101848.0501
101848.0417
101848.0327
101848.0232
101848.0133
101848.0033
101847.9935
101847.9843
101847.9761
101847.9692
101847.9643
101847.9619
101847.9623
101847.9661
101847.9734
101847.9705
101845.8955
101834.4538
101840.7319
101840.732
101840.7322
101840.7325
101840.7328
101840.7331
101840.7334
101840.7337
101840.7338
101840.7338
101840.7336
101840.733
101840.7321
101840.7308
101840.7289
101840.7264
101840.7231
101840.7191
101840.7143
101840.7085
101840.7017
101840.6939
101840.6851
101840.6754
101840.6648
101840.6534
101840.6414
101840.629
101840.6167
101840.6046
101840.5934
101840.5834
101840.5752
101840.5694
101840.5666
101840.5672
101840.5718
101840.5639
101838.2926
101826.1713
101833.3716
101833.3718
101833.3721
101833.3724
101833.3727
101833.3731
101833.3735
101833.3739
101833.3741
101833.3742
101833.374
101833.3735
101833.3726
101833.3712
101833.3693
101833.3666
101833.3631
101833.3588
101833.3534
101833.347
101833.3394
101833.3307
101833.3207
101833.3095
101833.2972
101833.2838
101833.2696
101833.2547
101833.2396
101833.2245
101833.2099
101833.1965
101833.1847
101833.1753
101833.1689
101833.1662
101833.168
101833.155
101830.6796
101817.8717
101826.0113
101826.0115
101826.0118
101826.0121
101826.0126
101826.0131
101826.0136
101826.014
101826.0144
101826.0146
101826.0145
101826.0141
101826.0133
101826.012
101826.01
101826.0072
101826.0036
101825.9989
101825.9931
101825.9861
101825.9778
101825.968
101825.9568
101825.9442
101825.9301
101825.9147
101825.8981
101825.8806
101825.8624
101825.8441
101825.8259
101825.8087
101825.7929
101825.7795
101825.7692
101825.7629
101825.7617
101825.7431
101823.0554
101809.5571
101818.6509
101818.6511
101818.6514
101818.6518
101818.6524
101818.653
101818.6536
101818.6542
101818.6547
101818.6551
101818.6552
101818.655
101818.6543
101818.653
101818.651
101818.6482
101818.6445
101818.6396
101818.6334
101818.6259
101818.6168
101818.6061
101818.5937
101818.5796
101818.5637
101818.5462
101818.5271
101818.5068
101818.4854
101818.4635
101818.4415
101818.4201
101818.4
101818.3821
101818.3674
101818.3571
101818.3523
101818.3276
101815.418
101801.2281
101811.2903
101811.2905
101811.2909
101811.2914
101811.292
101811.2928
101811.2936
101811.2944
101811.2951
101811.2957
101811.296
101811.296
101811.2955
101811.2944
101811.2925
101811.2898
101811.2859
101811.2809
101811.2745
101811.2664
101811.2567
101811.2451
101811.2315
101811.2159
101811.1982
101811.1785
101811.1568
101811.1335
101811.1087
101811.083
101811.0568
101811.0308
101811.0059
101810.9831
101810.9634
101810.9484
101810.9395
101810.9076
101807.7658
101792.8833
101803.9295
101803.9297
101803.9302
101803.9308
101803.9316
101803.9325
101803.9335
101803.9345
101803.9355
101803.9364
101803.9369
101803.9372
101803.9369
101803.9361
101803.9344
101803.9318
101803.928
101803.9229
101803.9163
101803.9079
101803.8975
101803.8851
101803.8704
101803.8533
101803.8337
101803.8118
101803.7874
101803.7609
101803.7325
101803.7027
101803.672
101803.6411
101803.6108
101803.5824
101803.5571
101803.5366
101803.5229
101803.4822
101800.0962
101784.518
101796.5685
101796.5688
101796.5693
101796.57
101796.571
101796.5721
101796.5734
101796.5746
101796.5759
101796.5771
101796.578
101796.5786
101796.5787
101796.5781
101796.5768
101796.5744
101796.5708
101796.5657
101796.5589
101796.5503
101796.5395
101796.5262
101796.5105
101796.4919
101796.4706
101796.4463
101796.4192
101796.3894
101796.3572
101796.323
101796.2874
101796.251
101796.215
101796.1803
101796.1486
101796.1216
101796.1022
101796.0512
101792.4069
101776.1244
101789.2073
101789.2076
101789.2082
101789.2091
101789.2102
101789.2116
101789.2131
101789.2147
101789.2163
101789.2178
101789.2191
101789.2201
101789.2207
101789.2205
101789.2196
101789.2175
101789.2142
101789.2093
101789.2026
101789.1938
101789.1826
101789.1687
101789.152
101789.1321
101789.1089
101789.0823
101789.0524
101789.0192
101788.9829
101788.9441
101788.9032
101788.861
101788.8185
101788.7769
101788.7377
101788.703
101788.6758
101788.6118
101784.6985
101767.6916
101781.8459
101781.8462
101781.8468
101781.8479
101781.8492
101781.8508
101781.8526
101781.8546
101781.8566
101781.8585
101781.8604
101781.8619
101781.8629
101781.8633
101781.8628
101781.8613
101781.8584
101781.8538
101781.8473
101781.8385
101781.8271
101781.8127
101781.7951
101781.7739
101781.749
101781.7201
101781.6873
101781.6505
101781.6101
101781.5663
101781.5198
101781.4713
101781.4217
101781.3724
101781.3248
101781.281
101781.2436
101781.1633
101776.9698
101759.2061
101774.484
101774.4844
101774.4852
101774.4864
101774.4879
101774.4898
101774.492
101774.4943
101774.4968
101774.4993
101774.5016
101774.5037
101774.5054
101774.5064
101774.5066
101774.5057
101774.5033
101774.4992
101774.4931
101774.4845
101774.473
101774.4583
101774.44
101774.4177
101774.3911
101774.36
101774.3243
101774.2839
101774.2391
101774.1901
101774.1376
101774.0822
101774.025
101773.9672
101773.9103
101773.8562
101773.8074
101773.7084
101769.2182
101750.6542
101767.1218
101767.1222
101767.1231
101767.1245
101767.1263
101767.1285
101767.1311
101767.1338
101767.1368
101767.1399
101767.1429
101767.1456
101767.148
101767.1499
101767.1508
101767.1507
101767.1491
101767.1457
101767.1401
101767.1319
101767.1206
101767.1058
101767.0869
101767.0636
101767.0355
101767.0023
101766.9637
101766.9196
101766.8703
101766.8159
101766.757
101766.6943
101766.6289
101766.5618
101766.4946
101766.4291
101766.3675
101766.2472
101761.4465
101742.0264
101759.7592
101759.7596
101759.7606
101759.7622
101759.7643
101759.7669
101759.7698
101759.7731
101759.7767
101759.7803
101759.784
101759.7876
101759.7909
101759.7936
101759.7955
101759.7963
101759.7956
101759.7931
101759.7883
101759.7807
101759.7699
101759.7552
101759.7361
101759.7121
101759.6826
101759.6473
101759.6059
101759.5581
101759.5041
101759.444
101759.3785
101759.3081
101759.2338
101759.1568
101759.0785
101759.0005
101758.9249
101758.7809
101753.658
101733.3191
101752.396
101752.3965
101752.3977
101752.3995
101752.4019
101752.4048
101752.4082
101752.412
101752.4162
101752.4206
101752.4251
101752.4296
101752.4338
101752.4375
101752.4405
101752.4424
101752.4429
101752.4416
101752.4378
101752.4312
101752.421
101752.4068
101752.3877
101752.3632
101752.3326
101752.2955
101752.2513
101752.1999
101752.1411
101752.0751
101752.0025
101751.924
101751.8403
101751.7529
101751.6628
101751.5715
101751.4807
101751.3111
101745.8574
101724.5381
101745.0323
101745.0328
101745.0341
101745.0362
101745.0389
101745.0422
101745.0461
101745.0505
101745.0554
101745.0606
101745.066
101745.0714
101745.0767
101745.0816
101745.0859
101745.0892
101745.091
101745.091
101745.0886
101745.0832
101745.0741
101745.0606
101745.042
101745.0173
101744.986
101744.9472
101744.9005
101744.8454
101744.7818
101744.7098
101744.6298
101744.5426
101744.4491
101744.3506
101744.2481
101744.1429
101744.0363
101743.8397
101738.0493
101715.6995
101737.6679
101737.6685
101737.67
101737.6722
101737.6753
101737.679
101737.6835
101737.6885
101737.6941
101737.7001
101737.7065
101737.713
101737.7195
101737.7258
101737.7315
101737.7363
101737.7398
101737.7415
101737.7407
101737.7369
101737.7293
101737.717
101737.6991
101737.6747
101737.643
101737.6029
101737.5538
101737.4952
101737.4267
101737.3485
101737.2609
101737.1646
101737.0608
101736.9506
101736.8353
101736.7158
101736.5932
101736.369
101730.2378
101706.8291
101730.3028
101730.3034
101730.3051
101730.3076
101730.311
101730.3152
101730.3202
101730.3259
101730.3323
101730.3392
101730.3466
101730.3543
101730.3622
101730.3699
101730.3773
101730.3839
101730.3892
101730.3929
101730.3941
101730.3923
101730.3865
101730.3759
101730.3593
101730.3357
101730.3039
101730.263
101730.2119
101730.1499
101730.0766
101729.992
101729.8964
101729.7906
101729.6759
101729.5536
101729.4251
101729.2912
101729.1527
101728.9011
101722.4259
101697.9584
101722.9369
101722.9376
101722.9394
101722.9422
101722.9459
101722.9506
101722.9561
101722.9626
101722.9698
101722.9777
101722.9862
101722.9952
101723.0045
101723.0139
101723.0231
101723.0316
101723.0392
101723.0451
101723.0488
101723.0494
101723.046
101723.0375
101723.0227
101723.0005
101722.9693
101722.928
101722.8753
101722.8102
101722.7322
101722.641
101722.537
101722.4212
101722.295
101722.1601
101722.018
101721.87
101721.7162
101721.4381
101714.6167
101689.1177
101715.57
101715.5708
101715.5728
101715.5758
101715.5799
101715.5851
101715.5913
101715.5984
101715.6065
101715.6154
101715.6251
101715.6355
101715.6464
101715.6575
101715.6687
101715.6795
101715.6895
101715.6981
101715.7045
101715.708
101715.7075
101715.7018
101715.6896
101715.6694
101715.6395
101715.5985
101715.5447
101715.4769
101715.3942
101715.2963
101715.1835
101715.0571
101714.9186
101714.7704
101714.6145
101714.4524
101714.2844
101713.9822
101706.8131
101680.329
101708.2022
101708.203
101708.2052
101708.2085
101708.213
101708.2186
101708.2254
101708.2333
101708.2423
101708.2523
101708.2632
101708.2751
101708.2876
101708.3007
101708.314
101708.3273
101708.34
101708.3516
101708.3613
101708.3682
101708.3712
101708.369
101708.36
101708.3426
101708.3149
101708.2748
101708.2207
101708.1506
101708.0635
101707.9587
101707.8367
101707.6987
101707.5471
101707.3846
101707.2143
101707.0384
101706.8575
101706.5362
101699.0196
101671.6023
101700.8332
101700.8341
101700.8365
101700.8401
101700.845
101700.8511
101700.8585
101700.8671
101700.877
101700.8881
101700.9003
101700.9137
101700.928
101700.9431
101700.9588
101700.9747
101700.9905
101701.0054
101701.0188
101701.0297
101701.0368
101701.0389
101701.0341
101701.0204
101700.9958
101700.9577
101700.904
101700.8324
101700.7412
101700.6294
101700.4975
101700.3469
101700.1806
101700.0025
101699.8168
101699.627
101699.4345
101699.1012
101691.2454
101662.9346
101693.4631
101693.4641
101693.4666
101693.4705
101693.4757
101693.4823
101693.4903
101693.4997
101693.5105
101693.5227
101693.5363
101693.5512
101693.5673
101693.5846
101693.6028
101693.6216
101693.6406
101693.6593
101693.6768
101693.6922
101693.7043
101693.7114
101693.7118
101693.703
101693.6826
101693.6477
101693.5955
101693.5232
101693.4284
101693.3096
101693.1668
101693.0022
101692.8193
101692.6236
101692.421
101692.2167
101692.0133
101691.6739
101683.4983
101654.3126
101686.0917
101686.0928
101686.0954
101686.0996
101686.1052
101686.1123
101686.1209
101686.131
101686.1427
101686.156
101686.1709
101686.1874
101686.2054
101686.2249
101686.2457
101686.2676
101686.2901
101686.3128
101686.335
101686.3556
101686.3733
101686.3865
101686.393
101686.3903
101686.3756
101686.3453
101686.296
101686.2241
101686.1263
101686.0005
101685.8461
101685.6653
101685.4631
101685.2466
101685.0244
101684.803
101684.5879
101684.2503
101675.8102
101645.7142
101678.719
101678.7201
101678.7229
101678.7273
101678.7332
101678.7408
101678.7499
101678.7608
101678.7734
101678.7877
101678.8039
101678.822
101678.8419
101678.8637
101678.8872
101678.9123
101678.9386
101678.9657
101678.9929
101679.0193
101679.0434
101679.0636
101679.0776
101679.0825
101679.075
101679.051
101679.0064
101678.9364
101678.8367
101678.7041
101678.5369
101678.3372
101678.1116
101677.87
101677.6235
101677.3795
101677.1446
101676.8136
101668.2137
101637.1159
101671.3448
101671.346
101671.349
101671.3536
101671.3598
101671.3677
101671.3774
101671.3889
101671.4023
101671.4177
101671.4352
101671.4548
101671.4766
101671.5007
101671.5269
101671.5553
101671.5856
101671.6174
101671.6501
101671.6828
101671.7142
101671.7424
101671.7651
101671.7792
101671.7809
101671.7654
101671.7275
101671.6615
101671.5614
101671.4223
101671.2411
101671.019
101670.7643
101670.4911
101670.2136
101669.9377
101669.6668
101669.3374
101660.6677
101628.4892
101663.9692
101663.9704
101663.9735
101663.9783
101663.9848
101663.9931
101664.0032
101664.0153
101664.0295
101664.0459
101664.0645
101664.0856
101664.1092
101664.1355
101664.1645
101664.1963
101664.2306
101664.2673
101664.3059
101664.3455
101664.3849
101664.4223
101664.4552
101664.4803
101664.4932
101664.4887
101664.4603
101664.4009
101664.3026
101664.1581
101663.9618
101663.7127
101663.4209
101663.1059
101662.7864
101662.462
101662.1258
101661.7746
101653.178
101619.8
101656.592
101656.5933
101656.5964
101656.6014
101656.6081
101656.6167
101656.6272
101656.6399
101656.6547
101656.6719
101656.6917
101656.7141
101656.7395
101656.7679
101656.7996
101656.8347
101656.8731
101656.9149
101656.9595
101657.0065
101657.0547
101657.1023
101657.1469
101657.1849
101657.2116
101657.221
101657.2055
101657.1562
101657.0628
101656.9148
101656.7027
101656.4218
101656.0825
101655.7108
101655.3272
101654.918
101654.4632
101654.0224
101645.6616
101611.0752
101649.2131
101649.2145
101649.2177
101649.2227
101649.2296
101649.2385
101649.2494
101649.2624
101649.2778
101649.2958
101649.3165
101649.3402
101649.3671
101649.3975
101649.4317
101649.47
101649.5125
101649.5593
101649.6103
101649.665
101649.7225
101649.7814
101649.8391
101649.8921
101649.9352
101649.9619
101649.9635
101649.9289
101649.8449
101649.6966
101649.4683
101649.1498
101648.7547
101648.3186
101647.8477
101647.2849
101646.6001
101645.9315
101637.7356
101602.3477
101641.8327
101641.834
101641.8373
101641.8424
101641.8494
101641.8584
101641.8695
101641.8829
101641.8987
101641.9173
101641.9387
101641.9634
101641.9917
101642.0239
101642.0605
101642.1017
101642.1481
101642.1999
101642.2571
101642.3198
101642.3872
101642.4581
101642.5304
101642.6004
101642.6628
101642.7106
101642.7341
101642.7202
101642.6517
101642.5083
101642.2639
101641.9023
101641.45
101640.9653
101640.4076
101639.5937
101638.4836
101637.3603
101628.5993
101593.9083
101634.4505
101634.4519
101634.4552
101634.4603
101634.4673
101634.4763
101634.4876
101634.5012
101634.5173
101634.5362
101634.5583
101634.5838
101634.6131
101634.6468
101634.6854
101634.7293
101634.7792
101634.8357
101634.8991
101634.9697
101635.0472
101635.1309
101635.219
101635.308
101635.3925
101635.4654
101635.5165
101635.5304
101635.486
101635.3554
101635.0978
101634.6905
101634.1785
101633.6205
101632.7723
101631.3434
101629.6876
101628.2853
101617.9731
101586.3738
101627.0668
101627.0682
101627.0714
101627.0765
101627.0834
101627.0924
101627.1036
101627.1173
101627.1336
101627.1527
101627.1751
101627.2011
101627.2312
101627.266
101627.3062
101627.3523
101627.4053
101627.466
101627.5351
101627.6134
101627.701
101627.7978
101627.9028
101628.0126
101628.1217
101628.2237
101628.3089
101628.3597
101628.3506
101628.2434
101627.9765
101627.5046
101626.6881
101624.6491
101620.6115
101617.2177
101617.7719
101618.7414
101605.9716
101580.1302
101619.681
101619.6824
101619.6857
101619.6906
101619.6972
101619.706
101619.7172
101619.7308
101619.747
101619.7661
101619.7885
101619.8147
101619.8453
101619.8808
101619.9221
101619.9699
101620.0254
101620.0897
101620.1639
101620.2493
101620.3467
101620.4567
101620.5795
101620.7117
101620.8471
101620.9813
101621.1051
101621.1967
101621.2141
101621.0622
101620.5127
101619.0117
101614.2195
101602.4054
101589.0215
101584.942
101600.3788
101605.2512
101593.9151
101575.3492
101612.1081
101612.113
101612.1156
101612.1193
101612.1242
101612.1307
101612.1399
101612.1515
101612.1658
101612.183
101612.2035
101612.228
101612.257
101612.2917
101612.332
101612.3793
101612.4349
101612.4992
101612.5738
101612.659
101612.7542
101612.8576
101612.9653
101613.0599
101613.1055
101613.0624
101612.8467
101612.2626
101610.8772
101607.8439
101602.4789
101593.5783
101574.149
101542.838
101521.4429
101521.8525
101573.1148
101587.1531
101583.5766
101571.2586
101562.2697
101562.2178
101562.1486
101562.0498
101561.9002
101561.8224
101561.7901
101561.779
101561.7961
101561.8471
101561.9362
101562.0704
101562.2592
101562.5105
101562.8364
101563.2397
101563.723
101564.2983
101564.954
101565.6443
101566.258
101566.6544
101566.7346
101565.8928
101563.4379
101559.6216
101554.5899
101547.9723
101538.7615
101525.9706
101512.697
101499.5405
101471.5187
101430.3953
101404.0459
101409.4281
101520.8344
101568.8192
101577.6632
101565.5999
101208.8057
101208.9265
101209.1119
101209.3625
101209.6513
101209.9834
101210.347
101210.7475
101211.1908
101211.6825
101212.2308
101212.847
101213.545
101214.3411
101215.2517
101216.303
101217.5262
101218.9665
101220.6933
101222.8131
101225.4473
101228.7567
101233.1026
101238.7558
101245.4978
101253.5336
101262.9661
101273.139
101283.0894
101292.5595
101302.6134
101311.9601
101314.6043
101287.536
101266.6729
101268.9142
101407.007
101535.0576
101568.2189
101553.1091
101169.0286
101169.0284
101169.029
101169.0297
101169.0303
101169.0309
101169.0315
101169.0322
101169.0329
101169.0337
101169.0347
101169.0358
101169.0371
101169.0388
101169.0414
101169.0469
101169.057
101169.0749
101169.1069
101169.1653
101169.273
101169.4929
101170.0442
101171.2278
101172.9683
101175.0315
101177.3164
101179.8062
101182.6166
101186.068
101190.8004
101196.6641
101200.5753
101197.1749
101187.1927
101185.3041
101252.4177
101416.3642
101533.817
101523.6783
101168.9882
101168.9879
101168.9878
101168.9879
101168.9879
101168.988
101168.9881
101168.9883
101168.9884
101168.9886
101168.9888
101168.9891
101168.9894
101168.9897
101168.9902
101168.9907
101168.9914
101168.9922
101168.9932
101168.9943
101168.9957
101168.9971
101168.999
101169.0084
101169.038
101169.0932
101169.1764
101169.2895
101169.4338
101169.6192
101169.921
101170.4983
101171.2111
101171.4534
101170.2048
101169.3686
101175.7962
101229.2962
101358.8201
101417.4207
101168.9559
101168.9559
101168.9559
101168.956
101168.956
101168.9561
101168.9562
101168.9563
101168.9564
101168.9565
101168.9567
101168.9569
101168.9572
101168.9575
101168.9579
101168.9583
101168.9588
101168.9594
101168.9601
101168.9608
101168.9614
101168.9616
101168.9607
101168.9589
101168.9569
101168.9551
101168.9535
101168.952
101168.9507
101168.9492
101168.9483
101168.9505
101168.9594
101168.9717
101168.9564
101168.9255
101168.9171
101169.0295
101172.6681
101186.3293
101168.9245
101168.9245
101168.9245
101168.9245
101168.9246
101168.9247
101168.9247
101168.9248
101168.9249
101168.9251
101168.9252
101168.9254
101168.9257
101168.9259
101168.9262
101168.9266
101168.9269
101168.9274
101168.9278
101168.9282
101168.9284
101168.9281
101168.9271
101168.9254
101168.9233
101168.9211
101168.9188
101168.9163
101168.9137
101168.911
101168.9084
101168.9065
101168.905
101168.9027
101168.8993
101168.8947
101168.8942
101168.8986
101168.8959
101168.8966
101168.8931
101168.8931
101168.8932
101168.8932
101168.8932
101168.8933
101168.8933
101168.8934
101168.8935
101168.8937
101168.8938
101168.894
101168.8942
101168.8944
101168.8946
101168.8949
101168.8952
101168.8955
101168.8957
101168.8959
101168.8958
101168.8954
101168.8944
101168.8929
101168.8909
101168.8888
101168.8866
101168.8843
101168.8819
101168.8795
101168.8773
101168.8754
101168.8738
101168.8719
101168.8697
101168.8673
101168.8665
101168.867
101168.8668
101168.8673
101168.8618
101168.8618
101168.8618
101168.8618
101168.8618
101168.8619
101168.862
101168.862
101168.8621
101168.8622
101168.8623
101168.8625
101168.8626
101168.8628
101168.863
101168.8632
101168.8634
101168.8636
101168.8637
101168.8637
101168.8635
101168.8629
101168.862
101168.8606
101168.8589
101168.857
101168.855
101168.8529
101168.8507
101168.8486
101168.8467
101168.8449
101168.8433
101168.8417
101168.84
101168.8384
101168.8375
101168.8375
101168.8373
101168.8374
101168.8304
101168.8304
101168.8304
101168.8304
101168.8305
101168.8305
101168.8306
101168.8306
101168.8307
101168.8308
101168.8309
101168.831
101168.8311
101168.8312
101168.8314
101168.8315
101168.8316
101168.8317
101168.8317
101168.8316
101168.8313
101168.8307
101168.8298
101168.8285
101168.827
101168.8253
101168.8235
101168.8216
101168.8197
101168.8178
101168.816
101168.8144
101168.8129
101168.8115
101168.8101
101168.8088
101168.8079
101168.8076
101168.8074
101168.8074
101168.799
101168.799
101168.799
101168.799
101168.7991
101168.7991
101168.7991
101168.7992
101168.7993
101168.7993
101168.7994
101168.7995
101168.7996
101168.7997
101168.7997
101168.7998
101168.7999
101168.7998
101168.7998
101168.7996
101168.7992
101168.7986
101168.7977
101168.7966
101168.7952
101168.7937
101168.7921
101168.7904
101168.7886
101168.787
101168.7853
101168.7839
101168.7825
101168.7812
101168.78
101168.7789
101168.7781
101168.7777
101168.7774
101168.7773
101168.7676
101168.7676
101168.7676
101168.7676
101168.7677
101168.7677
101168.7677
101168.7678
101168.7678
101168.7679
101168.7679
101168.768
101168.768
101168.7681
101168.7681
101168.7681
101168.7681
101168.768
101168.7679
101168.7676
101168.7672
101168.7666
101168.7657
101168.7647
101168.7635
101168.7621
101168.7606
101168.7591
101168.7576
101168.756
101168.7546
101168.7532
101168.7519
101168.7508
101168.7497
101168.7488
101168.748
101168.7476
101168.7473
101168.7472
101168.7362
101168.7362
101168.7362
101168.7362
101168.7363
101168.7363
101168.7363
101168.7363
101168.7364
101168.7364
101168.7364
101168.7365
101168.7365
101168.7365
101168.7365
101168.7365
101168.7364
101168.7363
101168.7361
101168.7357
101168.7353
101168.7347
101168.7339
101168.7329
101168.7318
101168.7306
101168.7292
101168.7279
101168.7265
101168.7251
101168.7238
101168.7225
101168.7214
101168.7203
101168.7193
101168.7185
101168.7179
101168.7174
101168.7171
101168.717
101168.7048
101168.7048
101168.7048
101168.7048
101168.7048
101168.7049
101168.7049
101168.7049
101168.7049
101168.7049
101168.7049
101168.7049
101168.7049
101168.7049
101168.7049
101168.7048
101168.7047
101168.7045
101168.7043
101168.7039
101168.7035
101168.7029
101168.7021
101168.7012
101168.7002
101168.6991
101168.6979
101168.6966
101168.6954
101168.6941
101168.6929
101168.6918
101168.6907
101168.6898
101168.6889
101168.6881
101168.6876
101168.6871
101168.6869
101168.6867
101168.6734
101168.6734
101168.6734
101168.6734
101168.6734
101168.6734
101168.6734
101168.6734
101168.6735
101168.6735
101168.6734
101168.6734
101168.6734
101168.6734
101168.6733
101168.6732
101168.673
101168.6728
101168.6726
101168.6722
101168.6717
101168.6711
101168.6704
101168.6696
101168.6686
101168.6676
101168.6665
101168.6654
101168.6642
101168.6631
101168.662
101168.661
101168.66
101168.6592
101168.6584
101168.6577
101168.6572
101168.6568
101168.6565
101168.6564
101168.642
101168.642
101168.642
101168.642
101168.642
101168.642
101168.642
101168.642
101168.642
101168.642
101168.642
101168.6419
101168.6419
101168.6418
101168.6417
101168.6416
101168.6414
101168.6412
101168.6409
101168.6405
101168.64
101168.6395
101168.6388
101168.638
101168.6371
101168.6362
101168.6352
101168.6342
101168.6331
101168.6321
101168.6311
101168.6302
101168.6293
101168.6285
101168.6278
101168.6272
101168.6267
101168.6263
101168.6261
101168.626
101168.6106
101168.6106
101168.6106
101168.6106
101168.6106
101168.6106
101168.6106
101168.6106
101168.6105
101168.6105
101168.6105
101168.6104
101168.6104
101168.6103
101168.6102
101168.61
101168.6098
101168.6096
101168.6093
101168.6089
101168.6084
101168.6079
101168.6072
101168.6065
101168.6057
101168.6048
101168.6039
101168.603
101168.602
101168.6011
101168.6002
101168.5993
101168.5985
101168.5978
101168.5972
101168.5966
101168.5962
101168.5958
101168.5956
101168.5955
101168.5792
101168.5792
101168.5792
101168.5792
101168.5792
101168.5792
101168.5792
101168.5791
101168.5791
101168.5791
101168.579
101168.5789
101168.5789
101168.5788
101168.5786
101168.5785
101168.5782
101168.578
101168.5777
101168.5773
101168.5768
101168.5763
101168.5757
101168.575
101168.5743
101168.5735
101168.5726
101168.5718
101168.5709
101168.5701
101168.5692
101168.5685
101168.5677
101168.5671
101168.5665
101168.566
101168.5656
101168.5653
101168.5651
101168.565
101168.5478
101168.5478
101168.5478
101168.5478
101168.5478
101168.5478
101168.5477
101168.5477
101168.5477
101168.5476
101168.5475
101168.5475
101168.5474
101168.5473
101168.5471
101168.5469
101168.5467
101168.5464
101168.5461
101168.5457
101168.5453
101168.5448
101168.5442
101168.5436
101168.5429
101168.5422
101168.5414
101168.5406
101168.5398
101168.539
101168.5383
101168.5376
101168.5369
101168.5363
101168.5358
101168.5353
101168.5349
101168.5347
101168.5345
101168.5344
101168.5164
101168.5164
101168.5164
101168.5164
101168.5164
101168.5163
101168.5163
101168.5163
101168.5162
101168.5162
101168.5161
101168.516
101168.5159
101168.5158
101168.5156
101168.5154
101168.5152
101168.5149
101168.5146
101168.5142
101168.5138
101168.5133
101168.5128
101168.5122
101168.5115
101168.5109
101168.5101
101168.5094
101168.5087
101168.508
101168.5073
101168.5067
101168.5061
101168.5055
101168.505
101168.5046
101168.5043
101168.504
101168.5038
101168.5038
101168.485
101168.485
101168.485
101168.485
101168.485
101168.4849
101168.4849
101168.4849
101168.4848
101168.4847
101168.4847
101168.4846
101168.4844
101168.4843
101168.4841
101168.4839
101168.4837
101168.4834
101168.4831
101168.4827
101168.4823
101168.4819
101168.4814
101168.4808
101168.4802
101168.4796
101168.4789
101168.4783
101168.4776
101168.477
101168.4763
101168.4757
101168.4752
101168.4747
101168.4742
101168.4739
101168.4736
101168.4733
101168.4732
101168.4731
101168.4536
101168.4536
101168.4536
101168.4536
101168.4536
101168.4535
101168.4535
101168.4534
101168.4534
101168.4533
101168.4532
101168.4531
101168.453
101168.4528
101168.4527
101168.4525
101168.4522
101168.452
101168.4517
101168.4513
101168.4509
101168.4505
101168.45
101168.4495
101168.4489
101168.4483
101168.4477
101168.4471
101168.4465
101168.4459
101168.4453
101168.4448
101168.4443
101168.4438
101168.4434
101168.4431
101168.4428
101168.4426
101168.4424
101168.4424
101168.4222
101168.4222
101168.4222
101168.4222
101168.4222
101168.4221
101168.4221
101168.422
101168.422
101168.4219
101168.4218
101168.4217
101168.4216
101168.4214
101168.4212
101168.421
101168.4208
101168.4205
101168.4202
101168.4199
101168.4195
101168.4191
101168.4186
101168.4181
101168.4176
101168.4171
101168.4165
101168.416
101168.4154
101168.4149
101168.4143
101168.4138
101168.4134
101168.413
101168.4126
101168.4123
101168.412
101168.4118
101168.4117
101168.4116
101168.3909
101168.3909
101168.3908
101168.3908
101168.3908
101168.3908
101168.3907
101168.3906
101168.3906
101168.3905
101168.3904
101168.3903
101168.3901
101168.39
101168.3898
101168.3896
101168.3894
101168.3891
101168.3888
101168.3885
101168.3881
101168.3877
101168.3873
101168.3868
101168.3864
101168.3859
101168.3853
101168.3848
101168.3843
101168.3838
101168.3833
101168.3829
101168.3825
101168.3821
101168.3817
101168.3814
101168.3812
101168.381
101168.3809
101168.3809
101168.3595
101168.3595
101168.3595
101168.3595
101168.3594
101168.3594
101168.3593
101168.3593
101168.3592
101168.3591
101168.359
101168.3589
101168.3587
101168.3586
101168.3584
101168.3582
101168.358
101168.3577
101168.3574
101168.3571
101168.3568
101168.3564
101168.356
101168.3556
101168.3551
101168.3546
101168.3542
101168.3537
101168.3532
101168.3528
101168.3523
101168.3519
101168.3515
101168.3512
101168.3509
101168.3506
101168.3504
101168.3502
101168.3501
101168.3501
101168.3281
101168.3281
101168.3281
101168.3281
101168.3281
101168.328
101168.328
101168.3279
101168.3278
101168.3277
101168.3276
101168.3275
101168.3274
101168.3272
101168.327
101168.3268
101168.3266
101168.3263
101168.3261
101168.3258
101168.3254
101168.3251
101168.3247
101168.3243
101168.3239
101168.3234
101168.323
101168.3226
101168.3221
101168.3217
101168.3213
101168.3209
101168.3206
101168.3202
101168.32
101168.3197
101168.3195
101168.3194
101168.3193
101168.3192
101168.2968
101168.2968
101168.2968
101168.2967
101168.2967
101168.2966
101168.2966
101168.2965
101168.2964
101168.2964
101168.2962
101168.2961
101168.296
101168.2958
101168.2957
101168.2955
101168.2952
101168.295
101168.2947
101168.2944
101168.2941
101168.2938
101168.2934
101168.2931
101168.2927
101168.2923
101168.2919
101168.2914
101168.291
101168.2907
101168.2903
101168.2899
101168.2896
101168.2893
101168.289
101168.2888
101168.2886
101168.2885
101168.2884
101168.2884
101168.2654
101168.2654
101168.2654
101168.2654
101168.2653
101168.2653
101168.2652
101168.2652
101168.2651
101168.265
101168.2649
101168.2648
101168.2646
101168.2645
101168.2643
101168.2641
101168.2639
101168.2637
101168.2634
101168.2631
101168.2628
101168.2625
101168.2622
101168.2618
101168.2615
101168.2611
101168.2607
101168.2603
101168.26
101168.2596
101168.2593
101168.2589
101168.2586
101168.2584
101168.2581
101168.2579
101168.2578
101168.2576
101168.2575
101168.2575
101168.2341
101168.2341
101168.2341
101168.234
101168.234
101168.234
101168.2339
101168.2338
101168.2337
101168.2337
101168.2335
101168.2334
101168.2333
101168.2331
101168.233
101168.2328
101168.2326
101168.2323
101168.2321
101168.2318
101168.2315
101168.2312
101168.2309
101168.2306
101168.2303
101168.2299
101168.2296
101168.2292
101168.2289
101168.2285
101168.2282
101168.2279
101168.2276
101168.2274
101168.2272
101168.227
101168.2268
101168.2267
101168.2266
101168.2266
101168.2028
101168.2027
101168.2027
101168.2027
101168.2027
101168.2026
101168.2026
101168.2025
101168.2024
101168.2023
101168.2022
101168.2021
101168.202
101168.2018
101168.2016
101168.2015
101168.2013
101168.201
101168.2008
101168.2005
101168.2003
101168.2
101168.1997
101168.1994
101168.1991
101168.1987
101168.1984
101168.1981
101168.1978
101168.1975
101168.1972
101168.1969
101168.1966
101168.1964
101168.1962
101168.196
101168.1959
101168.1958
101168.1957
101168.1957
101168.1714
101168.1714
101168.1714
101168.1714
101168.1713
101168.1713
101168.1712
101168.1712
101168.1711
101168.171
101168.1709
101168.1708
101168.1706
101168.1705
101168.1703
101168.1701
101168.17
101168.1697
101168.1695
101168.1693
101168.169
101168.1688
101168.1685
101168.1682
101168.1679
101168.1676
101168.1673
101168.167
101168.1667
101168.1664
101168.1661
101168.1659
101168.1656
101168.1654
101168.1653
101168.1651
101168.165
101168.1649
101168.1648
101168.1648
101168.1401
101168.1401
101168.1401
101168.1401
101168.14
101168.14
101168.1399
101168.1398
101168.1398
101168.1397
101168.1396
101168.1395
101168.1393
101168.1392
101168.139
101168.1389
101168.1387
101168.1385
101168.1383
101168.138
101168.1378
101168.1375
101168.1373
101168.137
101168.1367
101168.1364
101168.1361
101168.1359
101168.1356
101168.1353
101168.1351
101168.1349
101168.1346
101168.1344
101168.1343
101168.1341
101168.134
101168.1339
101168.1339
101168.1338
101168.1088
101168.1088
101168.1088
101168.1088
101168.1087
101168.1087
101168.1086
101168.1085
101168.1085
101168.1084
101168.1083
101168.1082
101168.108
101168.1079
101168.1077
101168.1076
101168.1074
101168.1072
101168.107
101168.1068
101168.1065
101168.1063
101168.1061
101168.1058
101168.1055
101168.1053
101168.105
101168.1048
101168.1045
101168.1043
101168.104
101168.1038
101168.1036
101168.1034
101168.1033
101168.1031
101168.103
101168.103
101168.1029
101168.1029
101168.0775
101168.0775
101168.0775
101168.0775
101168.0774
101168.0774
101168.0773
101168.0772
101168.0772
101168.0771
101168.077
101168.0769
101168.0767
101168.0766
101168.0765
101168.0763
101168.0761
101168.0759
101168.0757
101168.0755
101168.0753
101168.0751
101168.0749
101168.0746
101168.0744
101168.0741
101168.0739
101168.0736
101168.0734
101168.0732
101168.073
101168.0728
101168.0726
101168.0724
101168.0723
101168.0722
101168.0721
101168.072
101168.0719
101168.0719
101168.0462
101168.0462
101168.0462
101168.0462
101168.0461
101168.0461
101168.046
101168.046
101168.0459
101168.0458
101168.0457
101168.0456
101168.0455
101168.0453
101168.0452
101168.045
101168.0449
101168.0447
101168.0445
101168.0443
101168.0441
101168.0439
101168.0437
101168.0434
101168.0432
101168.043
101168.0428
101168.0425
101168.0423
101168.0421
101168.0419
101168.0417
101168.0416
101168.0414
101168.0413
101168.0412
101168.0411
101168.041
101168.041
101168.0409
101168.0149
101168.0149
101168.0149
101168.0149
101168.0148
101168.0148
101168.0147
101168.0147
101168.0146
101168.0145
101168.0144
101168.0143
101168.0142
101168.0141
101168.0139
101168.0138
101168.0136
101168.0135
101168.0133
101168.0131
101168.0129
101168.0127
101168.0125
101168.0123
101168.0121
101168.0119
101168.0116
101168.0114
101168.0112
101168.011
101168.0109
101168.0107
101168.0105
101168.0104
101168.0103
101168.0102
101168.0101
101168.01
101168.01
101168.0099
101167.9837
101167.9836
101167.9836
101167.9836
101167.9836
101167.9835
101167.9835
101167.9834
101167.9833
101167.9833
101167.9832
101167.9831
101167.9829
101167.9828
101167.9827
101167.9826
101167.9824
101167.9822
101167.9821
101167.9819
101167.9817
101167.9815
101167.9813
101167.9811
101167.9809
101167.9807
101167.9805
101167.9803
101167.9801
101167.98
101167.9798
101167.9796
101167.9795
101167.9794
101167.9792
101167.9791
101167.9791
101167.979
101167.979
101167.9789
101167.9524
101167.9524
101167.9524
101167.9523
101167.9523
101167.9523
101167.9522
101167.9521
101167.9521
101167.952
101167.9519
101167.9518
101167.9517
101167.9516
101167.9515
101167.9513
101167.9512
101167.951
101167.9509
101167.9507
101167.9505
101167.9503
101167.9501
101167.95
101167.9498
101167.9496
101167.9494
101167.9492
101167.949
101167.9489
101167.9487
101167.9486
101167.9484
101167.9483
101167.9482
101167.9481
101167.948
101167.948
101167.948
101167.9479
101167.9211
101167.9211
101167.9211
101167.9211
101167.921
101167.921
101167.921
101167.9209
101167.9208
101167.9207
101167.9207
101167.9206
101167.9205
101167.9203
101167.9202
101167.9201
101167.92
101167.9198
101167.9197
101167.9195
101167.9193
101167.9192
101167.919
101167.9188
101167.9186
101167.9185
101167.9183
101167.9181
101167.9179
101167.9178
101167.9176
101167.9175
101167.9174
101167.9173
101167.9172
101167.9171
101167.917
101167.917
101167.9169
101167.9169
101167.8899
101167.8899
101167.8899
101167.8898
101167.8898
101167.8898
101167.8897
101167.8896
101167.8896
101167.8895
101167.8894
101167.8893
101167.8892
101167.8891
101167.889
101167.8889
101167.8887
101167.8886
101167.8885
101167.8883
101167.8881
101167.888
101167.8878
101167.8877
101167.8875
101167.8873
101167.8872
101167.887
101167.8869
101167.8867
101167.8866
101167.8864
101167.8863
101167.8862
101167.8861
101167.8861
101167.886
101167.8859
101167.8859
101167.8859
101167.8586
101167.8586
101167.8586
101167.8586
101167.8586
101167.8585
101167.8585
101167.8584
101167.8583
101167.8583
101167.8582
101167.8581
101167.858
101167.8579
101167.8578
101167.8577
101167.8575
101167.8574
101167.8573
101167.8571
101167.857
101167.8568
101167.8567
101167.8565
101167.8564
101167.8562
101167.856
101167.8559
101167.8558
101167.8556
101167.8555
101167.8554
101167.8553
101167.8552
101167.8551
101167.855
101167.855
101167.8549
101167.8549
101167.8549
101167.8274
101167.8274
101167.8274
101167.8274
101167.8273
101167.8273
101167.8272
101167.8272
101167.8271
101167.827
101167.827
101167.8269
101167.8268
101167.8267
101167.8266
101167.8265
101167.8263
101167.8262
101167.8261
101167.8259
101167.8258
101167.8257
101167.8255
101167.8254
101167.8252
101167.8251
101167.8249
101167.8248
101167.8247
101167.8245
101167.8244
101167.8243
101167.8242
101167.8241
101167.824
101167.824
101167.8239
101167.8239
101167.8238
101167.8238
101167.7962
101167.7962
101167.7961
101167.7961
101167.7961
101167.7961
101167.796
101167.796
101167.7959
101167.7958
101167.7957
101167.7957
101167.7956
101167.7955
101167.7954
101167.7953
101167.7951
101167.795
101167.7949
101167.7948
101167.7946
101167.7945
101167.7944
101167.7942
101167.7941
101167.7939
101167.7938
101167.7937
101167.7936
101167.7934
101167.7933
101167.7932
101167.7931
101167.793
101167.793
101167.7929
101167.7929
101167.7928
101167.7928
101167.7928
101167.7649
101167.7649
101167.7649
101167.7649
101167.7649
101167.7648
101167.7648
101167.7647
101167.7647
101167.7646
101167.7645
101167.7645
101167.7644
101167.7643
101167.7642
101167.7641
101167.764
101167.7638
101167.7637
101167.7636
101167.7635
101167.7633
101167.7632
101167.7631
101167.763
101167.7628
101167.7627
101167.7626
101167.7625
101167.7623
101167.7622
101167.7621
101167.7621
101167.762
101167.7619
101167.7619
101167.7618
101167.7618
101167.7617
101167.7617
101167.7337
101167.7337
101167.7337
101167.7337
101167.7337
101167.7336
101167.7336
101167.7335
101167.7335
101167.7334
101167.7333
101167.7333
101167.7332
101167.7331
101167.733
101167.7329
101167.7328
101167.7327
101167.7326
101167.7324
101167.7323
101167.7322
101167.7321
101167.7319
101167.7318
101167.7317
101167.7316
101167.7315
101167.7314
101167.7313
101167.7312
101167.7311
101167.731
101167.7309
101167.7308
101167.7308
101167.7307
101167.7307
101167.7307
101167.7307
101167.7025
101167.7025
101167.7025
101167.7025
101167.7024
101167.7024
101167.7024
101167.7023
101167.7023
101167.7022
101167.7021
101167.7021
101167.702
101167.7019
101167.7018
101167.7017
101167.7016
101167.7015
101167.7014
101167.7013
101167.7012
101167.701
101167.7009
101167.7008
101167.7007
101167.7006
101167.7005
101167.7004
101167.7003
101167.7002
101167.7001
101167.7
101167.6999
101167.6998
101167.6998
101167.6997
101167.6997
101167.6996
101167.6996
101167.6996
101167.6713
101167.6713
101167.6713
101167.6713
101167.6712
101167.6712
101167.6712
101167.6711
101167.6711
101167.671
101167.6709
101167.6709
101167.6708
101167.6707
101167.6706
101167.6705
101167.6704
101167.6703
101167.6702
101167.6701
101167.67
101167.6699
101167.6698
101167.6697
101167.6696
101167.6695
101167.6694
101167.6693
101167.6692
101167.6691
101167.669
101167.6689
101167.6688
101167.6688
101167.6687
101167.6687
101167.6686
101167.6686
101167.6686
101167.6686
101167.6401
101167.6401
101167.6401
101167.6401
101167.64
101167.64
101167.64
101167.6399
101167.6399
101167.6398
101167.6398
101167.6397
101167.6396
101167.6395
101167.6395
101167.6394
101167.6393
101167.6392
101167.6391
101167.639
101167.6389
101167.6388
101167.6387
101167.6385
101167.6384
101167.6383
101167.6382
101167.6381
101167.638
101167.638
101167.6379
101167.6378
101167.6377
101167.6377
101167.6376
101167.6376
101167.6375
101167.6375
101167.6375
101167.6375
101167.6089
101167.6089
101167.6089
101167.6089
101167.6089
101167.6088
101167.6088
101167.6087
101167.6087
101167.6086
101167.6086
101167.6085
101167.6084
101167.6084
101167.6083
101167.6082
101167.6081
101167.608
101167.6079
101167.6078
101167.6077
101167.6076
101167.6075
101167.6074
101167.6073
101167.6072
101167.6071
101167.607
101167.6069
101167.6069
101167.6068
101167.6067
101167.6066
101167.6066
101167.6065
101167.6065
101167.6065
101167.6064
101167.6064
101167.6064
101167.5777
101167.5777
101167.5777
101167.5777
101167.5777
101167.5776
101167.5776
101167.5776
101167.5775
101167.5775
101167.5774
101167.5773
101167.5773
101167.5772
101167.5771
101167.577
101167.5769
101167.5769
101167.5768
101167.5767
101167.5766
101167.5765
101167.5764
101167.5763
101167.5762
101167.5761
101167.576
101167.5759
101167.5758
101167.5758
101167.5757
101167.5756
101167.5756
101167.5755
101167.5755
101167.5754
101167.5754
101167.5754
101167.5753
101167.5753
101167.5466
101167.5466
101167.5465
101167.5465
101167.5465
101167.5465
101167.5464
101167.5464
101167.5463
101167.5463
101167.5462
101167.5462
101167.5461
101167.546
101167.546
101167.5459
101167.5458
101167.5457
101167.5456
101167.5455
101167.5454
101167.5453
101167.5453
101167.5452
101167.5451
101167.545
101167.5449
101167.5448
101167.5447
101167.5447
101167.5446
101167.5445
101167.5445
101167.5444
101167.5444
101167.5443
101167.5443
101167.5443
101167.5443
101167.5443
101167.5154
101167.5154
101167.5154
101167.5153
101167.5153
101167.5153
101167.5153
101167.5152
101167.5152
101167.5151
101167.5151
101167.515
101167.5149
101167.5149
101167.5148
101167.5147
101167.5146
101167.5146
101167.5145
101167.5144
101167.5143
101167.5142
101167.5141
101167.514
101167.5139
101167.5139
101167.5138
101167.5137
101167.5136
101167.5136
101167.5135
101167.5134
101167.5134
101167.5133
101167.5133
101167.5132
101167.5132
101167.5132
101167.5132
101167.5132
101167.4842
101167.4842
101167.4842
101167.4842
101167.4842
101167.4841
101167.4841
101167.4841
101167.484
101167.484
101167.4839
101167.4838
101167.4838
101167.4837
101167.4836
101167.4836
101167.4835
101167.4834
101167.4833
101167.4832
101167.4832
101167.4831
101167.483
101167.4829
101167.4828
101167.4827
101167.4827
101167.4826
101167.4825
101167.4824
101167.4824
101167.4823
101167.4823
101167.4822
101167.4822
101167.4822
101167.4821
101167.4821
101167.4821
101167.4821
101167.453
101167.453
101167.453
101167.453
101167.453
101167.453
101167.4529
101167.4529
101167.4528
101167.4528
101167.4527
101167.4527
101167.4526
101167.4526
101167.4525
101167.4524
101167.4523
101167.4523
101167.4522
101167.4521
101167.452
101167.4519
101167.4519
101167.4518
101167.4517
101167.4516
101167.4515
101167.4515
101167.4514
101167.4513
101167.4513
101167.4512
101167.4512
101167.4511
101167.4511
101167.4511
101167.451
101167.451
101167.451
101167.451
101167.4219
101167.4219
101167.4219
101167.4219
101167.4218
101167.4218
101167.4218
101167.4217
101167.4217
101167.4216
101167.4216
101167.4215
101167.4215
101167.4214
101167.4213
101167.4213
101167.4212
101167.4211
101167.4211
101167.421
101167.4209
101167.4208
101167.4207
101167.4207
101167.4206
101167.4205
101167.4204
101167.4204
101167.4203
101167.4202
101167.4202
101167.4201
101167.4201
101167.42
101167.42
101167.42
101167.4199
101167.4199
101167.4199
101167.4199
101167.3907
101167.3907
101167.3907
101167.3907
101167.3907
101167.3907
101167.3906
101167.3906
101167.3905
101167.3905
101167.3904
101167.3904
101167.3903
101167.3903
101167.3902
101167.3901
101167.3901
101167.39
101167.3899
101167.3898
101167.3898
101167.3897
101167.3896
101167.3895
101167.3895
101167.3894
101167.3893
101167.3892
101167.3892
101167.3891
101167.3891
101167.389
101167.389
101167.3889
101167.3889
101167.3889
101167.3888
101167.3888
101167.3888
101167.3888
101167.3596
101167.3596
101167.3596
101167.3596
101167.3595
101167.3595
101167.3595
101167.3594
101167.3594
101167.3594
101167.3593
101167.3592
101167.3592
101167.3591
101167.3591
101167.359
101167.3589
101167.3589
101167.3588
101167.3587
101167.3586
101167.3586
101167.3585
101167.3584
101167.3583
101167.3583
101167.3582
101167.3581
101167.3581
101167.358
101167.358
101167.3579
101167.3579
101167.3578
101167.3578
101167.3578
101167.3577
101167.3577
101167.3577
101167.3577
101167.3284
101167.3284
101167.3284
101167.3284
101167.3284
101167.3284
101167.3283
101167.3283
101167.3283
101167.3282
101167.3282
101167.3281
101167.3281
101167.328
101167.3279
101167.3279
101167.3278
101167.3277
101167.3277
101167.3276
101167.3275
101167.3274
101167.3274
101167.3273
101167.3272
101167.3272
101167.3271
101167.327
101167.327
101167.3269
101167.3269
101167.3268
101167.3268
101167.3267
101167.3267
101167.3267
101167.3266
101167.3266
101167.3266
101167.3266
101167.2973
101167.2973
101167.2973
101167.2973
101167.2972
101167.2972
101167.2972
101167.2972
101167.2971
101167.2971
101167.297
101167.297
101167.2969
101167.2969
101167.2968
101167.2967
101167.2967
101167.2966
101167.2965
101167.2965
101167.2964
101167.2963
101167.2962
101167.2962
101167.2961
101167.296
101167.296
101167.2959
101167.2958
101167.2958
101167.2957
101167.2957
101167.2956
101167.2956
101167.2956
101167.2955
101167.2955
101167.2955
101167.2955
101167.2955
101167.2662
101167.2662
101167.2661
101167.2661
101167.2661
101167.2661
101167.2661
101167.266
101167.266
101167.2659
101167.2659
101167.2658
101167.2658
101167.2657
101167.2657
101167.2656
101167.2655
101167.2655
101167.2654
101167.2653
101167.2653
101167.2652
101167.2651
101167.2651
101167.265
101167.2649
101167.2649
101167.2648
101167.2647
101167.2647
101167.2646
101167.2646
101167.2645
101167.2645
101167.2645
101167.2644
101167.2644
101167.2644
101167.2644
101167.2644
101167.235
101167.235
101167.235
101167.235
101167.235
101167.235
101167.2349
101167.2349
101167.2349
101167.2348
101167.2348
101167.2347
101167.2347
101167.2346
101167.2345
101167.2345
101167.2344
101167.2343
101167.2343
101167.2342
101167.2341
101167.2341
101167.234
101167.2339
101167.2339
101167.2338
101167.2337
101167.2337
101167.2336
101167.2336
101167.2335
101167.2335
101167.2334
101167.2334
101167.2334
101167.2333
101167.2333
101167.2333
101167.2333
101167.2333
101167.2039
101167.2039
101167.2039
101167.2039
101167.2039
101167.2038
101167.2038
101167.2038
101167.2037
101167.2037
101167.2036
101167.2036
101167.2035
101167.2035
101167.2034
101167.2034
101167.2033
101167.2032
101167.2032
101167.2031
101167.203
101167.203
101167.2029
101167.2028
101167.2027
101167.2027
101167.2026
101167.2026
101167.2025
101167.2024
101167.2024
101167.2024
101167.2023
101167.2023
101167.2022
101167.2022
101167.2022
101167.2022
101167.2022
101167.2022
101167.1728
101167.1728
101167.1728
101167.1728
101167.1727
101167.1727
101167.1727
101167.1726
101167.1726
101167.1726
101167.1725
101167.1725
101167.1724
101167.1724
101167.1723
101167.1722
101167.1722
101167.1721
101167.172
101167.172
101167.1719
101167.1718
101167.1718
101167.1717
101167.1716
101167.1716
101167.1715
101167.1714
101167.1714
101167.1713
101167.1713
101167.1712
101167.1712
101167.1712
101167.1711
101167.1711
101167.1711
101167.1711
101167.1711
101167.171
)
;

boundaryField
{
    front
    {
        type            wedge;
    }
    back
    {
        type            wedge;
    }
    tankWall
    {
        type            fixedFluxPressure;
        gradient        uniform 0;
        value           nonuniform List<scalar> 
120
(
102032.1569
102024.6938
102017.0886
102009.43
102001.7284
101993.9951
101986.2368
101978.4647
101970.681
101962.8875
101955.0806
101947.258
101939.4156
101931.5486
101923.6524
101915.723
101907.7572
101899.7533
101891.7104
101883.6289
101875.5102
101867.3566
101859.1711
101850.9567
101842.7166
101834.4538
101826.1713
101817.8717
101809.5571
101801.2281
101792.8833
101784.518
101776.1244
101767.6916
101759.2061
101750.6542
101742.0264
101733.3191
101724.5381
101715.6995
101706.8291
101697.9584
101689.1177
101680.329
101671.6023
101662.9346
101654.3126
101645.7142
101637.1159
101628.4892
101619.8
101611.0752
101602.3477
101593.9083
101586.3738
101580.1302
101575.3492
101571.2586
101565.5999
101553.1091
101523.6783
101417.4207
101186.3293
101168.8966
101168.8673
101168.8374
101168.8074
101168.7773
101168.7472
101168.717
101168.6867
101168.6564
101168.626
101168.5955
101168.565
101168.5344
101168.5038
101168.4731
101168.4424
101168.4116
101168.3809
101168.3501
101168.3192
101168.2884
101168.2575
101168.2266
101168.1957
101168.1648
101168.1338
101168.1029
101168.0719
101168.0409
101168.0099
101167.9789
101167.9479
101167.9169
101167.8859
101167.8549
101167.8238
101167.7928
101167.7617
101167.7307
101167.6996
101167.6686
101167.6375
101167.6064
101167.5753
101167.5443
101167.5132
101167.4821
101167.451
101167.4199
101167.3888
101167.3577
101167.3266
101167.2955
101167.2644
101167.2333
101167.2022
101167.171
)
;
    }
    bottom
    {
        type            fixedFluxPressure;
        gradient        uniform 0;
        value           nonuniform List<scalar> 
40
(
102032.0577
102032.0579
102032.0582
102032.0587
102032.0594
102032.0602
102032.0612
102032.0623
102032.0636
102032.0652
102032.0669
102032.0688
102032.071
102032.0735
102032.0762
102032.0792
102032.0826
102032.0863
102032.0904
102032.095
102032.1
102032.1055
102032.1115
102032.1181
102032.1254
102032.1332
102032.1417
102032.1509
102032.1608
102032.1712
102032.1822
102032.1936
102032.2052
102032.2169
102032.2282
102032.2387
102032.2484
102032.2522
102032.2761
102032.1569
)
;
    }
    top
    {
        type            fixedFluxPressure;
        gradient        uniform 0;
        value           nonuniform List<scalar> 
40
(
101167.1728
101167.1728
101167.1728
101167.1728
101167.1727
101167.1727
101167.1727
101167.1726
101167.1726
101167.1726
101167.1725
101167.1725
101167.1724
101167.1724
101167.1723
101167.1722
101167.1722
101167.1721
101167.172
101167.172
101167.1719
101167.1718
101167.1718
101167.1717
101167.1716
101167.1716
101167.1715
101167.1714
101167.1714
101167.1713
101167.1713
101167.1712
101167.1712
101167.1712
101167.1711
101167.1711
101167.1711
101167.1711
101167.1711
101167.171
)
;
    }
    axis
    {
        type            empty;
    }
}


// ************************************************************************* //
