/*--------------------------------*- C++ -*----------------------------------*\
| =========                 |                                                 |
| \\      /  F ield         | OpenFOAM: The Open Source CFD Toolbox           |
|  \\    /   O peration     | Version:  v1912                                 |
|   \\  /    A nd           | Website:  www.openfoam.com                      |
|    \\/     M anipulation  |                                                 |
\*---------------------------------------------------------------------------*/
FoamFile
{
    version     2.0;
    format      ascii;
    class       volScalarField;
    location    "0.4";
    object      p_rgh_0;
}
// * * * * * * * * * * * * * * * * * * * * * * * * * * * * * * * * * * * * * //

dimensions      [1 -1 -2 0 0 0 0];


internalField   nonuniform List<scalar> 
4800
(
102029.2949
102029.2951
102029.2954
102029.2959
102029.2965
102029.2973
102029.2982
102029.2993
102029.3006
102029.3021
102029.3038
102029.3057
102029.3078
102029.3102
102029.3129
102029.3158
102029.3191
102029.3228
102029.3269
102029.3313
102029.3363
102029.3418
102029.3478
102029.3544
102029.3616
102029.3695
102029.378
102029.3872
102029.3971
102029.4077
102029.4188
102029.4303
102029.4422
102029.4541
102029.4657
102029.4765
102029.4865
102029.4906
102029.5148
102029.3958
102021.9384
102021.9386
102021.9389
102021.9394
102021.94
102021.9408
102021.9417
102021.9428
102021.9441
102021.9456
102021.9472
102021.9491
102021.9512
102021.9536
102021.9563
102021.9592
102021.9625
102021.9661
102021.9701
102021.9746
102021.9795
102021.985
102021.9909
102021.9975
102022.0047
102022.0126
102022.0211
102022.0303
102022.0402
102022.0507
102022.0619
102022.0735
102022.0855
102022.0975
102022.1093
102022.1204
102022.1304
102022.1362
102022.1518
102021.9327
102014.5817
102014.5819
102014.5822
102014.5827
102014.5833
102014.5841
102014.585
102014.5861
102014.5873
102014.5888
102014.5904
102014.5923
102014.5944
102014.5967
102014.5993
102014.6022
102014.6054
102014.609
102014.613
102014.6174
102014.6223
102014.6276
102014.6336
102014.6401
102014.6472
102014.655
102014.6635
102014.6727
102014.6826
102014.6932
102014.7044
102014.7162
102014.7283
102014.7406
102014.7528
102014.7644
102014.775
102014.7828
102014.7881
102014.3275
102007.2248
102007.225
102007.2253
102007.2257
102007.2263
102007.2271
102007.228
102007.2291
102007.2303
102007.2317
102007.2333
102007.2351
102007.2372
102007.2395
102007.242
102007.2449
102007.248
102007.2515
102007.2554
102007.2597
102007.2645
102007.2698
102007.2756
102007.282
102007.2891
102007.2968
102007.3053
102007.3144
102007.3243
102007.335
102007.3463
102007.3583
102007.3707
102007.3834
102007.3962
102007.4086
102007.4201
102007.4298
102007.4221
102006.6692
101999.8676
101999.8678
101999.8681
101999.8686
101999.8692
101999.8699
101999.8708
101999.8718
101999.873
101999.8744
101999.876
101999.8777
101999.8797
101999.8819
101999.8844
101999.8871
101999.8902
101999.8936
101999.8974
101999.9016
101999.9063
101999.9114
101999.9171
101999.9234
101999.9304
101999.938
101999.9464
101999.9555
101999.9654
101999.9761
101999.9875
101999.9997
102000.0125
102000.0258
102000.0393
102000.0528
102000.0655
102000.077
102000.0529
101998.968
101992.5103
101992.5105
101992.5108
101992.5112
101992.5118
101992.5125
101992.5133
101992.5143
101992.5155
101992.5168
101992.5183
101992.52
101992.5219
101992.5241
101992.5264
101992.5291
101992.532
101992.5353
101992.539
101992.543
101992.5475
101992.5526
101992.5581
101992.5643
101992.5711
101992.5786
101992.5868
101992.5959
101992.6057
101992.6165
101992.6281
101992.6405
101992.6538
101992.6677
101992.6821
101992.6968
101992.7112
101992.725
101992.6798
101991.2349
101985.1527
101985.1529
101985.1532
101985.1536
101985.1542
101985.1549
101985.1557
101985.1566
101985.1577
101985.159
101985.1604
101985.1621
101985.1639
101985.1659
101985.1682
101985.1707
101985.1735
101985.1766
101985.1801
101985.184
101985.1883
101985.1932
101985.1985
101985.2045
101985.2111
101985.2184
101985.2265
101985.2355
101985.2453
101985.2561
101985.2678
101985.2806
101985.2943
101985.3089
101985.3244
101985.3405
101985.3569
101985.3736
101985.3027
101983.4772
101977.7949
101977.7951
101977.7954
101977.7958
101977.7964
101977.797
101977.7978
101977.7987
101977.7998
101977.801
101977.8023
101977.8038
101977.8056
101977.8075
101977.8096
101977.812
101977.8146
101977.8176
101977.8209
101977.8246
101977.8287
101977.8333
101977.8384
101977.8441
101977.8505
101977.8576
101977.8656
101977.8744
101977.8841
101977.8949
101977.9068
101977.9198
101977.9339
101977.9493
101977.9659
101977.9836
101978.0022
101978.0221
101977.9214
101975.7057
101970.437
101970.4372
101970.4375
101970.4379
101970.4384
101970.439
101970.4397
101970.4406
101970.4416
101970.4427
101970.444
101970.4454
101970.447
101970.4488
101970.4507
101970.453
101970.4554
101970.4582
101970.4613
101970.4647
101970.4686
101970.4729
101970.4777
101970.4832
101970.4893
101970.4962
101970.5039
101970.5125
101970.5221
101970.5329
101970.5448
101970.558
101970.5727
101970.5888
101970.6064
101970.6258
101970.6466
101970.6698
101970.5396
101967.9224
101963.0788
101963.0791
101963.0793
101963.0797
101963.0802
101963.0807
101963.0814
101963.0822
101963.0831
101963.0842
101963.0854
101963.0867
101963.0881
101963.0898
101963.0916
101963.0936
101963.0959
101963.0984
101963.1012
101963.1044
101963.108
101963.112
101963.1165
101963.1217
101963.1275
101963.134
101963.1415
101963.1498
101963.1593
101963.1699
101963.1819
101963.1953
101963.2103
101963.2271
101963.2458
101963.2667
101963.2899
101963.3163
101963.1429
101960.129
101955.7205
101955.7207
101955.721
101955.7213
101955.7218
101955.7223
101955.723
101955.7237
101955.7245
101955.7255
101955.7266
101955.7278
101955.7291
101955.7306
101955.7322
101955.734
101955.736
101955.7383
101955.7409
101955.7437
101955.747
101955.7507
101955.7548
101955.7596
101955.765
101955.7712
101955.7783
101955.7863
101955.7955
101955.806
101955.8179
101955.8314
101955.8467
101955.8641
101955.8838
101955.9062
101955.9316
101955.9612
101955.7353
101952.3216
101948.3621
101948.3623
101948.3625
101948.3628
101948.3632
101948.3637
101948.3643
101948.365
101948.3657
101948.3666
101948.3676
101948.3686
101948.3698
101948.3711
101948.3725
101948.3741
101948.3759
101948.3779
101948.3801
101948.3827
101948.3856
101948.3888
101948.3926
101948.3969
101948.4019
101948.4077
101948.4143
101948.422
101948.4308
101948.441
101948.4527
101948.4662
101948.4817
101948.4995
101948.52
101948.5437
101948.571
101948.6037
101948.3181
101944.4979
101941.0034
101941.0036
101941.0039
101941.0042
101941.0045
101941.005
101941.0055
101941.0061
101941.0068
101941.0076
101941.0084
101941.0093
101941.0103
101941.0114
101941.0127
101941.014
101941.0155
101941.0172
101941.0191
101941.0213
101941.0237
101941.0266
101941.0299
101941.0337
101941.0382
101941.0435
101941.0496
101941.0568
101941.0652
101941.075
101941.0864
101941.0997
101941.1152
101941.1333
101941.1543
101941.1789
101941.2079
101941.2429
101940.8908
101936.6537
101933.6446
101933.6448
101933.6451
101933.6453
101933.6457
101933.6461
101933.6466
101933.6471
101933.6477
101933.6483
101933.6491
101933.6498
101933.6507
101933.6516
101933.6526
101933.6537
101933.6549
101933.6562
101933.6578
101933.6595
101933.6615
101933.6639
101933.6667
101933.67
101933.6739
101933.6786
101933.6841
101933.6907
101933.6985
101933.7078
101933.7188
101933.7318
101933.7471
101933.7652
101933.7865
101933.8117
101933.8416
101933.8783
101933.4514
101928.7842
101926.2857
101926.2859
101926.2861
101926.2864
101926.2867
101926.2871
101926.2875
101926.2879
101926.2884
101926.289
101926.2896
101926.2902
101926.2909
101926.2916
101926.2923
101926.2932
101926.2941
101926.295
101926.2962
101926.2975
101926.299
101926.3009
101926.3031
101926.3057
101926.309
101926.313
101926.3179
101926.3238
101926.3309
101926.3396
101926.35
101926.3624
101926.3773
101926.3951
101926.4163
101926.4417
101926.4721
101926.5094
101925.9987
101920.8848
101918.9267
101918.9269
101918.9271
101918.9273
101918.9276
101918.9279
101918.9283
101918.9287
101918.9291
101918.9295
101918.93
101918.9305
101918.9309
101918.9314
101918.9319
101918.9325
101918.933
101918.9336
101918.9343
101918.9352
101918.9362
101918.9374
101918.939
101918.941
101918.9436
101918.9468
101918.9508
101918.9559
101918.9623
101918.9701
101918.9798
101918.9915
101919.0058
101919.023
101919.0438
101919.0688
101919.099
101919.136
101918.5317
101912.9515
101911.5675
101911.5677
101911.5679
101911.5681
101911.5684
101911.5686
101911.5689
101911.5693
101911.5696
101911.57
101911.5703
101911.5706
101911.5709
101911.5712
101911.5714
101911.5716
101911.5719
101911.5721
101911.5723
101911.5726
101911.5731
101911.5737
101911.5746
101911.5758
101911.5776
101911.5799
101911.5831
101911.5873
101911.5927
101911.5996
101911.6083
101911.6191
101911.6325
101911.6488
101911.6688
101911.693
101911.7224
101911.758
101911.0501
101904.9813
101904.2083
101904.2085
101904.2086
101904.2088
101904.209
101904.2093
101904.2095
101904.2098
101904.2101
101904.2103
101904.2105
101904.2107
101904.2108
101904.2108
101904.2108
101904.2107
101904.2106
101904.2104
101904.2101
101904.2099
101904.2097
101904.2097
101904.2098
101904.2102
101904.2111
101904.2125
101904.2146
101904.2178
101904.2221
101904.2278
101904.2354
101904.2451
101904.2573
101904.2726
101904.2913
101904.3143
101904.3422
101904.3755
101903.554
101896.9724
101896.8489
101896.8491
101896.8493
101896.8494
101896.8496
101896.8498
101896.8501
101896.8503
101896.8504
101896.8506
101896.8507
101896.8507
101896.8506
101896.8504
101896.8502
101896.8497
101896.8492
101896.8486
101896.8478
101896.847
101896.8462
101896.8454
101896.8447
101896.8443
101896.8441
101896.8445
101896.8455
101896.8475
101896.8505
101896.855
101896.8612
101896.8695
101896.8804
101896.8942
101896.9114
101896.9327
101896.9588
101896.9889
101896.0435
101888.9243
101889.4895
101889.4897
101889.4898
101889.49
101889.4902
101889.4903
101889.4905
101889.4907
101889.4908
101889.4908
101889.4908
101889.4907
101889.4904
101889.49
101889.4895
101889.4887
101889.4878
101889.4867
101889.4855
101889.4841
101889.4825
101889.481
101889.4794
101889.478
101889.4768
101889.476
101889.4758
101889.4764
101889.478
101889.4811
101889.4857
101889.4925
101889.5017
101889.5138
101889.5292
101889.5485
101889.5723
101889.5984
101888.5186
101880.8373
101882.13
101882.1302
101882.1303
101882.1305
101882.1306
101882.1308
101882.1309
101882.131
101882.1311
101882.131
101882.1309
101882.1307
101882.1302
101882.1296
101882.1288
101882.1277
101882.1264
101882.1249
101882.1231
101882.1211
101882.1188
101882.1164
101882.1139
101882.1115
101882.1091
101882.1071
101882.1055
101882.1046
101882.1047
101882.1061
101882.109
101882.1139
101882.1213
101882.1314
101882.1447
101882.1618
101882.183
101882.2046
101880.9799
101872.7132
101874.7704
101874.7706
101874.7707
101874.7709
101874.771
101874.7711
101874.7713
101874.7713
101874.7714
101874.7713
101874.771
101874.7707
101874.7701
101874.7693
101874.7682
101874.7668
101874.7651
101874.7631
101874.7608
101874.7581
101874.7551
101874.7518
101874.7483
101874.7447
101874.7412
101874.7378
101874.7347
101874.7322
101874.7306
101874.7301
101874.7311
101874.734
101874.7392
101874.7471
101874.7581
101874.7726
101874.791
101874.8078
101873.4293
101864.5543
101867.4107
101867.4109
101867.4111
101867.4112
101867.4113
101867.4115
101867.4116
101867.4117
101867.4116
101867.4115
101867.4112
101867.4107
101867.41
101867.409
101867.4077
101867.406
101867.4039
101867.4014
101867.3985
101867.3952
101867.3914
101867.3872
101867.3827
101867.3779
101867.373
101867.3682
101867.3635
101867.3592
101867.3557
101867.3532
101867.352
101867.3527
101867.3555
101867.361
101867.3694
101867.3812
101867.3965
101867.4081
101865.868
101856.3638
101860.051
101860.0512
101860.0513
101860.0515
101860.0516
101860.0518
101860.0519
101860.052
101860.0519
101860.0518
101860.0514
101860.0508
101860.05
101860.0488
101860.0473
101860.0453
101860.0429
101860.0399
101860.0365
101860.0324
101860.0279
101860.0227
101860.0172
101860.0111
101860.0048
101859.9984
101859.9919
101859.9858
101859.9801
101859.9754
101859.9719
101859.9701
101859.9704
101859.9731
101859.9788
101859.9878
101860
101860.0065
101858.2958
101848.1446
101852.6912
101852.6914
101852.6916
101852.6917
101852.6919
101852.6921
101852.6922
101852.6923
101852.6923
101852.6921
101852.6917
101852.6911
101852.6901
101852.6888
101852.6871
101852.6848
101852.682
101852.6787
101852.6746
101852.6699
101852.6645
101852.6585
101852.6517
101852.6444
101852.6366
101852.6285
101852.6202
101852.6119
101852.6041
101852.5969
101852.5908
101852.5863
101852.5837
101852.5836
101852.5864
101852.5924
101852.6017
101852.6031
101850.7127
101839.9
101845.3314
101845.3316
101845.3317
101845.3319
101845.3321
101845.3323
101845.3325
101845.3326
101845.3326
101845.3325
101845.3321
101845.3314
101845.3304
101845.329
101845.3271
101845.3246
101845.3215
101845.3177
101845.3131
101845.3077
101845.3015
101845.2945
101845.2866
101845.2779
101845.2685
101845.2586
101845.2483
101845.2378
101845.2275
101845.2177
101845.2088
101845.2013
101845.1957
101845.1925
101845.1921
101845.195
101845.2016
101845.198
101843.1192
101831.6331
101837.9715
101837.9716
101837.9718
101837.9721
101837.9723
101837.9726
101837.9728
101837.973
101837.973
101837.9729
101837.9726
101837.9719
101837.9709
101837.9694
101837.9673
101837.9647
101837.9613
101837.9571
101837.952
101837.946
101837.9389
101837.9309
101837.9218
101837.9117
101837.9007
101837.8889
101837.8765
101837.8636
101837.8507
101837.838
101837.8261
101837.8153
101837.8063
101837.7997
101837.796
101837.7957
101837.7995
101837.7909
101835.5158
101823.3467
101830.6115
101830.6116
101830.6119
101830.6121
101830.6124
101830.6128
101830.6131
101830.6134
101830.6135
101830.6135
101830.6132
101830.6126
101830.6116
101830.61
101830.6079
101830.6051
101830.6014
101830.5969
101830.5913
101830.5847
101830.5768
101830.5678
101830.5575
101830.546
101830.5333
101830.5195
101830.5048
101830.4894
101830.4737
101830.4579
101830.4426
101830.4283
101830.4157
101830.4053
101830.398
101830.3943
101830.3951
101830.3815
101827.902
101815.0434
101823.2514
101823.2515
101823.2518
101823.2521
101823.2525
101823.253
101823.2534
101823.2538
101823.254
101823.2541
101823.2539
101823.2534
101823.2525
101823.251
101823.2488
101823.2459
101823.2421
101823.2372
101823.2312
101823.224
101823.2154
101823.2054
101823.1938
101823.1808
101823.1664
101823.1505
101823.1335
101823.1154
101823.0966
101823.0775
101823.0586
101823.0405
101823.0238
101823.0093
101822.998
101822.9906
101822.9883
101822.969
101820.2769
101806.7252
101815.8911
101815.8913
101815.8916
101815.892
101815.8925
101815.8931
101815.8936
101815.8942
101815.8946
101815.8949
101815.8948
101815.8945
101815.8936
101815.8922
101815.8901
101815.8871
101815.8832
101815.8781
101815.8717
101815.864
101815.8546
101815.8437
101815.831
101815.8165
101815.8002
101815.7822
101815.7627
101815.7417
101815.7197
101815.6971
101815.6742
101815.6519
101815.6308
101815.6118
101815.5959
101815.5843
101815.5784
101815.5528
101812.6384
101798.3925
101808.5308
101808.531
101808.5313
101808.5318
101808.5325
101808.5331
101808.5339
101808.5346
101808.5352
101808.5357
101808.5359
101808.5357
101808.5351
101808.5338
101808.5318
101808.5289
101808.5249
101808.5196
101808.513
101808.5047
101808.4947
101808.4829
101808.469
101808.453
101808.4349
101808.4147
101808.3926
101808.3687
101808.3432
101808.3167
101808.2896
101808.2627
101808.2367
101808.2126
101808.1916
101808.1752
101808.1649
101808.132
101804.9846
101790.0433
101801.1703
101801.1705
101801.1709
101801.1715
101801.1723
101801.1731
101801.174
101801.175
101801.1759
101801.1766
101801.177
101801.1772
101801.1768
101801.1757
101801.1739
101801.1711
101801.1672
101801.1619
101801.155
101801.1464
101801.1358
101801.1231
101801.1081
101801.0906
101801.0707
101801.0483
101801.0235
101800.9964
101800.9673
101800.9367
101800.905
101800.8731
101800.8417
101800.8119
101800.7851
101800.763
101800.7476
101800.7056
101797.3131
101781.6724
101793.8096
101793.8098
101793.8103
101793.811
101793.8119
101793.813
101793.8141
101793.8153
101793.8165
101793.8175
101793.8183
101793.8188
101793.8187
101793.818
101793.8165
101793.814
101793.8102
101793.8049
101793.798
101793.7891
101793.778
101793.7645
101793.7485
101793.7296
101793.7078
101793.6832
101793.6555
101793.6252
101793.5923
101793.5573
101793.5207
101793.4833
101793.4459
101793.4098
101793.3764
101793.3476
101793.3262
101793.2736
101789.6216
101773.2714
101786.4487
101786.4489
101786.4495
101786.4503
101786.4514
101786.4527
101786.4541
101786.4556
101786.4571
101786.4585
101786.4598
101786.4606
101786.461
101786.4607
101786.4596
101786.4574
101786.4539
101786.4488
101786.4419
101786.4328
101786.4214
101786.4073
101786.3903
101786.3701
101786.3465
101786.3195
101786.2891
101786.2553
101786.2184
101786.1787
101786.1369
101786.0935
101786.0497
101786.0065
101785.9655
101785.9288
101785.8992
101785.833
101781.9107
101764.8287
101779.0875
101779.0878
101779.0884
101779.0894
101779.0907
101779.0922
101779.094
101779.0958
101779.0977
101779.0996
101779.1012
101779.1026
101779.1035
101779.1038
101779.1031
101779.1014
101779.0983
101779.0936
101779.0868
101779.0778
101779.0662
101779.0516
101779.0337
101779.0122
101778.987
101778.9577
101778.9244
101778.8871
101778.846
101778.8015
101778.754
101778.7042
101778.6533
101778.6023
101778.5527
101778.5067
101778.4666
101778.3837
101774.1795
101756.3306
101771.726
101771.7263
101771.7271
101771.7282
101771.7297
101771.7315
101771.7336
101771.7359
101771.7382
101771.7406
101771.7428
101771.7447
101771.7463
101771.7471
101771.7472
101771.746
101771.7435
101771.7393
101771.7329
101771.7241
101771.7125
101771.6975
101771.679
101771.6564
101771.6295
101771.5981
101771.5619
101771.521
101771.4755
101771.4258
101771.3723
101771.3157
101771.2571
101771.1975
101771.1385
101771.0819
101771.0301
101770.928
101766.4258
101747.7637
101764.3641
101764.3645
101764.3654
101764.3667
101764.3684
101764.3706
101764.373
101764.3757
101764.3786
101764.3815
101764.3843
101764.387
101764.3892
101764.3909
101764.3917
101764.3913
101764.3896
101764.386
101764.3802
101764.3718
101764.3603
101764.3453
101764.3263
101764.3028
101764.2744
101764.2408
101764.2018
101764.1573
101764.1073
101764.0522
101763.9924
101763.9285
101763.8616
101763.7928
101763.7234
101763.6552
101763.5903
101763.4666
101758.6527
101739.1192
101757.0018
101757.0022
101757.0032
101757.0048
101757.0068
101757.0092
101757.0121
101757.0153
101757.0187
101757.0223
101757.0258
101757.0292
101757.0323
101757.0349
101757.0366
101757.0372
101757.0364
101757.0337
101757.0287
101757.021
101757.01
101756.9951
101756.9758
101756.9516
101756.922
101756.8864
101756.8446
101756.7964
101756.7418
101756.6811
101756.6146
101756.5431
101756.4674
101756.3886
101756.3081
101756.2273
101756.1482
101756.0005
101750.8639
101730.3953
101749.639
101749.6395
101749.6406
101749.6424
101749.6447
101749.6475
101749.6508
101749.6545
101749.6586
101749.6628
101749.6672
101749.6715
101749.6755
101749.6791
101749.6819
101749.6837
101749.684
101749.6825
101749.6786
101749.6718
101749.6615
101749.6471
101749.6279
101749.6032
101749.5725
101749.5351
101749.4907
101749.4389
101749.3796
101749.3131
101749.2396
101749.16
101749.075
101748.9857
101748.8934
101748.7993
101748.7049
101748.5316
101743.0642
101721.5998
101742.2757
101742.2762
101742.2774
101742.2794
101742.282
101742.2853
101742.2891
101742.2934
101742.2981
101742.3031
101742.3084
101742.3136
101742.3188
101742.3235
101742.3276
101742.3307
101742.3324
101742.3322
101742.3297
101742.3241
101742.3149
101742.3013
101742.2825
101742.2578
101742.2263
101742.1874
101742.1405
101742.0851
101742.0211
101741.9486
101741.8679
101741.7797
101741.685
101741.5847
101741.48
101741.3721
101741.262
101741.0618
101735.2586
101712.7514
101734.9117
101734.9122
101734.9137
101734.9159
101734.9188
101734.9225
101734.9268
101734.9317
101734.9372
101734.9431
101734.9492
101734.9556
101734.9619
101734.968
101734.9735
101734.9782
101734.9815
101734.983
101734.9821
101734.9782
101734.9704
101734.958
101734.9401
101734.9157
101734.8838
101734.8437
101734.7946
101734.7358
101734.6671
101734.5884
101734.5002
101734.4031
101734.2981
101734.1863
101734.0689
101733.9468
101733.8209
101733.5934
101727.4511
101703.8781
101727.5469
101727.5476
101727.5492
101727.5516
101727.5549
101727.559
101727.5639
101727.5695
101727.5757
101727.5825
101727.5897
101727.5973
101727.6049
101727.6125
101727.6196
101727.626
101727.6312
101727.6347
101727.6358
101727.6339
101727.628
101727.6173
101727.6007
101727.5771
101727.5454
101727.5045
101727.4534
101727.3914
101727.318
101727.2331
101727.137
101727.0305
101726.9148
101726.7911
101726.6607
101726.5245
101726.3829
101726.1284
101719.6445
101695.0124
101720.1814
101720.1821
101720.1839
101720.1866
101720.1903
101720.1948
101720.2003
101720.2066
101720.2136
101720.2213
101720.2297
101720.2385
101720.2476
101720.2568
101720.2657
101720.2741
101720.2814
101720.2872
101720.2907
101720.2912
101720.2878
101720.2793
101720.2646
101720.2424
101720.2113
101720.1702
101720.1176
101720.0526
101719.9746
101719.8833
101719.7791
101719.6628
101719.5357
101719.3996
101719.2559
101719.1057
101718.9492
101718.6691
101711.8416
101686.1837
101712.815
101712.8158
101712.8177
101712.8207
101712.8248
101712.8298
101712.8358
101712.8428
101712.8507
101712.8595
101712.869
101712.8792
101712.8898
101712.9008
101712.9117
101712.9223
101712.9321
101712.9405
101712.9468
101712.9502
101712.9496
101712.944
101712.9318
101712.9117
101712.8821
101712.8413
101712.7878
101712.7202
101712.6378
101712.54
101712.4272
101712.3004
101712.1614
101712.0121
101711.8548
101711.691
101711.5207
101711.2173
101704.0452
101677.412
101705.4477
101705.4485
101705.4506
101705.4539
101705.4583
101705.4638
101705.4704
101705.4781
101705.4869
101705.4967
101705.5075
101705.5191
101705.5314
101705.5442
101705.5573
101705.5704
101705.5829
101705.5942
101705.6038
101705.6106
101705.6136
101705.6114
101705.6026
101705.5854
101705.5579
101705.5183
101705.4645
101705.395
101705.3083
101705.2039
101705.0821
101704.944
101704.792
101704.6288
101704.4573
101704.28
101704.0973
101703.7757
101696.2596
101668.7041
101698.0792
101698.0801
101698.0824
101698.0859
101698.0907
101698.0967
101698.1039
101698.1124
101698.1221
101698.133
101698.145
101698.1581
101698.1722
101698.187
101698.2024
101698.2181
101698.2336
101698.2483
101698.2616
101698.2723
101698.2795
101698.2816
101698.2769
101698.2636
101698.2393
101698.2018
101698.1487
101698.0778
101697.9872
101697.8762
101697.7447
101697.5943
101697.4279
101697.2493
101697.0628
101696.8718
101696.6781
101696.3452
101688.4939
101660.0544
101690.7096
101690.7106
101690.713
101690.7168
101690.722
101690.7284
101690.7363
101690.7455
101690.7561
101690.7681
101690.7814
101690.796
101690.8119
101690.8289
101690.8468
101690.8653
101690.884
101690.9025
101690.9198
101690.9351
101690.9472
101690.9544
101690.9549
101690.9464
101690.9265
101690.8923
101690.8409
101690.7695
101690.6757
101690.5579
101690.416
101690.2519
101690.0692
101689.8733
101689.67
101689.4647
101689.2605
101688.9226
101680.7558
101651.4477
101683.3388
101683.3398
101683.3424
101683.3465
101683.352
101683.3589
101683.3673
101683.3773
101683.3887
101683.4018
101683.4164
101683.4326
101683.4503
101683.4695
101683.49
101683.5116
101683.5338
101683.5563
101683.5782
101683.5987
101683.6163
101683.6296
101683.6363
101683.6341
101683.6199
101683.5904
101683.5421
101683.4714
101683.375
101683.2506
101683.0974
101682.9176
101682.7159
101682.4994
101682.2766
101682.0545
101681.8387
101681.503
101673.0788
101642.8615
101675.9666
101675.9677
101675.9705
101675.9748
101675.9806
101675.988
101675.9969
101676.0076
101676.0199
101676.034
101676.0499
101676.0677
101676.0873
101676.1087
101676.1319
101676.1566
101676.1826
101676.2094
101676.2364
101676.2625
101676.2866
101676.3068
101676.321
101676.3264
101676.3195
101676.2965
101676.2531
101676.1846
101676.0867
101675.9559
101675.7905
101675.5923
101675.3676
101675.1261
101674.8791
101674.6344
101674.399
101674.0696
101665.4897
101634.2727
101668.5931
101668.5942
101668.5971
101668.6016
101668.6077
101668.6155
101668.625
101668.6363
101668.6495
101668.6646
101668.6817
101668.701
101668.7224
101668.7461
101668.772
101668.8
101668.8299
101668.8613
101668.8937
101668.9262
101668.9574
101668.9857
101669.0086
101669.0232
101669.0256
101669.0112
101668.9747
101668.9105
101668.8126
101668.6759
101668.4972
101668.2771
101668.0239
101667.7511
101667.4731
101667.1962
101666.925
101666.5971
101657.9515
101625.6533
101661.218
101661.2193
101661.2223
101661.2269
101661.2333
101661.2415
101661.2514
101661.2633
101661.2772
101661.2932
101661.3116
101661.3323
101661.3555
101661.3814
101661.41
101661.4413
101661.4752
101661.5115
101661.5497
101661.5889
101661.6281
101661.6655
101661.6986
101661.7241
101661.7379
101661.7345
101661.7079
101661.6506
101661.5549
101661.4135
101661.2204
101660.9744
101660.6847
101660.3703
101660.0502
101659.7248
101659.3883
101659.038
101650.4689
101616.9711
101653.8415
101653.8427
101653.8458
101653.8507
101653.8573
101653.8657
101653.8761
101653.8884
101653.903
101653.9199
101653.9393
101653.9613
101653.9863
101654.0143
101654.0455
101654.0801
101654.118
101654.1592
101654.2035
101654.25
101654.2979
101654.3454
101654.3901
101654.4285
101654.456
101654.4667
101654.4531
101654.4063
101654.3162
101654.172
101653.9642
101653.6874
101653.3512
101652.9805
101652.5964
101652.1865
101651.7319
101651.2909
101642.9578
101608.2529
101646.4634
101646.4647
101646.4678
101646.4728
101646.4795
101646.4882
101646.4988
101646.5116
101646.5268
101646.5444
101646.5647
101646.5879
101646.6144
101646.6443
101646.6781
101646.7158
101646.7577
101646.8039
101646.8543
101646.9085
101646.9657
101647.0243
101647.082
101647.1353
101647.1792
101647.2073
101647.2109
101647.1792
101647.099
101646.9555
101646.7329
101646.4201
101646.0289
101645.5937
101645.1223
101644.5605
101643.878
101643.2093
101635.0189
101599.5315
101639.0836
101639.0849
101639.0881
101639.0931
101639.1
101639.1088
101639.1197
101639.1328
101639.1483
101639.1665
101639.1876
101639.2118
101639.2396
101639.2713
101639.3073
101639.3479
101639.3936
101639.4447
101639.5013
101639.5633
101639.6302
101639.7008
101639.7729
101639.8431
101639.9062
101639.9553
101639.981
101639.9702
101639.9062
101639.7687
101639.5318
101639.1775
101638.7299
101638.2452
101637.6874
101636.8801
101635.7776
101634.6545
101625.8708
101591.1007
101631.7022
101631.7036
101631.7068
101631.7118
101631.7186
101631.7275
101631.7385
101631.7518
101631.7676
101631.7862
101631.8078
101631.8328
101631.8616
101631.8948
101631.9327
101631.9759
101632.0251
101632.0808
101632.1434
101632.2132
101632.2901
101632.3732
101632.4609
101632.5499
101632.6349
101632.709
101632.7623
101632.7797
101632.7404
101632.6169
101632.3689
101631.9712
101631.465
101630.9134
101630.0952
101628.7086
101627.0385
101625.6037
101615.2267
101583.5692
101624.3193
101624.3206
101624.3238
101624.3288
101624.3355
101624.3443
101624.3553
101624.3687
101624.3846
101624.4034
101624.4253
101624.4508
101624.4804
101624.5146
101624.554
101624.5995
101624.6516
101624.7114
101624.7797
101624.857
101624.9437
101625.0397
101625.144
101625.2535
101625.3629
101625.4659
101625.553
101625.6074
101625.6039
101625.5054
101625.2512
101624.7945
101624.0131
101622.1109
101618.292
101614.9794
101615.2376
101616.0508
101603.2091
101577.3187
101616.9344
101616.9357
101616.9389
101616.9437
101616.9502
101616.9588
101616.9697
101616.983
101616.9989
101617.0176
101617.0395
101617.0652
101617.0952
101617.13
101617.1706
101617.2176
101617.2722
101617.3355
101617.4087
101617.493
101617.5892
101617.6981
101617.8199
101617.9515
101618.087
101618.2217
101618.3472
101618.4428
101618.4683
101618.3346
101617.8255
101616.4187
101611.9148
101600.6324
101587.4847
101583.216
101597.8495
101602.5477
101591.142
101572.514
101609.365
101609.3697
101609.3722
101609.3758
101609.3804
101609.3868
101609.3957
101609.407
101609.4208
101609.4376
101609.4576
101609.4815
101609.5098
101609.5437
101609.5831
101609.6295
101609.684
101609.7472
101609.8208
101609.905
101609.9994
101610.1022
101610.2099
101610.307
101610.3586
101610.3263
101610.1315
101609.5895
101608.2912
101605.417
101600.2504
101591.6379
101572.8401
101542.0045
101520.4012
101520.2218
101570.5015
101584.4498
101580.7761
101568.3748
101559.7959
101559.7408
101559.6691
101559.5712
101559.4157
101559.3365
101559.2993
101559.2816
101559.2914
101559.3339
101559.4133
101559.5363
101559.7123
101559.9491
101560.259
101560.645
101561.1099
101561.6672
101562.3064
101562.9864
101563.5996
101564.006
101564.1141
101563.3694
101561.0473
101557.3482
101552.4403
101545.9747
101536.9918
101524.4209
101511.1397
101498.039
101470.5661
101429.6081
101403.2999
101407.2817
101517.8204
101565.9157
101574.8239
101562.6306
101206.2855
101206.4056
101206.5893
101206.8392
101207.1257
101207.4556
101207.8162
101208.2134
101208.6532
101209.141
101209.6849
101210.296
101210.988
101211.7772
101212.6799
101213.7218
101214.9331
101216.3579
101218.0637
101220.1555
101222.7529
101226.011
101230.2626
101235.8226
101242.4762
101250.4031
101259.7457
101269.8923
101279.8741
101289.3707
101299.4057
101308.8805
101311.8451
101285.5809
101264.7519
101266.2257
101403.2175
101531.52
101565.2548
101549.9866
101166.2669
101166.2667
101166.2673
101166.268
101166.2686
101166.2692
101166.2698
101166.2705
101166.2713
101166.2721
101166.2731
101166.2742
101166.2756
101166.2772
101166.2793
101166.284
101166.2931
101166.3096
101166.3394
101166.3944
101166.4965
101166.7031
101167.2178
101168.3495
101170.05
101172.0855
101174.3473
101176.8091
101179.5785
101182.9783
101187.6528
101193.4654
101197.3709
101194.4165
101184.5086
101182.4655
101248.4997
101411.4891
101530.1595
101520.2494
101166.2263
101166.226
101166.2259
101166.226
101166.2261
101166.2261
101166.2262
101166.2264
101166.2265
101166.2267
101166.2269
101166.2272
101166.2275
101166.2278
101166.2283
101166.2288
101166.2294
101166.2302
101166.2312
101166.2324
101166.2337
101166.2351
101166.2368
101166.245
101166.2723
101166.3245
101166.404
101166.5126
101166.6514
101166.8306
101167.1217
101167.6789
101168.3766
101168.6299
101167.4423
101166.5959
101172.7638
101224.7376
101352.7512
101412.1821
101166.1941
101166.194
101166.194
101166.1941
101166.1941
101166.1942
101166.1943
101166.1944
101166.1945
101166.1947
101166.1949
101166.1951
101166.1953
101166.1956
101166.196
101166.1964
101166.1969
101166.1975
101166.1981
101166.1989
101166.1995
101166.1997
101166.1989
101166.1972
101166.1952
101166.1934
101166.1917
101166.1903
101166.1889
101166.1875
101166.1864
101166.1884
101166.1966
101166.2079
101166.1941
101166.1639
101166.1553
101166.2499
101169.5269
101182.4951
101166.1626
101166.1626
101166.1627
101166.1627
101166.1627
101166.1628
101166.1629
101166.163
101166.1631
101166.1632
101166.1634
101166.1636
101166.1638
101166.164
101166.1643
101166.1647
101166.1651
101166.1655
101166.1659
101166.1663
101166.1665
101166.1663
101166.1654
101166.1637
101166.1617
101166.1595
101166.1572
101166.1548
101166.1522
101166.1495
101166.1469
101166.1449
101166.1433
101166.1411
101166.1377
101166.1332
101166.1326
101166.1373
101166.1344
101166.135
101166.1313
101166.1313
101166.1313
101166.1313
101166.1314
101166.1314
101166.1315
101166.1316
101166.1317
101166.1318
101166.1319
101166.1321
101166.1323
101166.1325
101166.1327
101166.133
101166.1333
101166.1336
101166.1339
101166.134
101166.134
101166.1336
101166.1327
101166.1312
101166.1293
101166.1272
101166.125
101166.1227
101166.1204
101166.118
101166.1157
101166.1139
101166.1122
101166.1103
101166.1081
101166.1057
101166.1049
101166.1056
101166.1053
101166.1058
101166.0999
101166.0999
101166.0999
101166.1
101166.1
101166.1
101166.1001
101166.1002
101166.1003
101166.1004
101166.1005
101166.1006
101166.1008
101166.101
101166.1011
101166.1013
101166.1015
101166.1017
101166.1018
101166.1019
101166.1017
101166.1012
101166.1003
101166.0989
101166.0973
101166.0954
101166.0934
101166.0913
101166.0892
101166.0871
101166.0851
101166.0833
101166.0818
101166.0801
101166.0784
101166.0768
101166.0759
101166.076
101166.0757
101166.0758
101166.0685
101166.0685
101166.0686
101166.0686
101166.0686
101166.0687
101166.0687
101166.0688
101166.0688
101166.0689
101166.069
101166.0691
101166.0693
101166.0694
101166.0695
101166.0697
101166.0698
101166.0699
101166.0699
101166.0698
101166.0695
101166.0689
101166.068
101166.0668
101166.0654
101166.0637
101166.0619
101166.06
101166.0581
101166.0563
101166.0545
101166.0529
101166.0514
101166.0499
101166.0485
101166.0472
101166.0464
101166.0461
101166.0459
101166.0458
101166.0372
101166.0372
101166.0372
101166.0372
101166.0372
101166.0373
101166.0373
101166.0374
101166.0374
101166.0375
101166.0376
101166.0376
101166.0377
101166.0378
101166.0379
101166.038
101166.038
101166.038
101166.0379
101166.0377
101166.0374
101166.0368
101166.036
101166.0349
101166.0335
101166.0321
101166.0304
101166.0288
101166.0271
101166.0254
101166.0238
101166.0223
101166.0209
101166.0196
101166.0184
101166.0173
101166.0165
101166.0161
101166.0159
101166.0158
101166.0058
101166.0058
101166.0058
101166.0058
101166.0058
101166.0059
101166.0059
101166.0059
101166.006
101166.006
101166.0061
101166.0061
101166.0062
101166.0062
101166.0063
101166.0063
101166.0063
101166.0062
101166.0061
101166.0058
101166.0054
101166.0048
101166.004
101166.003
101166.0018
101166.0005
101165.999
101165.9975
101165.996
101165.9944
101165.993
101165.9916
101165.9904
101165.9892
101165.9881
101165.9872
101165.9865
101165.986
101165.9858
101165.9856
101165.9744
101165.9744
101165.9744
101165.9744
101165.9744
101165.9744
101165.9745
101165.9745
101165.9745
101165.9746
101165.9746
101165.9746
101165.9747
101165.9747
101165.9747
101165.9747
101165.9746
101165.9745
101165.9743
101165.974
101165.9735
101165.9729
101165.9722
101165.9712
101165.9701
101165.9689
101165.9676
101165.9662
101165.9648
101165.9635
101165.9622
101165.9609
101165.9598
101165.9587
101165.9577
101165.9569
101165.9563
101165.9558
101165.9556
101165.9554
101165.943
101165.943
101165.943
101165.943
101165.943
101165.943
101165.9431
101165.9431
101165.9431
101165.9431
101165.9431
101165.9431
101165.9431
101165.9431
101165.9431
101165.943
101165.9429
101165.9427
101165.9425
101165.9422
101165.9417
101165.9411
101165.9404
101165.9395
101165.9385
101165.9374
101165.9362
101165.935
101165.9337
101165.9325
101165.9313
101165.9302
101165.9291
101165.9282
101165.9273
101165.9266
101165.926
101165.9255
101165.9253
101165.9252
101165.9116
101165.9116
101165.9116
101165.9116
101165.9116
101165.9116
101165.9116
101165.9116
101165.9116
101165.9116
101165.9116
101165.9116
101165.9116
101165.9116
101165.9115
101165.9114
101165.9113
101165.9111
101165.9108
101165.9104
101165.91
101165.9094
101165.9087
101165.9079
101165.907
101165.9059
101165.9049
101165.9037
101165.9026
101165.9015
101165.9004
101165.8994
101165.8984
101165.8975
101165.8968
101165.8961
101165.8956
101165.8952
101165.8949
101165.8948
101165.8802
101165.8802
101165.8802
101165.8802
101165.8802
101165.8802
101165.8802
101165.8802
101165.8802
101165.8802
101165.8802
101165.8801
101165.8801
101165.88
101165.8799
101165.8798
101165.8796
101165.8794
101165.8791
101165.8788
101165.8783
101165.8777
101165.8771
101165.8763
101165.8755
101165.8745
101165.8735
101165.8725
101165.8715
101165.8705
101165.8695
101165.8686
101165.8677
101165.8669
101165.8662
101165.8656
101165.8651
101165.8647
101165.8645
101165.8644
101165.8488
101165.8488
101165.8488
101165.8488
101165.8488
101165.8488
101165.8488
101165.8488
101165.8487
101165.8487
101165.8487
101165.8486
101165.8486
101165.8485
101165.8484
101165.8482
101165.848
101165.8478
101165.8475
101165.8471
101165.8467
101165.8461
101165.8455
101165.8448
101165.844
101165.8432
101165.8423
101165.8413
101165.8404
101165.8395
101165.8386
101165.8377
101165.8369
101165.8362
101165.8355
101165.835
101165.8346
101165.8342
101165.834
101165.8339
101165.8174
101165.8174
101165.8174
101165.8174
101165.8174
101165.8174
101165.8174
101165.8173
101165.8173
101165.8173
101165.8172
101165.8172
101165.8171
101165.817
101165.8168
101165.8167
101165.8165
101165.8162
101165.8159
101165.8155
101165.8151
101165.8146
101165.814
101165.8133
101165.8126
101165.8118
101165.811
101165.8101
101165.8093
101165.8084
101165.8076
101165.8068
101165.8061
101165.8055
101165.8049
101165.8044
101165.804
101165.8037
101165.8035
101165.8034
101165.786
101165.786
101165.786
101165.786
101165.786
101165.786
101165.7859
101165.7859
101165.7859
101165.7858
101165.7858
101165.7857
101165.7856
101165.7855
101165.7853
101165.7852
101165.7849
101165.7847
101165.7844
101165.784
101165.7836
101165.7831
101165.7825
101165.7819
101165.7812
101165.7805
101165.7797
101165.7789
101165.7782
101165.7774
101165.7766
101165.7759
101165.7753
101165.7747
101165.7741
101165.7737
101165.7733
101165.7731
101165.7729
101165.7728
101165.7546
101165.7546
101165.7546
101165.7546
101165.7546
101165.7546
101165.7545
101165.7545
101165.7544
101165.7544
101165.7543
101165.7542
101165.7541
101165.754
101165.7538
101165.7537
101165.7534
101165.7532
101165.7529
101165.7525
101165.7521
101165.7516
101165.7511
101165.7505
101165.7499
101165.7492
101165.7485
101165.7478
101165.7471
101165.7464
101165.7457
101165.745
101165.7444
101165.7439
101165.7434
101165.743
101165.7426
101165.7424
101165.7422
101165.7421
101165.7232
101165.7232
101165.7232
101165.7232
101165.7232
101165.7232
101165.7231
101165.7231
101165.723
101165.723
101165.7229
101165.7228
101165.7227
101165.7225
101165.7224
101165.7222
101165.722
101165.7217
101165.7214
101165.721
101165.7206
101165.7202
101165.7197
101165.7191
101165.7185
101165.7179
101165.7173
101165.7166
101165.716
101165.7153
101165.7147
101165.7141
101165.7136
101165.7131
101165.7126
101165.7122
101165.7119
101165.7117
101165.7115
101165.7115
101165.6919
101165.6918
101165.6918
101165.6918
101165.6918
101165.6918
101165.6917
101165.6917
101165.6916
101165.6915
101165.6915
101165.6914
101165.6912
101165.6911
101165.6909
101165.6907
101165.6905
101165.6902
101165.6899
101165.6896
101165.6892
101165.6888
101165.6883
101165.6878
101165.6872
101165.6866
101165.6861
101165.6855
101165.6849
101165.6843
101165.6837
101165.6832
101165.6827
101165.6822
101165.6818
101165.6815
101165.6812
101165.681
101165.6808
101165.6808
101165.6605
101165.6605
101165.6605
101165.6604
101165.6604
101165.6604
101165.6603
101165.6603
101165.6602
101165.6601
101165.66
101165.6599
101165.6598
101165.6597
101165.6595
101165.6593
101165.6591
101165.6588
101165.6585
101165.6582
101165.6578
101165.6574
101165.6569
101165.6564
101165.6559
101165.6554
101165.6549
101165.6543
101165.6538
101165.6532
101165.6527
101165.6522
101165.6517
101165.6513
101165.651
101165.6506
101165.6504
101165.6502
101165.6501
101165.65
101165.6291
101165.6291
101165.6291
101165.6291
101165.629
101165.629
101165.6289
101165.6289
101165.6288
101165.6287
101165.6286
101165.6285
101165.6284
101165.6282
101165.6281
101165.6279
101165.6276
101165.6274
101165.6271
101165.6268
101165.6264
101165.626
101165.6256
101165.6252
101165.6247
101165.6242
101165.6237
101165.6232
101165.6227
101165.6222
101165.6217
101165.6212
101165.6208
101165.6204
101165.6201
101165.6198
101165.6196
101165.6194
101165.6193
101165.6192
101165.5977
101165.5977
101165.5977
101165.5977
101165.5977
101165.5976
101165.5976
101165.5975
101165.5974
101165.5974
101165.5973
101165.5971
101165.597
101165.5968
101165.5967
101165.5965
101165.5962
101165.596
101165.5957
101165.5954
101165.5951
101165.5947
101165.5943
101165.5939
101165.5934
101165.593
101165.5925
101165.592
101165.5916
101165.5911
101165.5907
101165.5903
101165.5899
101165.5895
101165.5892
101165.589
101165.5887
101165.5886
101165.5885
101165.5884
101165.5664
101165.5664
101165.5664
101165.5663
101165.5663
101165.5663
101165.5662
101165.5661
101165.5661
101165.566
101165.5659
101165.5658
101165.5656
101165.5655
101165.5653
101165.5651
101165.5649
101165.5646
101165.5644
101165.5641
101165.5637
101165.5634
101165.563
101165.5626
101165.5622
101165.5618
101165.5613
101165.5609
101165.5605
101165.5601
101165.5597
101165.5593
101165.5589
101165.5586
101165.5583
101165.5581
101165.5579
101165.5577
101165.5576
101165.5576
101165.535
101165.535
101165.535
101165.535
101165.5349
101165.5349
101165.5348
101165.5348
101165.5347
101165.5346
101165.5345
101165.5344
101165.5343
101165.5341
101165.5339
101165.5337
101165.5335
101165.5333
101165.533
101165.5327
101165.5324
101165.5321
101165.5317
101165.5314
101165.531
101165.5306
101165.5302
101165.5298
101165.5294
101165.529
101165.5286
101165.5283
101165.528
101165.5277
101165.5274
101165.5272
101165.527
101165.5269
101165.5268
101165.5267
101165.5037
101165.5037
101165.5037
101165.5036
101165.5036
101165.5035
101165.5035
101165.5034
101165.5033
101165.5033
101165.5032
101165.503
101165.5029
101165.5027
101165.5026
101165.5024
101165.5022
101165.5019
101165.5017
101165.5014
101165.5011
101165.5008
101165.5005
101165.5001
101165.4998
101165.4994
101165.499
101165.4987
101165.4983
101165.4979
101165.4976
101165.4973
101165.497
101165.4967
101165.4965
101165.4963
101165.4961
101165.496
101165.4959
101165.4959
101165.4723
101165.4723
101165.4723
101165.4723
101165.4723
101165.4722
101165.4722
101165.4721
101165.472
101165.4719
101165.4718
101165.4717
101165.4716
101165.4714
101165.4712
101165.4711
101165.4709
101165.4706
101165.4704
101165.4701
101165.4698
101165.4695
101165.4692
101165.4689
101165.4686
101165.4682
101165.4679
101165.4675
101165.4672
101165.4669
101165.4666
101165.4663
101165.466
101165.4657
101165.4655
101165.4653
101165.4652
101165.4651
101165.465
101165.465
101165.441
101165.441
101165.441
101165.441
101165.4409
101165.4409
101165.4408
101165.4408
101165.4407
101165.4406
101165.4405
101165.4404
101165.4402
101165.4401
101165.4399
101165.4397
101165.4395
101165.4393
101165.4391
101165.4388
101165.4386
101165.4383
101165.438
101165.4377
101165.4374
101165.4371
101165.4367
101165.4364
101165.4361
101165.4358
101165.4355
101165.4352
101165.435
101165.4348
101165.4346
101165.4344
101165.4343
101165.4342
101165.4341
101165.4341
101165.4097
101165.4097
101165.4097
101165.4096
101165.4096
101165.4096
101165.4095
101165.4094
101165.4094
101165.4093
101165.4092
101165.409
101165.4089
101165.4088
101165.4086
101165.4084
101165.4082
101165.408
101165.4078
101165.4076
101165.4073
101165.4071
101165.4068
101165.4065
101165.4062
101165.4059
101165.4056
101165.4053
101165.405
101165.4047
101165.4045
101165.4042
101165.404
101165.4038
101165.4036
101165.4034
101165.4033
101165.4032
101165.4032
101165.4031
101165.3784
101165.3784
101165.3784
101165.3783
101165.3783
101165.3782
101165.3782
101165.3781
101165.378
101165.378
101165.3779
101165.3777
101165.3776
101165.3775
101165.3773
101165.3771
101165.377
101165.3768
101165.3766
101165.3763
101165.3761
101165.3758
101165.3756
101165.3753
101165.375
101165.3748
101165.3745
101165.3742
101165.3739
101165.3737
101165.3734
101165.3732
101165.373
101165.3728
101165.3726
101165.3725
101165.3724
101165.3723
101165.3722
101165.3722
101165.3471
101165.3471
101165.347
101165.347
101165.347
101165.3469
101165.3469
101165.3468
101165.3467
101165.3467
101165.3466
101165.3464
101165.3463
101165.3462
101165.346
101165.3459
101165.3457
101165.3455
101165.3453
101165.3451
101165.3449
101165.3446
101165.3444
101165.3441
101165.3439
101165.3436
101165.3433
101165.3431
101165.3428
101165.3426
101165.3424
101165.3422
101165.342
101165.3418
101165.3416
101165.3415
101165.3414
101165.3413
101165.3413
101165.3412
101165.3158
101165.3158
101165.3158
101165.3157
101165.3157
101165.3156
101165.3156
101165.3155
101165.3154
101165.3154
101165.3153
101165.3152
101165.315
101165.3149
101165.3148
101165.3146
101165.3144
101165.3142
101165.3141
101165.3138
101165.3136
101165.3134
101165.3132
101165.3129
101165.3127
101165.3125
101165.3122
101165.312
101165.3117
101165.3115
101165.3113
101165.3111
101165.3109
101165.3108
101165.3106
101165.3105
101165.3104
101165.3103
101165.3103
101165.3103
101165.2845
101165.2845
101165.2845
101165.2844
101165.2844
101165.2844
101165.2843
101165.2842
101165.2842
101165.2841
101165.284
101165.2839
101165.2838
101165.2836
101165.2835
101165.2833
101165.2832
101165.283
101165.2828
101165.2826
101165.2824
101165.2822
101165.282
101165.2818
101165.2815
101165.2813
101165.2811
101165.2809
101165.2807
101165.2805
101165.2803
101165.2801
101165.2799
101165.2798
101165.2796
101165.2795
101165.2794
101165.2793
101165.2793
101165.2793
101165.2532
101165.2532
101165.2532
101165.2532
101165.2531
101165.2531
101165.253
101165.253
101165.2529
101165.2528
101165.2527
101165.2526
101165.2525
101165.2524
101165.2522
101165.2521
101165.2519
101165.2518
101165.2516
101165.2514
101165.2512
101165.251
101165.2508
101165.2506
101165.2504
101165.2502
101165.25
101165.2498
101165.2496
101165.2494
101165.2492
101165.249
101165.2489
101165.2487
101165.2486
101165.2485
101165.2484
101165.2484
101165.2483
101165.2483
101165.2219
101165.2219
101165.2219
101165.2219
101165.2219
101165.2218
101165.2218
101165.2217
101165.2216
101165.2215
101165.2215
101165.2214
101165.2212
101165.2211
101165.221
101165.2209
101165.2207
101165.2205
101165.2204
101165.2202
101165.22
101165.2198
101165.2196
101165.2194
101165.2192
101165.219
101165.2188
101165.2187
101165.2185
101165.2183
101165.2181
101165.218
101165.2178
101165.2177
101165.2176
101165.2175
101165.2174
101165.2173
101165.2173
101165.2173
101165.1907
101165.1907
101165.1906
101165.1906
101165.1906
101165.1905
101165.1905
101165.1904
101165.1904
101165.1903
101165.1902
101165.1901
101165.19
101165.1899
101165.1898
101165.1896
101165.1895
101165.1893
101165.1892
101165.189
101165.1888
101165.1886
101165.1885
101165.1883
101165.1881
101165.1879
101165.1877
101165.1876
101165.1874
101165.1872
101165.1871
101165.1869
101165.1868
101165.1867
101165.1865
101165.1865
101165.1864
101165.1863
101165.1863
101165.1863
101165.1594
101165.1594
101165.1594
101165.1594
101165.1593
101165.1593
101165.1592
101165.1592
101165.1591
101165.159
101165.159
101165.1589
101165.1588
101165.1586
101165.1585
101165.1584
101165.1583
101165.1581
101165.158
101165.1578
101165.1576
101165.1575
101165.1573
101165.1571
101165.157
101165.1568
101165.1566
101165.1564
101165.1563
101165.1561
101165.156
101165.1558
101165.1557
101165.1556
101165.1555
101165.1554
101165.1554
101165.1553
101165.1553
101165.1553
101165.1282
101165.1282
101165.1281
101165.1281
101165.1281
101165.128
101165.128
101165.1279
101165.1279
101165.1278
101165.1277
101165.1276
101165.1275
101165.1274
101165.1273
101165.1272
101165.1271
101165.1269
101165.1268
101165.1266
101165.1265
101165.1263
101165.1261
101165.126
101165.1258
101165.1257
101165.1255
101165.1253
101165.1252
101165.125
101165.1249
101165.1248
101165.1247
101165.1246
101165.1245
101165.1244
101165.1243
101165.1243
101165.1243
101165.1242
101165.0969
101165.0969
101165.0969
101165.0969
101165.0968
101165.0968
101165.0968
101165.0967
101165.0966
101165.0966
101165.0965
101165.0964
101165.0963
101165.0962
101165.0961
101165.096
101165.0958
101165.0957
101165.0956
101165.0954
101165.0953
101165.0951
101165.095
101165.0948
101165.0947
101165.0945
101165.0944
101165.0942
101165.0941
101165.094
101165.0938
101165.0937
101165.0936
101165.0935
101165.0934
101165.0934
101165.0933
101165.0933
101165.0932
101165.0932
101165.0657
101165.0657
101165.0657
101165.0656
101165.0656
101165.0656
101165.0655
101165.0655
101165.0654
101165.0653
101165.0653
101165.0652
101165.0651
101165.065
101165.0649
101165.0648
101165.0647
101165.0645
101165.0644
101165.0643
101165.0641
101165.064
101165.0638
101165.0637
101165.0635
101165.0634
101165.0633
101165.0631
101165.063
101165.0629
101165.0627
101165.0626
101165.0625
101165.0624
101165.0624
101165.0623
101165.0622
101165.0622
101165.0622
101165.0622
101165.0345
101165.0345
101165.0344
101165.0344
101165.0344
101165.0343
101165.0343
101165.0343
101165.0342
101165.0341
101165.0341
101165.034
101165.0339
101165.0338
101165.0337
101165.0336
101165.0335
101165.0333
101165.0332
101165.0331
101165.033
101165.0328
101165.0327
101165.0325
101165.0324
101165.0323
101165.0321
101165.032
101165.0319
101165.0318
101165.0317
101165.0316
101165.0315
101165.0314
101165.0313
101165.0312
101165.0312
101165.0312
101165.0311
101165.0311
101165.0032
101165.0032
101165.0032
101165.0032
101165.0032
101165.0031
101165.0031
101165.003
101165.003
101165.0029
101165.0028
101165.0028
101165.0027
101165.0026
101165.0025
101165.0024
101165.0023
101165.0022
101165.002
101165.0019
101165.0018
101165.0017
101165.0015
101165.0014
101165.0013
101165.0012
101165.001
101165.0009
101165.0008
101165.0007
101165.0006
101165.0005
101165.0004
101165.0003
101165.0002
101165.0002
101165.0001
101165.0001
101165.0001
101165.0001
101164.972
101164.972
101164.972
101164.972
101164.972
101164.9719
101164.9719
101164.9718
101164.9718
101164.9717
101164.9716
101164.9716
101164.9715
101164.9714
101164.9713
101164.9712
101164.9711
101164.971
101164.9709
101164.9708
101164.9706
101164.9705
101164.9704
101164.9703
101164.9702
101164.97
101164.9699
101164.9698
101164.9697
101164.9696
101164.9695
101164.9694
101164.9693
101164.9692
101164.9692
101164.9691
101164.9691
101164.9691
101164.969
101164.969
101164.9408
101164.9408
101164.9408
101164.9408
101164.9407
101164.9407
101164.9407
101164.9406
101164.9406
101164.9405
101164.9404
101164.9404
101164.9403
101164.9402
101164.9401
101164.94
101164.9399
101164.9398
101164.9397
101164.9396
101164.9395
101164.9394
101164.9393
101164.9391
101164.939
101164.9389
101164.9388
101164.9387
101164.9386
101164.9385
101164.9384
101164.9383
101164.9382
101164.9382
101164.9381
101164.9381
101164.938
101164.938
101164.938
101164.938
101164.9096
101164.9096
101164.9096
101164.9096
101164.9095
101164.9095
101164.9095
101164.9094
101164.9094
101164.9093
101164.9093
101164.9092
101164.9091
101164.909
101164.9089
101164.9088
101164.9088
101164.9087
101164.9085
101164.9084
101164.9083
101164.9082
101164.9081
101164.908
101164.9079
101164.9078
101164.9077
101164.9076
101164.9075
101164.9074
101164.9073
101164.9072
101164.9072
101164.9071
101164.907
101164.907
101164.907
101164.9069
101164.9069
101164.9069
101164.8784
101164.8784
101164.8784
101164.8784
101164.8784
101164.8783
101164.8783
101164.8782
101164.8782
101164.8781
101164.8781
101164.878
101164.8779
101164.8778
101164.8778
101164.8777
101164.8776
101164.8775
101164.8774
101164.8773
101164.8772
101164.8771
101164.877
101164.8769
101164.8768
101164.8767
101164.8766
101164.8765
101164.8764
101164.8763
101164.8762
101164.8761
101164.8761
101164.876
101164.876
101164.8759
101164.8759
101164.8759
101164.8758
101164.8758
101164.8472
101164.8472
101164.8472
101164.8472
101164.8472
101164.8471
101164.8471
101164.8471
101164.847
101164.847
101164.8469
101164.8468
101164.8468
101164.8467
101164.8466
101164.8465
101164.8464
101164.8463
101164.8462
101164.8461
101164.846
101164.8459
101164.8458
101164.8457
101164.8456
101164.8455
101164.8455
101164.8454
101164.8453
101164.8452
101164.8451
101164.845
101164.845
101164.8449
101164.8449
101164.8448
101164.8448
101164.8448
101164.8448
101164.8448
101164.816
101164.816
101164.816
101164.816
101164.816
101164.816
101164.8159
101164.8159
101164.8158
101164.8158
101164.8157
101164.8157
101164.8156
101164.8155
101164.8154
101164.8154
101164.8153
101164.8152
101164.8151
101164.815
101164.8149
101164.8148
101164.8147
101164.8146
101164.8145
101164.8144
101164.8143
101164.8143
101164.8142
101164.8141
101164.814
101164.814
101164.8139
101164.8138
101164.8138
101164.8138
101164.8137
101164.8137
101164.8137
101164.8137
101164.7849
101164.7849
101164.7848
101164.7848
101164.7848
101164.7848
101164.7847
101164.7847
101164.7847
101164.7846
101164.7845
101164.7845
101164.7844
101164.7843
101164.7843
101164.7842
101164.7841
101164.784
101164.7839
101164.7839
101164.7838
101164.7837
101164.7836
101164.7835
101164.7834
101164.7833
101164.7832
101164.7831
101164.7831
101164.783
101164.7829
101164.7829
101164.7828
101164.7828
101164.7827
101164.7827
101164.7826
101164.7826
101164.7826
101164.7826
101164.7537
101164.7537
101164.7537
101164.7537
101164.7536
101164.7536
101164.7536
101164.7535
101164.7535
101164.7534
101164.7534
101164.7533
101164.7533
101164.7532
101164.7531
101164.753
101164.753
101164.7529
101164.7528
101164.7527
101164.7526
101164.7525
101164.7524
101164.7524
101164.7523
101164.7522
101164.7521
101164.752
101164.752
101164.7519
101164.7518
101164.7518
101164.7517
101164.7517
101164.7516
101164.7516
101164.7516
101164.7515
101164.7515
101164.7515
101164.7225
101164.7225
101164.7225
101164.7225
101164.7225
101164.7224
101164.7224
101164.7224
101164.7223
101164.7223
101164.7222
101164.7222
101164.7221
101164.722
101164.722
101164.7219
101164.7218
101164.7217
101164.7217
101164.7216
101164.7215
101164.7214
101164.7213
101164.7212
101164.7212
101164.7211
101164.721
101164.7209
101164.7209
101164.7208
101164.7207
101164.7207
101164.7206
101164.7206
101164.7205
101164.7205
101164.7205
101164.7204
101164.7204
101164.7204
101164.6914
101164.6914
101164.6913
101164.6913
101164.6913
101164.6913
101164.6912
101164.6912
101164.6912
101164.6911
101164.6911
101164.691
101164.6909
101164.6909
101164.6908
101164.6907
101164.6907
101164.6906
101164.6905
101164.6904
101164.6904
101164.6903
101164.6902
101164.6901
101164.69
101164.69
101164.6899
101164.6898
101164.6897
101164.6897
101164.6896
101164.6896
101164.6895
101164.6895
101164.6894
101164.6894
101164.6894
101164.6894
101164.6893
101164.6893
101164.6602
101164.6602
101164.6602
101164.6602
101164.6601
101164.6601
101164.6601
101164.6601
101164.66
101164.66
101164.6599
101164.6599
101164.6598
101164.6597
101164.6597
101164.6596
101164.6595
101164.6595
101164.6594
101164.6593
101164.6592
101164.6591
101164.6591
101164.659
101164.6589
101164.6588
101164.6588
101164.6587
101164.6586
101164.6586
101164.6585
101164.6585
101164.6584
101164.6584
101164.6583
101164.6583
101164.6583
101164.6583
101164.6582
101164.6582
101164.629
101164.629
101164.629
101164.629
101164.629
101164.629
101164.6289
101164.6289
101164.6289
101164.6288
101164.6288
101164.6287
101164.6287
101164.6286
101164.6285
101164.6285
101164.6284
101164.6283
101164.6282
101164.6282
101164.6281
101164.628
101164.6279
101164.6279
101164.6278
101164.6277
101164.6277
101164.6276
101164.6275
101164.6275
101164.6274
101164.6274
101164.6273
101164.6273
101164.6272
101164.6272
101164.6272
101164.6272
101164.6271
101164.6271
101164.5979
101164.5979
101164.5979
101164.5979
101164.5978
101164.5978
101164.5978
101164.5978
101164.5977
101164.5977
101164.5976
101164.5976
101164.5975
101164.5975
101164.5974
101164.5973
101164.5973
101164.5972
101164.5971
101164.597
101164.597
101164.5969
101164.5968
101164.5967
101164.5967
101164.5966
101164.5965
101164.5965
101164.5964
101164.5964
101164.5963
101164.5962
101164.5962
101164.5962
101164.5961
101164.5961
101164.5961
101164.5961
101164.596
101164.596
101164.5668
101164.5668
101164.5667
101164.5667
101164.5667
101164.5667
101164.5666
101164.5666
101164.5666
101164.5665
101164.5665
101164.5664
101164.5664
101164.5663
101164.5663
101164.5662
101164.5661
101164.5661
101164.566
101164.5659
101164.5658
101164.5658
101164.5657
101164.5656
101164.5656
101164.5655
101164.5654
101164.5654
101164.5653
101164.5652
101164.5652
101164.5651
101164.5651
101164.5651
101164.565
101164.565
101164.565
101164.565
101164.5649
101164.5649
101164.5356
101164.5356
101164.5356
101164.5356
101164.5356
101164.5355
101164.5355
101164.5355
101164.5354
101164.5354
101164.5353
101164.5353
101164.5352
101164.5352
101164.5351
101164.5351
101164.535
101164.5349
101164.5349
101164.5348
101164.5347
101164.5346
101164.5346
101164.5345
101164.5344
101164.5344
101164.5343
101164.5342
101164.5342
101164.5341
101164.5341
101164.534
101164.534
101164.534
101164.5339
101164.5339
101164.5339
101164.5339
101164.5338
101164.5338
101164.5045
101164.5045
101164.5045
101164.5045
101164.5044
101164.5044
101164.5044
101164.5043
101164.5043
101164.5043
101164.5042
101164.5042
101164.5041
101164.5041
101164.504
101164.5039
101164.5039
101164.5038
101164.5037
101164.5037
101164.5036
101164.5035
101164.5035
101164.5034
101164.5033
101164.5033
101164.5032
101164.5031
101164.5031
101164.503
101164.503
101164.5029
101164.5029
101164.5028
101164.5028
101164.5028
101164.5028
101164.5027
101164.5027
101164.5027
101164.4734
101164.4733
101164.4733
101164.4733
101164.4733
101164.4733
101164.4732
101164.4732
101164.4732
101164.4731
101164.4731
101164.473
101164.473
101164.4729
101164.4729
101164.4728
101164.4727
101164.4727
101164.4726
101164.4725
101164.4725
101164.4724
101164.4723
101164.4723
101164.4722
101164.4721
101164.4721
101164.472
101164.472
101164.4719
101164.4719
101164.4718
101164.4718
101164.4717
101164.4717
101164.4717
101164.4717
101164.4716
101164.4716
101164.4716
101164.4422
101164.4422
101164.4422
101164.4422
101164.4422
101164.4422
101164.4421
101164.4421
101164.4421
101164.442
101164.442
101164.4419
101164.4419
101164.4418
101164.4417
101164.4417
101164.4416
101164.4416
101164.4415
101164.4414
101164.4414
101164.4413
101164.4412
101164.4411
101164.4411
101164.441
101164.441
101164.4409
101164.4408
101164.4408
101164.4407
101164.4407
101164.4407
101164.4406
101164.4406
101164.4406
101164.4405
101164.4405
101164.4405
101164.4405
101164.4111
101164.4111
101164.4111
101164.4111
101164.4111
101164.411
101164.411
101164.411
101164.4109
101164.4109
101164.4108
101164.4108
101164.4107
101164.4107
101164.4106
101164.4106
101164.4105
101164.4104
101164.4104
101164.4103
101164.4102
101164.4102
101164.4101
101164.41
101164.41
101164.4099
101164.4098
101164.4098
101164.4097
101164.4097
101164.4096
101164.4096
101164.4095
101164.4095
101164.4095
101164.4094
101164.4094
101164.4094
101164.4094
101164.4094
)
;

boundaryField
{
    front
    {
        type            wedge;
    }
    back
    {
        type            wedge;
    }
    tankWall
    {
        type            fixedFluxPressure;
        gradient        uniform 0;
        value           nonuniform List<scalar> 
120
(
102029.3958
102021.9327
102014.3275
102006.6692
101998.968
101991.2349
101983.4772
101975.7057
101967.9224
101960.129
101952.3216
101944.4979
101936.6537
101928.7842
101920.8848
101912.9515
101904.9813
101896.9724
101888.9243
101880.8373
101872.7132
101864.5543
101856.3638
101848.1446
101839.9
101831.6331
101823.3467
101815.0434
101806.7252
101798.3925
101790.0433
101781.6724
101773.2714
101764.8287
101756.3306
101747.7637
101739.1192
101730.3953
101721.5998
101712.7514
101703.8781
101695.0124
101686.1837
101677.412
101668.7041
101660.0544
101651.4477
101642.8615
101634.2727
101625.6533
101616.9711
101608.2529
101599.5315
101591.1007
101583.5692
101577.3187
101572.514
101568.3748
101562.6306
101549.9866
101520.2494
101412.1821
101182.4951
101166.135
101166.1058
101166.0758
101166.0458
101166.0158
101165.9856
101165.9554
101165.9252
101165.8948
101165.8644
101165.8339
101165.8034
101165.7728
101165.7421
101165.7115
101165.6808
101165.65
101165.6192
101165.5884
101165.5576
101165.5267
101165.4959
101165.465
101165.4341
101165.4031
101165.3722
101165.3412
101165.3103
101165.2793
101165.2483
101165.2173
101165.1863
101165.1553
101165.1242
101165.0932
101165.0622
101165.0311
101165.0001
101164.969
101164.938
101164.9069
101164.8758
101164.8448
101164.8137
101164.7826
101164.7515
101164.7204
101164.6893
101164.6582
101164.6271
101164.596
101164.5649
101164.5338
101164.5027
101164.4716
101164.4405
101164.4094
)
;
    }
    bottom
    {
        type            fixedFluxPressure;
        gradient        uniform 0;
        value           nonuniform List<scalar> 
40
(
102029.2949
102029.2951
102029.2954
102029.2959
102029.2965
102029.2973
102029.2982
102029.2993
102029.3006
102029.3021
102029.3038
102029.3057
102029.3078
102029.3102
102029.3129
102029.3158
102029.3191
102029.3228
102029.3269
102029.3313
102029.3363
102029.3418
102029.3478
102029.3544
102029.3616
102029.3695
102029.378
102029.3872
102029.3971
102029.4077
102029.4188
102029.4303
102029.4422
102029.4541
102029.4657
102029.4765
102029.4865
102029.4906
102029.5148
102029.3958
)
;
    }
    top
    {
        type            fixedFluxPressure;
        gradient        uniform 0;
        value           nonuniform List<scalar> 
40
(
101164.4111
101164.4111
101164.4111
101164.4111
101164.4111
101164.411
101164.411
101164.411
101164.4109
101164.4109
101164.4108
101164.4108
101164.4107
101164.4107
101164.4106
101164.4106
101164.4105
101164.4104
101164.4104
101164.4103
101164.4102
101164.4102
101164.4101
101164.41
101164.41
101164.4099
101164.4098
101164.4098
101164.4097
101164.4097
101164.4096
101164.4096
101164.4095
101164.4095
101164.4095
101164.4094
101164.4094
101164.4094
101164.4094
101164.4094
)
;
    }
    axis
    {
        type            empty;
    }
}


// ************************************************************************* //
