/*--------------------------------*- C++ -*----------------------------------*\
| =========                 |                                                 |
| \\      /  F ield         | OpenFOAM: The Open Source CFD Toolbox           |
|  \\    /   O peration     | Version:  v1912                                 |
|   \\  /    A nd           | Website:  www.openfoam.com                      |
|    \\/     M anipulation  |                                                 |
\*---------------------------------------------------------------------------*/
FoamFile
{
    version     2.0;
    format      ascii;
    class       volScalarField;
    location    "0.5";
    object      p;
}
// * * * * * * * * * * * * * * * * * * * * * * * * * * * * * * * * * * * * * //

dimensions      [1 -1 -2 0 0 0 0];


internalField   nonuniform List<scalar> 
4800
(
102289.1094
102289.1088
102289.1075
102289.1054
102289.1026
102289.0992
102289.0951
102289.0903
102289.0849
102289.0788
102289.0722
102289.065
102289.0573
102289.0491
102289.0404
102289.0313
102289.0219
102289.0121
102289.002
102288.9917
102288.9812
102288.9706
102288.9598
102288.9491
102288.9383
102288.9276
102288.917
102288.9065
102288.8962
102288.886
102288.8761
102288.8664
102288.857
102288.8479
102288.8391
102288.8307
102288.8235
102288.8127
102288.8253
102288.7413
102274.3961
102274.3955
102274.3941
102274.392
102274.3893
102274.3858
102274.3817
102274.3769
102274.3714
102274.3654
102274.3587
102274.3515
102274.3438
102274.3356
102274.3269
102274.3177
102274.3082
102274.2984
102274.2883
102274.2779
102274.2674
102274.2567
102274.246
102274.2352
102274.2244
102274.2136
102274.203
102274.1925
102274.1821
102274.1719
102274.162
102274.1522
102274.1428
102274.1336
102274.1248
102274.1163
102274.1087
102274.0992
102274.105
102274.0495
102259.6832
102259.6827
102259.6813
102259.6792
102259.6764
102259.673
102259.6688
102259.664
102259.6585
102259.6524
102259.6457
102259.6385
102259.6307
102259.6224
102259.6136
102259.6045
102259.5949
102259.585
102259.5748
102259.5644
102259.5538
102259.5431
102259.5322
102259.5214
102259.5105
102259.4997
102259.489
102259.4784
102259.468
102259.4577
102259.4477
102259.4379
102259.4284
102259.4191
102259.4102
102259.4016
102259.3936
102259.3853
102259.3862
102259.2976
102244.971
102244.9704
102244.969
102244.967
102244.9641
102244.9606
102244.9564
102244.9516
102244.9461
102244.9399
102244.9332
102244.9259
102244.918
102244.9096
102244.9008
102244.8915
102244.8819
102244.8719
102244.8616
102244.8511
102244.8404
102244.8295
102244.8186
102244.8076
102244.7966
102244.7857
102244.7749
102244.7643
102244.7537
102244.7434
102244.7333
102244.7234
102244.7138
102244.7044
102244.6952
102244.6865
102244.6781
102244.6703
102244.6683
102244.5577
102230.2593
102230.2587
102230.2573
102230.2552
102230.2524
102230.2489
102230.2446
102230.2397
102230.2341
102230.2279
102230.2211
102230.2137
102230.2057
102230.1973
102230.1883
102230.1789
102230.1692
102230.159
102230.1486
102230.138
102230.1271
102230.1161
102230.105
102230.0939
102230.0828
102230.0718
102230.0608
102230.0501
102230.0394
102230.029
102230.0188
102230.0087
102229.9989
102229.9894
102229.98
102229.971
102229.9622
102229.9543
102229.9501
102229.8217
102215.5482
102215.5476
102215.5462
102215.5441
102215.5412
102215.5376
102215.5333
102215.5284
102215.5227
102215.5164
102215.5095
102215.502
102215.4939
102215.4853
102215.4762
102215.4667
102215.4568
102215.4465
102215.4359
102215.425
102215.414
102215.4028
102215.3916
102215.3803
102215.369
102215.3578
102215.3467
102215.3358
102215.325
102215.3144
102215.3041
102215.2939
102215.284
102215.2742
102215.2646
102215.2552
102215.2458
102215.2374
102215.2307
102215.0876
102200.8376
102200.8371
102200.8357
102200.8335
102200.8306
102200.827
102200.8226
102200.8175
102200.8118
102200.8054
102200.7984
102200.7907
102200.7825
102200.7738
102200.7645
102200.7548
102200.7447
102200.7342
102200.7234
102200.7123
102200.7011
102200.6897
102200.6782
102200.6667
102200.6552
102200.6438
102200.6326
102200.6215
102200.6105
102200.5998
102200.5893
102200.579
102200.5688
102200.5588
102200.5489
102200.5391
102200.5291
102200.52
102200.5104
102200.3551
102186.1277
102186.1271
102186.1257
102186.1235
102186.1206
102186.1169
102186.1124
102186.1073
102186.1014
102186.0949
102186.0877
102186.08
102186.0716
102186.0627
102186.0532
102186.0433
102186.0329
102186.0222
102186.0112
102185.9999
102185.9884
102185.9767
102185.965
102185.9532
102185.9415
102185.9299
102185.9184
102185.9071
102185.8959
102185.885
102185.8744
102185.8639
102185.8536
102185.8434
102185.8332
102185.8229
102185.8123
102185.8024
102185.7902
102185.6241
102171.4184
102171.4178
102171.4164
102171.4141
102171.4111
102171.4073
102171.4028
102171.3976
102171.3916
102171.385
102171.3776
102171.3697
102171.3611
102171.352
102171.3423
102171.3321
102171.3215
102171.3105
102171.2992
102171.2876
102171.2758
102171.2639
102171.2518
102171.2398
102171.2278
102171.2159
102171.2042
102171.1926
102171.1813
102171.1702
102171.1593
102171.1487
102171.1382
102171.1278
102171.1174
102171.1068
102171.0955
102171.085
102171.0705
102170.895
102156.7097
102156.7091
102156.7076
102156.7053
102156.7023
102156.6984
102156.6938
102156.6884
102156.6823
102156.6755
102156.6681
102156.6599
102156.6511
102156.6417
102156.6318
102156.6214
102156.6105
102156.5992
102156.5875
102156.5756
102156.5635
102156.5512
102156.5388
102156.5264
102156.5141
102156.5019
102156.4899
102156.4781
102156.4665
102156.4552
102156.4442
102156.4334
102156.4228
102156.4123
102156.4017
102156.3908
102156.3791
102156.3681
102156.3515
102156.1672
102142.0016
102142.001
102141.9995
102141.9972
102141.9941
102141.9901
102141.9854
102141.9799
102141.9737
102141.9667
102141.959
102141.9507
102141.9416
102141.932
102141.9218
102141.911
102141.8998
102141.8882
102141.8762
102141.8639
102141.8513
102141.8387
102141.8259
102141.8131
102141.8005
102141.7879
102141.7756
102141.7635
102141.7517
102141.7402
102141.729
102141.7181
102141.7074
102141.6967
102141.686
102141.675
102141.6631
102141.6517
102141.6339
102141.4413
102127.2942
102127.2936
102127.2921
102127.2897
102127.2865
102127.2825
102127.2776
102127.272
102127.2656
102127.2584
102127.2505
102127.2419
102127.2327
102127.2227
102127.2122
102127.2011
102127.1896
102127.1775
102127.1651
102127.1524
102127.1394
102127.1263
102127.1131
102127.0999
102127.0868
102127.0739
102127.0612
102127.0488
102127.0367
102127.025
102127.0136
102127.0026
102126.9918
102126.9812
102126.9705
102126.9595
102126.9475
102126.9359
102126.9177
102126.7183
102112.5875
102112.5869
102112.5853
102112.5829
102112.5796
102112.5754
102112.5705
102112.5647
102112.5581
102112.5508
102112.5427
102112.5338
102112.5243
102112.514
102112.5031
102112.4917
102112.4797
102112.4672
102112.4544
102112.4412
102112.4277
102112.4141
102112.4005
102112.3868
102112.3732
102112.3598
102112.3467
102112.334
102112.3216
102112.3096
102112.2981
102112.287
102112.2763
102112.2657
102112.2551
102112.2443
102112.2326
102112.2211
102112.2031
102111.9983
102097.8815
102097.8808
102097.8792
102097.8767
102097.8733
102097.8691
102097.864
102097.8581
102097.8513
102097.8438
102097.8354
102097.8263
102097.8164
102097.8058
102097.7946
102097.7827
102097.7703
102097.7574
102097.744
102097.7303
102097.7163
102097.7022
102097.6879
102097.6737
102097.6596
102097.6458
102097.6322
102097.619
102097.6063
102097.5941
102097.5825
102097.5713
102097.5606
102097.5502
102097.5399
102097.5295
102097.5182
102097.5072
102097.49
102097.2812
102083.1761
102083.1755
102083.1739
102083.1713
102083.1678
102083.1635
102083.1583
102083.1522
102083.1452
102083.1374
102083.1288
102083.1194
102083.1092
102083.0982
102083.0866
102083.0742
102083.0613
102083.0479
102083.034
102083.0197
102083.0051
102082.9904
102082.9756
102082.9607
102082.9461
102082.9317
102082.9176
102082.904
102082.8909
102082.8784
102082.8666
102082.8554
102082.8447
102082.8346
102082.8247
102082.8149
102082.8044
102082.7942
102082.7785
102082.5668
102068.4716
102068.4709
102068.4692
102068.4666
102068.463
102068.4586
102068.4532
102068.4469
102068.4398
102068.4318
102068.4229
102068.4131
102068.4026
102068.3912
102068.3791
102068.3663
102068.3529
102068.3389
102068.3244
102068.3095
102068.2943
102068.2788
102068.2633
102068.2478
102068.2325
102068.2175
102068.2029
102068.1887
102068.1752
102068.1625
102068.1504
102068.1392
102068.1287
102068.1189
102068.1095
102068.1005
102068.091
102068.082
102068.0684
102067.8547
102053.7678
102053.7671
102053.7654
102053.7627
102053.759
102053.7544
102053.7489
102053.7425
102053.7351
102053.7268
102053.7176
102053.7076
102053.6966
102053.6849
102053.6723
102053.659
102053.645
102053.6304
102053.6152
102053.5996
102053.5837
102053.5675
102053.5513
102053.535
102053.519
102053.5033
102053.488
102053.4733
102053.4593
102053.4462
102053.434
102053.4227
102053.4124
102053.4029
102053.3943
102053.3861
102053.378
102053.3707
102053.3593
102053.1449
102039.0647
102039.0641
102039.0623
102039.0595
102039.0558
102039.0511
102039.0454
102039.0388
102039.0312
102039.0226
102039.0132
102039.0027
102038.9914
102038.9792
102038.9661
102038.9522
102038.9376
102038.9223
102038.9065
102038.8901
102038.8734
102038.8564
102038.8394
102038.8223
102038.8055
102038.7889
102038.773
102038.7576
102038.7431
102038.7296
102038.7171
102038.7057
102038.6956
102038.6866
102038.6787
102038.6718
102038.6652
102038.66
102038.6509
102038.4367
102024.3625
102024.3618
102024.36
102024.3572
102024.3533
102024.3485
102024.3427
102024.3359
102024.3281
102024.3193
102024.3095
102024.2987
102024.2869
102024.2742
102024.2606
102024.2461
102024.2309
102024.2149
102024.1983
102024.1811
102024.1635
102024.1457
102024.1277
102024.1097
102024.0919
102024.0746
102024.0577
102024.0417
102024.0265
102024.0125
102023.9997
102023.9883
102023.9783
102023.9698
102023.9628
102023.9571
102023.9524
102023.9496
102023.9429
102023.7293
102009.6612
102009.6604
102009.6586
102009.6557
102009.6518
102009.6468
102009.6408
102009.6338
102009.6258
102009.6167
102009.6066
102009.5954
102009.5832
102009.57
102009.5559
102009.5408
102009.5248
102009.5081
102009.4906
102009.4725
102009.454
102009.4352
102009.4162
102009.3972
102009.3784
102009.3601
102009.3423
102009.3254
102009.3096
102009.2949
102009.2818
102009.2702
102009.2604
102009.2523
102009.2462
102009.2419
102009.2391
102009.239
102009.2347
102009.0219
101994.9606
101994.9599
101994.958
101994.955
101994.951
101994.946
101994.9398
101994.9327
101994.9244
101994.915
101994.9046
101994.893
101994.8804
101994.8667
101994.8519
101994.8361
101994.8194
101994.8019
101994.7835
101994.7645
101994.745
101994.725
101994.7049
101994.6848
101994.6649
101994.6455
101994.6267
101994.6088
101994.5921
101994.5768
101994.5631
101994.5513
101994.5416
101994.534
101994.5287
101994.5258
101994.5251
101994.5279
101994.526
101994.3137
101980.261
101980.2603
101980.2583
101980.2553
101980.2512
101980.246
101980.2398
101980.2324
101980.2239
101980.2143
101980.2035
101980.1915
101980.1784
101980.1642
101980.1488
101980.1323
101980.1148
101980.0964
101980.0771
101980.057
101980.0364
101980.0153
101979.9939
101979.9726
101979.9514
101979.9307
101979.9108
101979.8918
101979.8741
101979.858
101979.8437
101979.8316
101979.8218
101979.8145
101979.8101
101979.8086
101979.8101
101979.8157
101979.816
101979.6039
101965.5623
101965.5615
101965.5595
101965.5565
101965.5523
101965.547
101965.5406
101965.5331
101965.5244
101965.5145
101965.5033
101965.491
101965.4774
101965.4626
101965.4466
101965.4294
101965.4111
101965.3917
101965.3713
101965.3502
101965.3283
101965.3059
101965.2833
101965.2605
101965.238
101965.2159
101965.1946
101965.1743
101965.1555
101965.1384
101965.1234
101965.1107
101965.1008
101965.0938
101965.0901
101965.0899
101965.0935
101965.1021
101965.104
101964.8917
101950.8645
101950.8637
101950.8617
101950.8586
101950.8543
101950.849
101950.8424
101950.8347
101950.8258
101950.8157
101950.8042
101950.7915
101950.7774
101950.762
101950.7454
101950.7274
101950.7082
101950.6878
101950.6664
101950.644
101950.6208
101950.5971
101950.5729
101950.5487
101950.5245
101950.5009
101950.4781
101950.4564
101950.4363
101950.418
101950.402
101950.3887
101950.3784
101950.3715
101950.3683
101950.3693
101950.3748
101950.3859
101950.3901
101950.1765
101936.1677
101936.1668
101936.1648
101936.1616
101936.1573
101936.1519
101936.1453
101936.1374
101936.1283
101936.1179
101936.1061
101936.093
101936.0785
101936.0625
101936.0452
101936.0264
101936.0063
101935.9849
101935.9623
101935.9386
101935.914
101935.8887
101935.863
101935.837
101935.8112
101935.7858
101935.7613
101935.738
101935.7163
101935.6967
101935.6795
101935.6653
101935.6545
101935.6474
101935.6446
101935.6464
101935.6533
101935.6666
101935.6736
101935.4573
101921.4718
101921.4709
101921.4689
101921.4657
101921.4613
101921.4558
101921.4491
101921.4412
101921.4319
101921.4212
101921.4092
101921.3957
101921.3807
101921.3642
101921.3461
101921.3265
101921.3055
101921.283
101921.2591
101921.234
101921.2079
101921.181
101921.1535
101921.1257
101921.098
101921.0707
101921.0442
101921.019
101920.9955
101920.9743
101920.9558
101920.9404
101920.9288
101920.9214
101920.9186
101920.921
101920.9292
101920.9444
101920.9531
101920.7335
101906.7768
101906.776
101906.7739
101906.7707
101906.7664
101906.7608
101906.7541
101906.746
101906.7366
101906.7257
101906.7134
101906.6996
101906.6841
101906.667
101906.6483
101906.6279
101906.6058
101906.5821
101906.557
101906.5304
101906.5027
101906.474
101906.4445
101906.4147
101906.3849
101906.3554
101906.3268
101906.2994
101906.274
101906.2508
101906.2306
101906.2139
101906.2012
101906.1931
101906.1902
101906.1929
101906.202
101906.2188
101906.2283
101906.0046
101892.0829
101892.082
101892.08
101892.0768
101892.0724
101892.0669
101892.0601
101892.0519
101892.0424
101892.0314
101892.0189
101892.0047
101891.9888
101891.9712
101891.9517
101891.9305
101891.9074
101891.8825
101891.856
101891.8279
101891.7984
101891.7677
101891.7362
101891.7042
101891.672
101891.6401
101891.609
101891.5793
101891.5515
101891.5262
101891.504
101891.4856
101891.4716
101891.4625
101891.459
101891.4617
101891.4713
101891.4894
101891.4989
101891.2702
101877.3899
101877.389
101877.387
101877.3838
101877.3795
101877.374
101877.3672
101877.359
101877.3495
101877.3383
101877.3256
101877.3111
101877.2949
101877.2767
101877.2566
101877.2344
101877.2103
101877.1842
101877.1562
101877.1265
101877.0951
101877.0624
101877.0286
101876.9941
101876.9593
101876.9248
101876.891
101876.8586
101876.8282
101876.8003
101876.7759
101876.7554
101876.7396
101876.7292
101876.7249
101876.7272
101876.737
101876.7556
101876.7645
101876.5301
101862.6979
101862.697
101862.695
101862.6919
101862.6876
101862.6822
101862.6754
101862.6673
101862.6577
101862.6466
101862.6337
101862.619
101862.6024
101862.5837
101862.5629
101862.5399
101862.5148
101862.4874
101862.4579
101862.4264
101862.393
101862.358
101862.3218
101862.2846
101862.2471
101862.2096
101862.1728
101862.1373
101862.1038
101862.0732
101862.046
101862.0231
101862.0052
101861.9932
101861.9876
101861.9892
101861.9987
101862.0174
101862.025
101861.7842
101848.0068
101848.0059
101848.004
101848.0009
101847.9968
101847.9914
101847.9848
101847.9768
101847.9673
101847.9561
101847.9431
101847.9283
101847.9114
101847.8923
101847.8708
101847.8471
101847.8208
101847.7922
101847.7611
101847.7277
101847.6922
101847.6549
101847.616
101847.5759
101847.5352
101847.4945
101847.4543
101847.4154
101847.3786
101847.3446
101847.3144
101847.2886
101847.2683
101847.2541
101847.2469
101847.2474
101847.2562
101847.2745
101847.2801
101847.0324
101833.3166
101833.3158
101833.3139
101833.311
101833.307
101833.3018
101833.2953
101833.2875
101833.2781
101833.267
101833.2541
101833.2391
101833.222
101833.2025
101833.1805
101833.1559
101833.1287
101833.0987
101833.066
101833.0307
101832.993
101832.953
101832.9112
101832.868
101832.8239
101832.7796
101832.7356
101832.6929
101832.6523
101832.6146
101832.5808
101832.5518
101832.5285
101832.5119
101832.5026
101832.5016
101832.5094
101832.5268
101832.5297
101832.275
101818.6274
101818.6265
101818.6247
101818.622
101818.6182
101818.6132
101818.607
101818.5994
101818.5902
101818.5793
101818.5664
101818.5515
101818.5342
101818.5145
101818.492
101818.4667
101818.4384
101818.4071
101818.3728
101818.3355
101818.2954
101818.2527
101818.2078
101818.1612
101818.1133
101818.065
101818.0169
101817.97
101817.9251
101817.8832
101817.8453
101817.8126
101817.7859
101817.7662
101817.7545
101817.7516
101817.7583
101817.7745
101817.7737
101817.5124
101803.9389
101803.9381
101803.9365
101803.9339
101803.9303
101803.9256
101803.9197
101803.9125
101803.9036
101803.893
101803.8804
101803.8656
101803.8483
101803.8283
101803.8055
101803.7795
101803.7503
101803.7177
101803.6817
101803.6423
101803.5997
101803.5541
101803.5059
101803.4555
101803.4036
101803.3509
101803.2982
101803.2465
101803.1968
101803.1502
101803.1078
101803.0707
101803.0401
101803.0169
101803.0023
101802.9972
101803.0028
101803.018
101803.0117
101802.745
101789.2512
101789.2505
101789.249
101789.2467
101789.2434
101789.2391
101789.2336
101789.2267
101789.2183
101789.2081
101789.1959
101789.1813
101789.1642
101789.1442
101789.121
101789.0945
101789.0644
101789.0306
101788.9929
101788.9514
101788.9062
101788.8575
101788.8057
101788.7513
101788.695
101788.6374
101788.5797
101788.5227
101788.4677
101788.4157
101788.3681
101788.3261
101788.2909
101788.2638
101788.2457
101788.2378
101788.2413
101788.2549
101788.2465
101787.9729
101774.5643
101774.5636
101774.5623
101774.5602
101774.5573
101774.5535
101774.5485
101774.5422
101774.5344
101774.5247
101774.513
101774.4989
101774.482
101774.4621
101774.4388
101774.4119
101774.381
101774.346
101774.3066
101774.263
101774.215
101774.1631
101774.1075
101774.0487
101773.9876
101773.9248
101773.8614
101773.7986
101773.7375
101773.6796
101773.6262
101773.5786
101773.5383
101773.5065
101773.4845
101773.4732
101773.4736
101773.4852
101773.4772
101773.1955
101759.8779
101759.8773
101759.8762
101759.8745
101759.872
101759.8687
101759.8644
101759.8588
101759.8516
101759.8427
101759.8317
101759.8182
101759.8018
101759.7822
101759.759
101759.7318
101759.7003
101759.6641
101759.6232
101759.5773
101759.5266
101759.4713
101759.4116
101759.3481
101759.2817
101759.2131
101759.1435
101759.0742
101759.0065
101758.9419
101758.8819
101758.8281
101758.782
101758.7449
101758.7183
101758.7032
101758.7007
101758.7106
101758.7006
101758.4118
101745.1919
101745.1914
101745.1906
101745.1893
101745.1874
101745.1848
101745.1812
101745.1764
101745.1702
101745.1622
101745.152
101745.1393
101745.1237
101745.1046
101745.0817
101745.0544
101745.0224
101744.9853
101744.9428
101744.8948
101744.8413
101744.7823
101744.7183
101744.6498
101744.5776
101744.5027
101744.4263
101744.3498
101744.2747
101744.2026
101744.1353
101744.0744
101744.0217
101743.9787
101743.9469
101743.9275
101743.9218
101743.93
101743.9174
101743.6217
101730.5063
101730.506
101730.5054
101730.5046
101730.5033
101730.5014
101730.4987
101730.495
101730.4898
101730.4829
101730.4739
101730.4623
101730.4477
101730.4294
101730.407
101730.3799
101730.3477
101730.3098
101730.2659
101730.2158
101730.1593
101730.0966
101730.028
101729.9541
101729.8757
101729.7939
101729.7099
101729.6254
101729.542
101729.4616
101729.386
101729.3173
101729.2571
101729.2074
101729.1697
101729.1455
101729.1362
101729.1425
101729.1269
101728.8246
101715.8209
101715.8207
101715.8205
101715.8202
101715.8197
101715.8187
101715.817
101715.8144
101715.8105
101715.805
101715.7974
101715.7872
101715.7738
101715.7566
101715.7351
101715.7085
101715.6763
101715.6379
101715.5928
101715.5406
101715.4812
101715.4147
101715.3412
101715.2615
101715.1763
101715.0869
101714.9946
101714.9012
101714.8086
101714.7189
101714.6341
101714.5565
101714.4881
101714.4307
101714.3864
101714.3566
101714.3432
101714.3472
101714.3283
101714.0195
101701.1355
101701.1354
101701.1357
101701.136
101701.1362
101701.1363
101701.1358
101701.1346
101701.1322
101701.1283
101701.1223
101701.1138
101701.102
101701.0864
101701.0661
101701.0404
101701.0086
101700.9699
101700.9238
101700.8697
101700.8074
101700.7369
101700.6584
101700.5724
101700.4799
101700.3822
101700.2807
101700.1775
101700.0746
101699.9745
101699.8794
101699.7918
101699.7141
101699.6482
101699.5963
101699.5601
101699.5416
101699.543
101699.5205
101699.205
101686.4498
101686.45
101686.4506
101686.4517
101686.4528
101686.454
101686.4549
101686.4553
101686.4546
101686.4526
101686.4487
101686.4422
101686.4325
101686.4187
101686.4001
101686.3757
101686.3446
101686.3061
101686.2593
101686.2036
101686.1385
101686.0639
101685.9801
101685.8874
101685.787
101685.6801
101685.5686
101685.4544
101685.3401
101685.2282
101685.1216
101685.0229
101684.9347
101684.8593
101684.7989
101684.7553
101684.7305
101684.7282
101684.7018
101684.3792
101671.7637
101671.7641
101671.7652
101671.767
101671.7693
101671.7717
101671.7742
101671.7763
101671.7777
101671.7779
101671.7763
101671.7722
101671.765
101671.7536
101671.7371
101671.7146
101671.6848
101671.6469
101671.5998
101671.5427
101671.475
101671.3963
101671.3069
101671.2072
101671.0982
101670.9813
101670.8585
101670.7322
101670.605
101670.4801
101670.3605
101670.2494
101670.1496
101670.0635
101669.9934
101669.9411
101669.9086
101669.9013
101669.8699
101669.5397
101657.0769
101657.0775
101657.0792
101657.0818
101657.0852
101657.0891
101657.0933
101657.0974
101657.1011
101657.1038
101657.1049
101657.1038
101657.0995
101657.091
101657.0773
101657.0572
101657.0294
101656.9926
101656.9457
101656.8876
101656.8174
101656.7348
101656.6397
101656.5324
101656.4141
101656.2862
101656.151
101656.011
101655.8695
101655.7299
101655.5958
101655.4707
101655.358
101655.26
101655.1789
101655.1163
101655.0741
101655.0603
101655.0225
101654.6833
101642.3891
101642.3899
101642.3922
101642.3958
101642.4004
101642.4059
101642.412
101642.4183
101642.4246
101642.4302
101642.4344
101642.4367
101642.4359
101642.431
101642.4207
101642.4037
101642.3785
101642.3436
101642.2975
101642.2389
101642.1667
101642.0802
101641.9792
101641.8639
101641.7355
101641.5956
101641.4466
101641.2914
101641.1336
101640.9774
101640.8269
101640.6863
101640.5593
101640.448
101640.3545
101640.2793
101640.2246
101640.2023
101640.1559
101639.8058
101627.6999
101627.701
101627.704
101627.7086
101627.7146
101627.7217
101627.7299
101627.7388
101627.7478
101627.7566
101627.7645
101627.7706
101627.7739
101627.7733
101627.7672
101627.7542
101627.7324
101627.7002
101627.6557
101627.5972
101627.5234
101627.4333
101627.3263
101627.2027
101627.0634
101626.9102
101626.7457
101626.5734
101626.3973
101626.2221
101626.0531
101625.8953
101625.7526
101625.6268
101625.5192
101625.428
101625.3561
101625.3226
101625.2644
101624.9
101613.009
101613.0105
101613.0142
101613.0198
101613.0273
101613.0363
101613.0467
101613.0583
101613.0705
101613.0829
101613.0947
101613.1053
101613.1134
101613.1177
101613.1168
101613.1086
101613.0914
101613.0628
101613.0208
101612.9632
101612.8885
101612.795
101612.6822
101612.5498
101612.3987
101612.2309
101612.0492
101611.8575
101611.6603
101611.4636
101611.2736
101611.0966
101610.9373
101610.7955
101610.6714
101610.5585
101610.4616
101610.4123
101610.3377
101609.9551
101598.3162
101598.318
101598.3224
101598.3292
101598.3381
101598.3491
101598.362
101598.3764
101598.392
101598.4084
101598.4247
101598.4403
101598.4539
101598.4641
101598.4692
101598.4671
101598.4554
101598.4317
101598.3933
101598.3378
101598.2628
101598.1666
101598.048
101597.9065
101597.7428
101597.5589
101597.3579
101597.144
101596.9227
101596.7009
101596.4868
101596.2886
101596.1122
101595.9536
101595.8096
101595.6638
101595.5265
101595.4543
101595.3593
101594.956
101583.6209
101583.6231
101583.6283
101583.6362
101583.6468
101583.6598
101583.6753
101583.6928
101583.7121
101583.7327
101583.754
101583.7751
101583.7949
101583.8119
101583.8242
101583.8293
101583.8247
101583.8072
101583.7739
101583.7215
101583.6474
101583.5491
101583.425
101583.2743
101583.0971
101582.8954
101582.6726
101582.4335
101582.1842
101581.9333
101581.6913
101581.4691
101581.2736
101581.0962
101580.9272
101580.7277
101580.5225
101580.4178
101580.3012
101579.8852
101568.9228
101568.9254
101568.9314
101568.9405
101568.9527
101568.968
101568.986
101569.0068
101569.03
101569.0552
101569.0818
101569.1092
101569.136
101569.1607
101569.1813
101569.1952
101569.1991
101569.1896
101569.1629
101569.1153
101569.0433
101568.9439
101568.8148
101568.6547
101568.4632
101568.242
101567.9947
101567.7266
101567.4445
101567.1592
101566.8846
101566.6395
101566.4276
101566.223
101566.0044
101565.7065
101565.3847
101565.2408
101565.1189
101564.7291
101554.2216
101554.2245
101554.2313
101554.2416
101554.2556
101554.273
101554.2938
101554.3179
101554.3451
101554.3752
101554.4076
101554.4417
101554.4763
101554.5098
101554.5401
101554.5642
101554.5786
101554.579
101554.5609
101554.5199
101554.4517
101554.3524
101554.219
101554.0496
101553.8431
101553.6006
101553.3257
101553.0237
101552.7021
101552.3745
101552.0661
101551.8095
101551.5974
101551.3606
101551.0277
101550.5134
101549.9776
101549.8171
101549.7578
101549.4978
101539.5167
101539.52
101539.5276
101539.5392
101539.5548
101539.5744
101539.5979
101539.6255
101539.6569
101539.692
101539.7304
101539.7717
101539.8149
101539.8583
101539.8997
101539.9359
101539.9628
101539.9754
101539.9683
101539.9362
101539.8736
101539.7761
101539.6396
101539.4612
101539.2389
101538.9733
101538.6674
101538.3253
101537.9548
101537.578
101537.2414
101536.9942
101536.809
101536.544
101536.0008
101535.0846
101534.1548
101534.0348
101534.1721
101534.2844
101524.8078
101524.8115
101524.8198
101524.8326
101524.8499
101524.8716
101524.898
101524.9289
101524.9645
101525.0047
101525.0494
101525.0983
101525.1507
101525.205
101525.259
101525.3093
101525.3512
101525.3787
101525.3854
101525.3648
101525.3104
101525.2167
101525.0786
101524.8918
101524.653
101524.3625
101524.0227
101523.6342
101523.2064
101522.7736
101522.4053
101522.1811
101522.0391
101521.7814
101520.989
101519.4704
101517.8841
101517.8504
101518.4056
101519.32
101510.0946
101510.0986
101510.1077
101510.1216
101510.1404
101510.1643
101510.1932
101510.2275
101510.2672
101510.3125
101510.3635
101510.4203
101510.4823
101510.5486
101510.6168
101510.6834
101510.743
101510.7886
101510.8124
101510.8065
101510.7631
101510.6758
101510.5383
101510.3441
101510.0881
101509.7719
101509.3986
101508.9623
101508.4708
101507.9719
101507.5669
101507.332
101507.1872
101506.971
101506.0371
101503.8261
101501.4186
101501.4173
101502.7181
101505.0526
101495.3767
101495.3811
101495.3907
101495.4057
101495.4261
101495.4518
101495.4833
101495.5206
101495.5642
101495.6144
101495.6716
101495.7363
101495.8083
101495.8872
101495.9712
101496.0565
101496.137
101496.2044
101496.2493
101496.2618
101496.2328
101496.1551
101496.0215
101495.8213
101495.5485
101495.2093
101494.8099
101494.3327
101493.7775
101493.219
101492.7834
101492.4387
101492.1562
101491.898
101490.9729
101488.4036
101485.3001
101485.3613
101487.865
101491.9968
101480.654
101480.6585
101480.6687
101480.6846
101480.7063
101480.7339
101480.7676
101480.8078
101480.8549
101480.9096
101480.9726
101481.0447
101481.1267
101481.2189
101481.32
101481.4266
101481.5318
101481.6255
101481.6961
101481.7315
101481.7208
101481.657
101481.5324
101481.3293
101481.04
101480.6822
101480.27
101479.7769
101479.194
101478.6561
101478.2685
101477.7414
101477.0537
101476.4229
101475.6161
101473.58
101470.6467
101471.0144
101474.8284
101480.6472
101465.9261
101465.9306
101465.9412
101465.958
101465.9809
101466.0101
101466.0458
101466.0885
101466.1388
101466.1974
101466.2654
101466.3443
101466.4357
101466.541
101466.6604
101466.7912
101466.9257
101467.0511
101467.1532
101467.2166
101467.2273
101467.1827
101467.0739
101466.8711
101466.5682
101466.2049
101465.82
101465.3916
101464.9056
101464.6114
101464.4764
101463.7879
101462.4066
101461.0252
101460.1779
101459.7093
101458.584
101459.5395
101464.267
101471.2094
101451.1932
101451.1974
101451.2081
101451.2254
101451.2494
101451.2799
101451.3172
101451.3619
101451.4147
101451.4763
101451.5484
101451.6329
101451.7324
101451.85
101451.9877
101452.1449
101452.3128
101452.4752
101452.6163
101452.7161
101452.7589
101452.7552
101452.7008
101452.5568
101452.3263
101452.0743
101451.8286
101451.5882
101451.4535
101451.6463
101451.9758
101451.3411
101449.384
101447.1934
101446.1169
101447.213
101448.712
101450.7345
101456.2318
101463.3526
101436.9723
101436.9771
101436.9886
101437.0068
101437.031
101437.0612
101437.0977
101437.1407
101437.191
101437.2495
101437.3179
101437.399
101437.4965
101437.6155
101437.7621
101437.941
101438.1457
101438.3585
101438.5757
101438.8132
101439.0501
101439.2772
101439.4838
101439.6291
101439.6928
101439.7207
101439.7277
101439.7384
101440.0596
101440.6389
101441.3824
101441.2455
101439.3833
101436.9772
101435.8348
101437.1347
101440.0271
101443.6308
101449.6547
101456.1281
101429.0262
101429.0284
101429.0346
101429.0443
101429.057
101429.0726
101429.0911
101429.1128
101429.138
101429.1672
101429.2018
101429.2436
101429.2956
101429.3629
101429.4531
101429.5779
101429.7451
101429.9439
101430.1627
101430.4052
101430.6502
101430.8906
101431.1312
101431.3685
101431.5905
101431.7714
101431.88
101431.9637
101432.3326
101432.9054
101433.6803
101434.0533
101432.9931
101431.2733
101430.3334
101430.8423
101433.0648
101437.2926
101443.2434
101448.3804
101427.8889
101427.8886
101427.8885
101427.8887
101427.8893
101427.8901
101427.8913
101427.8929
101427.8949
101427.8976
101427.9011
101427.9059
101427.9129
101427.9237
101427.9414
101427.9722
101428.0255
101428.0993
101428.1806
101428.2545
101428.3163
101428.3733
101428.4326
101428.4948
101428.5563
101428.6098
101428.6408
101428.6669
101428.7902
101429.0665
101429.495
101429.8543
101429.6414
101428.89
101428.359
101428.3487
101429.1594
101431.7869
101436.1716
101439.4971
101427.8136
101427.8138
101427.814
101427.8142
101427.8145
101427.8149
101427.8154
101427.8161
101427.817
101427.8182
101427.8197
101427.8216
101427.824
101427.8268
101427.829
101427.8286
101427.8262
101427.8256
101427.8295
101427.835
101427.8394
101427.843
101427.8465
101427.85
101427.8536
101427.8559
101427.8554
101427.8527
101427.862
101427.9108
101428.0151
101428.1572
101428.2355
101428.0663
101427.8786
101427.8188
101427.9104
101428.5578
101430.0651
101431.2744
101427.7515
101427.7516
101427.7517
101427.752
101427.7522
101427.7526
101427.7531
101427.7537
101427.7545
101427.7555
101427.7567
101427.7581
101427.7598
101427.7612
101427.7618
101427.7599
101427.7544
101427.7462
101427.7383
101427.7328
101427.7289
101427.7257
101427.7228
101427.7205
101427.7187
101427.7173
101427.7156
101427.7136
101427.7127
101427.7147
101427.7236
101427.7457
101427.7711
101427.7728
101427.7422
101427.7195
101427.7238
101427.7491
101427.7802
101427.7931
101427.6895
101427.6895
101427.6897
101427.6898
101427.6901
101427.6905
101427.6909
101427.6914
101427.6921
101427.6929
101427.6938
101427.6948
101427.6958
101427.6964
101427.696
101427.6936
101427.6882
101427.6812
101427.6746
101427.6692
101427.6648
101427.6613
101427.6585
101427.6562
101427.6546
101427.6534
101427.6522
101427.6511
101427.651
101427.6522
101427.6533
101427.6557
101427.6589
101427.6634
101427.6675
101427.6638
101427.6609
101427.6636
101427.6662
101427.6671
101427.6273
101427.6274
101427.6275
101427.6277
101427.6279
101427.6282
101427.6286
101427.629
101427.6295
101427.6301
101427.6308
101427.6314
101427.6319
101427.6318
101427.6309
101427.6285
101427.624
101427.6183
101427.6125
101427.6074
101427.6032
101427.6
101427.5973
101427.5953
101427.5938
101427.5927
101427.5917
101427.5911
101427.5913
101427.5925
101427.5939
101427.596
101427.5985
101427.601
101427.6053
101427.6045
101427.6031
101427.6037
101427.605
101427.6057
101427.5652
101427.5652
101427.5653
101427.5655
101427.5656
101427.5659
101427.5662
101427.5665
101427.5669
101427.5673
101427.5677
101427.568
101427.5681
101427.5677
101427.5665
101427.5641
101427.5605
101427.5559
101427.551
101427.5465
101427.5427
101427.5396
101427.5371
101427.5352
101427.5338
101427.5328
101427.532
101427.5316
101427.5319
101427.5327
101427.534
101427.5358
101427.5379
101427.5402
101427.5429
101427.5434
101427.5427
101427.5429
101427.5437
101427.5441
101427.503
101427.503
101427.5031
101427.5032
101427.5033
101427.5035
101427.5037
101427.504
101427.5042
101427.5045
101427.5047
101427.5047
101427.5045
101427.5038
101427.5025
101427.5004
101427.4973
101427.4935
101427.4895
101427.4856
101427.4822
101427.4794
101427.4771
101427.4752
101427.4739
101427.4729
101427.4722
101427.472
101427.4721
101427.4728
101427.4739
101427.4753
101427.4771
101427.479
101427.4809
101427.4818
101427.4817
101427.4818
101427.4823
101427.4825
101427.4407
101427.4407
101427.4408
101427.4409
101427.441
101427.4411
101427.4413
101427.4414
101427.4416
101427.4417
101427.4417
101427.4415
101427.4411
101427.4403
101427.439
101427.437
101427.4344
101427.4312
101427.4279
101427.4246
101427.4216
101427.419
101427.4169
101427.4151
101427.4138
101427.4129
101427.4123
101427.412
101427.4122
101427.4127
101427.4136
101427.4148
101427.4162
101427.4177
101427.4192
101427.4201
101427.4203
101427.4205
101427.4208
101427.421
101427.3784
101427.3784
101427.3785
101427.3785
101427.3786
101427.3787
101427.3788
101427.3788
101427.3789
101427.3789
101427.3787
101427.3784
101427.3779
101427.377
101427.3757
101427.3739
101427.3716
101427.369
101427.3661
101427.3633
101427.3607
101427.3584
101427.3564
101427.3548
101427.3536
101427.3527
101427.3521
101427.3519
101427.3519
101427.3523
101427.3531
101427.354
101427.3552
101427.3565
101427.3576
101427.3584
101427.3588
101427.359
101427.3592
101427.3594
101427.3161
101427.3161
101427.3161
101427.3162
101427.3162
101427.3162
101427.3163
101427.3163
101427.3162
101427.3161
101427.3159
101427.3155
101427.3149
101427.314
101427.3127
101427.3111
101427.309
101427.3068
101427.3043
101427.3019
101427.2996
101427.2975
101427.2958
101427.2943
101427.2932
101427.2923
101427.2918
101427.2915
101427.2915
101427.2918
101427.2924
101427.2932
101427.2942
101427.2952
101427.2961
101427.2968
101427.2972
101427.2974
101427.2976
101427.2977
101427.2538
101427.2538
101427.2538
101427.2538
101427.2538
101427.2538
101427.2538
101427.2537
101427.2536
101427.2534
101427.2531
101427.2526
101427.252
101427.2511
101427.2499
101427.2484
101427.2466
101427.2446
101427.2425
101427.2404
101427.2384
101427.2365
101427.235
101427.2336
101427.2326
101427.2318
101427.2313
101427.231
101427.231
101427.2312
101427.2317
101427.2323
101427.2331
101427.2339
101427.2346
101427.2352
101427.2356
101427.2358
101427.236
101427.2361
101427.1915
101427.1915
101427.1915
101427.1915
101427.1914
101427.1914
101427.1913
101427.1912
101427.191
101427.1908
101427.1904
101427.1899
101427.1892
101427.1883
101427.1872
101427.1858
101427.1843
101427.1825
101427.1807
101427.1788
101427.1771
101427.1754
101427.174
101427.1728
101427.1718
101427.1711
101427.1706
101427.1703
101427.1703
101427.1704
101427.1708
101427.1713
101427.1719
101427.1726
101427.1732
101427.1737
101427.174
101427.1743
101427.1744
101427.1745
101427.1292
101427.1291
101427.1291
101427.1291
101427.129
101427.129
101427.1289
101427.1287
101427.1285
101427.1282
101427.1278
101427.1273
101427.1266
101427.1257
101427.1247
101427.1234
101427.122
101427.1205
101427.1189
101427.1172
101427.1157
101427.1142
101427.1129
101427.1118
101427.111
101427.1103
101427.1098
101427.1095
101427.1094
101427.1096
101427.1098
101427.1102
101427.1107
101427.1112
101427.1117
101427.1121
101427.1125
101427.1127
101427.1128
101427.1129
101427.0668
101427.0668
101427.0668
101427.0668
101427.0667
101427.0666
101427.0665
101427.0663
101427.066
101427.0657
101427.0653
101427.0647
101427.0641
101427.0632
101427.0623
101427.0611
101427.0599
101427.0585
101427.057
101427.0556
101427.0542
101427.0529
101427.0518
101427.0508
101427.05
101427.0493
101427.0489
101427.0486
101427.0485
101427.0486
101427.0488
101427.0491
101427.0495
101427.0499
101427.0503
101427.0506
101427.0509
101427.0511
101427.0512
101427.0513
101427.0045
101427.0045
101427.0045
101427.0044
101427.0043
101427.0042
101427.0041
101427.0039
101427.0036
101427.0033
101427.0028
101427.0023
101427.0016
101427.0009
101426.9999
101426.9989
101426.9978
101426.9965
101426.9952
101426.994
101426.9927
101426.9916
101426.9906
101426.9897
101426.9889
101426.9883
101426.9879
101426.9876
101426.9875
101426.9875
101426.9877
101426.9879
101426.9882
101426.9885
101426.9888
101426.9891
101426.9894
101426.9895
101426.9897
101426.9897
101426.9423
101426.9422
101426.9422
101426.9421
101426.942
101426.9419
101426.9417
101426.9415
101426.9412
101426.9409
101426.9404
101426.9399
101426.9393
101426.9385
101426.9377
101426.9367
101426.9357
101426.9346
101426.9335
101426.9323
101426.9312
101426.9302
101426.9293
101426.9284
101426.9278
101426.9272
101426.9268
101426.9265
101426.9264
101426.9264
101426.9265
101426.9267
101426.9269
101426.9271
101426.9274
101426.9276
101426.9278
101426.928
101426.9281
101426.9281
101426.88
101426.88
101426.8799
101426.8798
101426.8797
101426.8796
101426.8794
101426.8792
101426.8789
101426.8785
101426.8781
101426.8776
101426.877
101426.8763
101426.8755
101426.8746
101426.8737
101426.8727
101426.8717
101426.8707
101426.8697
101426.8688
101426.8679
101426.8672
101426.8665
101426.866
101426.8657
101426.8654
101426.8652
101426.8652
101426.8653
101426.8654
101426.8655
101426.8657
101426.866
101426.8661
101426.8663
101426.8664
101426.8665
101426.8666
101426.8177
101426.8177
101426.8177
101426.8176
101426.8175
101426.8173
101426.8171
101426.8169
101426.8166
101426.8163
101426.8158
101426.8153
101426.8148
101426.8141
101426.8134
101426.8126
101426.8117
101426.8108
101426.8099
101426.809
101426.8081
101426.8073
101426.8065
101426.8059
101426.8053
101426.8048
101426.8044
101426.8042
101426.804
101426.804
101426.804
101426.8041
101426.8042
101426.8043
101426.8045
101426.8046
101426.8048
101426.8049
101426.805
101426.805
101426.7555
101426.7555
101426.7555
101426.7554
101426.7553
101426.7551
101426.7549
101426.7547
101426.7544
101426.754
101426.7536
101426.7531
101426.7526
101426.752
101426.7513
101426.7506
101426.7498
101426.749
101426.7482
101426.7473
101426.7465
101426.7458
101426.7451
101426.7445
101426.744
101426.7435
101426.7432
101426.7429
101426.7428
101426.7427
101426.7427
101426.7427
101426.7428
101426.7429
101426.743
101426.7432
101426.7433
101426.7433
101426.7434
101426.7434
101426.6933
101426.6933
101426.6933
101426.6932
101426.6931
101426.6929
101426.6927
101426.6925
101426.6922
101426.6918
101426.6914
101426.691
101426.6905
101426.6899
101426.6893
101426.6886
101426.6879
101426.6872
101426.6864
101426.6857
101426.6849
101426.6843
101426.6836
101426.6831
101426.6826
101426.6822
101426.6819
101426.6816
101426.6814
101426.6814
101426.6813
101426.6813
101426.6814
101426.6815
101426.6816
101426.6817
101426.6817
101426.6818
101426.6818
101426.6819
101426.6312
101426.6312
101426.6311
101426.631
101426.6309
101426.6307
101426.6305
101426.6303
101426.63
101426.6297
101426.6293
101426.6289
101426.6284
101426.6279
101426.6273
101426.6267
101426.626
101426.6253
101426.6247
101426.624
101426.6233
101426.6227
101426.6221
101426.6216
101426.6212
101426.6208
101426.6205
101426.6203
101426.6201
101426.62
101426.6199
101426.6199
101426.62
101426.62
101426.6201
101426.6202
101426.6202
101426.6203
101426.6203
101426.6203
101426.569
101426.569
101426.569
101426.5689
101426.5687
101426.5686
101426.5684
101426.5682
101426.5679
101426.5676
101426.5672
101426.5668
101426.5664
101426.5659
101426.5653
101426.5648
101426.5642
101426.5635
101426.5629
101426.5623
101426.5617
101426.5612
101426.5606
101426.5602
101426.5598
101426.5594
101426.5591
101426.5589
101426.5587
101426.5586
101426.5585
101426.5585
101426.5585
101426.5586
101426.5586
101426.5586
101426.5587
101426.5587
101426.5588
101426.5588
101426.5069
101426.5069
101426.5068
101426.5068
101426.5066
101426.5065
101426.5063
101426.5061
101426.5058
101426.5055
101426.5052
101426.5048
101426.5044
101426.5039
101426.5034
101426.5029
101426.5023
101426.5018
101426.5012
101426.5006
101426.5001
101426.4996
101426.4991
101426.4987
101426.4983
101426.498
101426.4977
101426.4975
101426.4973
101426.4972
101426.4971
101426.4971
101426.4971
101426.4971
101426.4971
101426.4971
101426.4972
101426.4972
101426.4972
101426.4972
101426.4448
101426.4448
101426.4448
101426.4447
101426.4446
101426.4444
101426.4442
101426.444
101426.4438
101426.4435
101426.4431
101426.4428
101426.4424
101426.442
101426.4415
101426.441
101426.4405
101426.44
101426.4395
101426.439
101426.4385
101426.438
101426.4376
101426.4372
101426.4368
101426.4365
101426.4362
101426.436
101426.4359
101426.4358
101426.4357
101426.4356
101426.4356
101426.4356
101426.4356
101426.4356
101426.4356
101426.4357
101426.4357
101426.4357
101426.3828
101426.3828
101426.3827
101426.3826
101426.3825
101426.3824
101426.3822
101426.382
101426.3817
101426.3815
101426.3812
101426.3808
101426.3804
101426.38
101426.3796
101426.3792
101426.3787
101426.3782
101426.3778
101426.3773
101426.3768
101426.3764
101426.376
101426.3756
101426.3753
101426.375
101426.3748
101426.3746
101426.3744
101426.3743
101426.3742
101426.3741
101426.3741
101426.3741
101426.3741
101426.3741
101426.3741
101426.3741
101426.3741
101426.3741
101426.3207
101426.3207
101426.3207
101426.3206
101426.3205
101426.3203
101426.3202
101426.32
101426.3197
101426.3195
101426.3192
101426.3189
101426.3185
101426.3182
101426.3178
101426.3173
101426.3169
101426.3165
101426.316
101426.3156
101426.3152
101426.3148
101426.3144
101426.3141
101426.3138
101426.3135
101426.3133
101426.3131
101426.3129
101426.3128
101426.3127
101426.3127
101426.3126
101426.3126
101426.3126
101426.3126
101426.3126
101426.3126
101426.3126
101426.3126
101426.2587
101426.2587
101426.2587
101426.2586
101426.2585
101426.2583
101426.2582
101426.258
101426.2578
101426.2575
101426.2573
101426.257
101426.2566
101426.2563
101426.2559
101426.2555
101426.2551
101426.2547
101426.2543
101426.2539
101426.2536
101426.2532
101426.2529
101426.2525
101426.2523
101426.252
101426.2518
101426.2516
101426.2514
101426.2513
101426.2512
101426.2512
101426.2511
101426.2511
101426.2511
101426.2511
101426.2511
101426.2511
101426.2511
101426.2511
101426.1967
101426.1967
101426.1967
101426.1966
101426.1965
101426.1964
101426.1962
101426.196
101426.1958
101426.1956
101426.1953
101426.1951
101426.1948
101426.1944
101426.1941
101426.1937
101426.1934
101426.193
101426.1926
101426.1923
101426.1919
101426.1916
101426.1913
101426.191
101426.1907
101426.1905
101426.1903
101426.1901
101426.1899
101426.1898
101426.1897
101426.1897
101426.1896
101426.1896
101426.1895
101426.1895
101426.1895
101426.1895
101426.1895
101426.1895
101426.1348
101426.1347
101426.1347
101426.1346
101426.1345
101426.1344
101426.1343
101426.1341
101426.1339
101426.1337
101426.1334
101426.1332
101426.1329
101426.1326
101426.1323
101426.132
101426.1316
101426.1313
101426.1309
101426.1306
101426.1303
101426.13
101426.1297
101426.1294
101426.1292
101426.1289
101426.1287
101426.1286
101426.1284
101426.1283
101426.1282
101426.1281
101426.1281
101426.128
101426.128
101426.128
101426.128
101426.128
101426.128
101426.128
101426.0728
101426.0728
101426.0728
101426.0727
101426.0726
101426.0725
101426.0723
101426.0722
101426.072
101426.0718
101426.0716
101426.0713
101426.0711
101426.0708
101426.0705
101426.0702
101426.0699
101426.0696
101426.0692
101426.0689
101426.0686
101426.0683
101426.0681
101426.0678
101426.0676
101426.0674
101426.0672
101426.067
101426.0669
101426.0668
101426.0667
101426.0666
101426.0666
101426.0665
101426.0665
101426.0664
101426.0664
101426.0664
101426.0664
101426.0664
101426.0109
101426.0109
101426.0108
101426.0108
101426.0107
101426.0106
101426.0104
101426.0103
101426.0101
101426.0099
101426.0097
101426.0095
101426.0092
101426.009
101426.0087
101426.0084
101426.0081
101426.0078
101426.0076
101426.0073
101426.007
101426.0067
101426.0065
101426.0062
101426.006
101426.0058
101426.0056
101426.0055
101426.0054
101426.0052
101426.0052
101426.0051
101426.005
101426.005
101426.0049
101426.0049
101426.0049
101426.0049
101426.0049
101426.0049
101425.949
101425.949
101425.9489
101425.9489
101425.9488
101425.9487
101425.9486
101425.9484
101425.9483
101425.9481
101425.9479
101425.9477
101425.9474
101425.9472
101425.9469
101425.9467
101425.9464
101425.9461
101425.9459
101425.9456
101425.9453
101425.9451
101425.9449
101425.9446
101425.9444
101425.9442
101425.9441
101425.9439
101425.9438
101425.9437
101425.9436
101425.9435
101425.9435
101425.9434
101425.9434
101425.9434
101425.9433
101425.9433
101425.9433
101425.9433
101425.8871
101425.8871
101425.8871
101425.887
101425.8869
101425.8868
101425.8867
101425.8866
101425.8864
101425.8862
101425.8861
101425.8859
101425.8856
101425.8854
101425.8852
101425.8849
101425.8847
101425.8844
101425.8842
101425.8839
101425.8837
101425.8835
101425.8832
101425.883
101425.8828
101425.8827
101425.8825
101425.8824
101425.8823
101425.8821
101425.8821
101425.882
101425.8819
101425.8819
101425.8818
101425.8818
101425.8818
101425.8818
101425.8818
101425.8817
101425.8252
101425.8252
101425.8252
101425.8251
101425.8251
101425.825
101425.8249
101425.8247
101425.8246
101425.8244
101425.8242
101425.8241
101425.8239
101425.8236
101425.8234
101425.8232
101425.823
101425.8227
101425.8225
101425.8223
101425.822
101425.8218
101425.8216
101425.8214
101425.8213
101425.8211
101425.8209
101425.8208
101425.8207
101425.8206
101425.8205
101425.8204
101425.8204
101425.8203
101425.8203
101425.8202
101425.8202
101425.8202
101425.8202
101425.8202
101425.7634
101425.7634
101425.7633
101425.7633
101425.7632
101425.7631
101425.763
101425.7629
101425.7628
101425.7626
101425.7625
101425.7623
101425.7621
101425.7619
101425.7617
101425.7615
101425.7613
101425.761
101425.7608
101425.7606
101425.7604
101425.7602
101425.76
101425.7598
101425.7597
101425.7595
101425.7594
101425.7592
101425.7591
101425.759
101425.7589
101425.7589
101425.7588
101425.7588
101425.7587
101425.7587
101425.7587
101425.7586
101425.7586
101425.7586
101425.7015
101425.7015
101425.7015
101425.7015
101425.7014
101425.7013
101425.7012
101425.7011
101425.701
101425.7008
101425.7007
101425.7005
101425.7003
101425.7001
101425.6999
101425.6998
101425.6996
101425.6993
101425.6991
101425.6989
101425.6988
101425.6986
101425.6984
101425.6982
101425.6981
101425.6979
101425.6978
101425.6977
101425.6976
101425.6975
101425.6974
101425.6973
101425.6972
101425.6972
101425.6972
101425.6971
101425.6971
101425.6971
101425.6971
101425.6971
101425.6397
101425.6397
101425.6397
101425.6396
101425.6396
101425.6395
101425.6394
101425.6393
101425.6392
101425.639
101425.6389
101425.6387
101425.6386
101425.6384
101425.6382
101425.638
101425.6379
101425.6377
101425.6375
101425.6373
101425.6371
101425.6369
101425.6368
101425.6366
101425.6365
101425.6363
101425.6362
101425.6361
101425.636
101425.6359
101425.6358
101425.6357
101425.6357
101425.6356
101425.6356
101425.6356
101425.6355
101425.6355
101425.6355
101425.6355
101425.5779
101425.5779
101425.5779
101425.5778
101425.5778
101425.5777
101425.5776
101425.5775
101425.5774
101425.5773
101425.5771
101425.577
101425.5768
101425.5767
101425.5765
101425.5763
101425.5762
101425.576
101425.5758
101425.5756
101425.5755
101425.5753
101425.5751
101425.575
101425.5749
101425.5747
101425.5746
101425.5745
101425.5744
101425.5743
101425.5742
101425.5742
101425.5741
101425.5741
101425.574
101425.574
101425.574
101425.5739
101425.5739
101425.5739
101425.5161
101425.5161
101425.5161
101425.516
101425.516
101425.5159
101425.5158
101425.5157
101425.5156
101425.5155
101425.5154
101425.5153
101425.5151
101425.515
101425.5148
101425.5146
101425.5145
101425.5143
101425.5141
101425.514
101425.5138
101425.5137
101425.5135
101425.5134
101425.5132
101425.5131
101425.513
101425.5129
101425.5128
101425.5127
101425.5126
101425.5126
101425.5125
101425.5125
101425.5124
101425.5124
101425.5124
101425.5124
101425.5124
101425.5123
101425.4543
101425.4543
101425.4543
101425.4543
101425.4542
101425.4541
101425.4541
101425.454
101425.4539
101425.4538
101425.4536
101425.4535
101425.4534
101425.4532
101425.4531
101425.4529
101425.4528
101425.4526
101425.4525
101425.4523
101425.4522
101425.452
101425.4519
101425.4518
101425.4516
101425.4515
101425.4514
101425.4513
101425.4512
101425.4511
101425.4511
101425.451
101425.4509
101425.4509
101425.4509
101425.4508
101425.4508
101425.4508
101425.4508
101425.4508
101425.3926
101425.3926
101425.3925
101425.3925
101425.3924
101425.3924
101425.3923
101425.3922
101425.3921
101425.392
101425.3919
101425.3918
101425.3917
101425.3915
101425.3914
101425.3913
101425.3911
101425.391
101425.3908
101425.3907
101425.3905
101425.3904
101425.3903
101425.3901
101425.39
101425.3899
101425.3898
101425.3897
101425.3896
101425.3895
101425.3895
101425.3894
101425.3894
101425.3893
101425.3893
101425.3893
101425.3892
101425.3892
101425.3892
101425.3892
101425.3308
101425.3308
101425.3308
101425.3307
101425.3307
101425.3306
101425.3306
101425.3305
101425.3304
101425.3303
101425.3302
101425.3301
101425.33
101425.3298
101425.3297
101425.3296
101425.3294
101425.3293
101425.3292
101425.329
101425.3289
101425.3288
101425.3286
101425.3285
101425.3284
101425.3283
101425.3282
101425.3281
101425.328
101425.328
101425.3279
101425.3278
101425.3278
101425.3277
101425.3277
101425.3277
101425.3276
101425.3276
101425.3276
101425.3276
101425.2691
101425.269
101425.269
101425.269
101425.2689
101425.2689
101425.2688
101425.2688
101425.2687
101425.2686
101425.2685
101425.2684
101425.2683
101425.2681
101425.268
101425.2679
101425.2678
101425.2676
101425.2675
101425.2674
101425.2673
101425.2671
101425.267
101425.2669
101425.2668
101425.2667
101425.2666
101425.2665
101425.2664
101425.2664
101425.2663
101425.2662
101425.2662
101425.2662
101425.2661
101425.2661
101425.2661
101425.266
101425.266
101425.266
101425.2073
101425.2073
101425.2073
101425.2073
101425.2072
101425.2072
101425.2071
101425.207
101425.2069
101425.2069
101425.2068
101425.2067
101425.2066
101425.2064
101425.2063
101425.2062
101425.2061
101425.206
101425.2059
101425.2057
101425.2056
101425.2055
101425.2054
101425.2053
101425.2052
101425.2051
101425.205
101425.2049
101425.2048
101425.2048
101425.2047
101425.2047
101425.2046
101425.2046
101425.2045
101425.2045
101425.2045
101425.2045
101425.2044
101425.2044
101425.1456
101425.1456
101425.1456
101425.1455
101425.1455
101425.1454
101425.1454
101425.1453
101425.1452
101425.1452
101425.1451
101425.145
101425.1449
101425.1448
101425.1447
101425.1445
101425.1444
101425.1443
101425.1442
101425.1441
101425.144
101425.1439
101425.1438
101425.1437
101425.1436
101425.1435
101425.1434
101425.1433
101425.1432
101425.1432
101425.1431
101425.1431
101425.143
101425.143
101425.1429
101425.1429
101425.1429
101425.1429
101425.1429
101425.1429
101425.0839
101425.0839
101425.0838
101425.0838
101425.0838
101425.0837
101425.0837
101425.0836
101425.0835
101425.0835
101425.0834
101425.0833
101425.0832
101425.0831
101425.083
101425.0829
101425.0828
101425.0827
101425.0826
101425.0824
101425.0823
101425.0822
101425.0821
101425.082
101425.0819
101425.0819
101425.0818
101425.0817
101425.0816
101425.0816
101425.0815
101425.0815
101425.0814
101425.0814
101425.0813
101425.0813
101425.0813
101425.0813
101425.0813
101425.0813
101425.0222
101425.0221
101425.0221
101425.0221
101425.0221
101425.022
101425.022
101425.0219
101425.0218
101425.0218
101425.0217
101425.0216
101425.0215
101425.0214
101425.0213
101425.0212
101425.0211
101425.021
101425.0209
101425.0208
101425.0207
101425.0206
101425.0205
101425.0204
101425.0203
101425.0202
101425.0202
101425.0201
101425.02
101425.02
101425.0199
101425.0199
101425.0198
101425.0198
101425.0197
101425.0197
101425.0197
101425.0197
101425.0197
101425.0197
101424.9604
101424.9604
101424.9604
101424.9604
101424.9604
101424.9603
101424.9603
101424.9602
101424.9601
101424.9601
101424.96
101424.9599
101424.9598
101424.9597
101424.9596
101424.9596
101424.9595
101424.9594
101424.9593
101424.9592
101424.9591
101424.959
101424.9589
101424.9588
101424.9587
101424.9586
101424.9586
101424.9585
101424.9584
101424.9584
101424.9583
101424.9583
101424.9582
101424.9582
101424.9581
101424.9581
101424.9581
101424.9581
101424.9581
101424.9581
101424.8988
101424.8987
101424.8987
101424.8987
101424.8987
101424.8986
101424.8986
101424.8985
101424.8985
101424.8984
101424.8983
101424.8982
101424.8982
101424.8981
101424.898
101424.8979
101424.8978
101424.8977
101424.8976
101424.8975
101424.8974
101424.8973
101424.8973
101424.8972
101424.8971
101424.897
101424.8969
101424.8969
101424.8968
101424.8968
101424.8967
101424.8967
101424.8966
101424.8966
101424.8965
101424.8965
101424.8965
101424.8965
101424.8965
101424.8965
101424.8371
101424.8371
101424.837
101424.837
101424.837
101424.8369
101424.8369
101424.8368
101424.8368
101424.8367
101424.8367
101424.8366
101424.8365
101424.8364
101424.8363
101424.8362
101424.8362
101424.8361
101424.836
101424.8359
101424.8358
101424.8357
101424.8356
101424.8355
101424.8355
101424.8354
101424.8353
101424.8353
101424.8352
101424.8351
101424.8351
101424.835
101424.835
101424.835
101424.8349
101424.8349
101424.8349
101424.8349
101424.8349
101424.8349
101424.7754
101424.7754
101424.7754
101424.7753
101424.7753
101424.7753
101424.7752
101424.7752
101424.7751
101424.7751
101424.775
101424.7749
101424.7748
101424.7748
101424.7747
101424.7746
101424.7745
101424.7744
101424.7743
101424.7743
101424.7742
101424.7741
101424.774
101424.7739
101424.7738
101424.7738
101424.7737
101424.7736
101424.7736
101424.7735
101424.7735
101424.7734
101424.7734
101424.7734
101424.7733
101424.7733
101424.7733
101424.7733
101424.7733
101424.7733
101424.7137
101424.7137
101424.7137
101424.7137
101424.7136
101424.7136
101424.7136
101424.7135
101424.7135
101424.7134
101424.7133
101424.7133
101424.7132
101424.7131
101424.713
101424.7129
101424.7129
101424.7128
101424.7127
101424.7126
101424.7125
101424.7125
101424.7124
101424.7123
101424.7122
101424.7122
101424.7121
101424.712
101424.712
101424.7119
101424.7119
101424.7118
101424.7118
101424.7118
101424.7117
101424.7117
101424.7117
101424.7117
101424.7117
101424.7117
101424.652
101424.652
101424.652
101424.652
101424.652
101424.6519
101424.6519
101424.6518
101424.6518
101424.6517
101424.6517
101424.6516
101424.6515
101424.6515
101424.6514
101424.6513
101424.6512
101424.6511
101424.6511
101424.651
101424.6509
101424.6508
101424.6508
101424.6507
101424.6506
101424.6505
101424.6505
101424.6504
101424.6504
101424.6503
101424.6503
101424.6502
101424.6502
101424.6502
101424.6501
101424.6501
101424.6501
101424.6501
101424.6501
101424.6501
101424.5904
101424.5904
101424.5904
101424.5903
101424.5903
101424.5903
101424.5902
101424.5902
101424.5901
101424.5901
101424.59
101424.59
101424.5899
101424.5898
101424.5897
101424.5897
101424.5896
101424.5895
101424.5894
101424.5894
101424.5893
101424.5892
101424.5891
101424.5891
101424.589
101424.5889
101424.5889
101424.5888
101424.5887
101424.5887
101424.5887
101424.5886
101424.5886
101424.5885
101424.5885
101424.5885
101424.5885
101424.5885
101424.5885
101424.5885
101424.5287
101424.5287
101424.5287
101424.5287
101424.5287
101424.5286
101424.5286
101424.5285
101424.5285
101424.5284
101424.5284
101424.5283
101424.5282
101424.5282
101424.5281
101424.528
101424.528
101424.5279
101424.5278
101424.5277
101424.5276
101424.5276
101424.5275
101424.5274
101424.5274
101424.5273
101424.5272
101424.5272
101424.5271
101424.5271
101424.527
101424.527
101424.527
101424.5269
101424.5269
101424.5269
101424.5269
101424.5269
101424.5268
101424.5268
101424.4671
101424.4671
101424.467
101424.467
101424.467
101424.467
101424.4669
101424.4669
101424.4668
101424.4668
101424.4667
101424.4667
101424.4666
101424.4665
101424.4665
101424.4664
101424.4663
101424.4662
101424.4662
101424.4661
101424.466
101424.466
101424.4659
101424.4658
101424.4657
101424.4657
101424.4656
101424.4656
101424.4655
101424.4655
101424.4654
101424.4654
101424.4654
101424.4653
101424.4653
101424.4653
101424.4653
101424.4652
101424.4652
101424.4652
101424.4054
101424.4054
101424.4054
101424.4054
101424.4054
101424.4053
101424.4053
101424.4053
101424.4052
101424.4052
101424.4051
101424.405
101424.405
101424.4049
101424.4048
101424.4048
101424.4047
101424.4046
101424.4045
101424.4045
101424.4044
101424.4043
101424.4043
101424.4042
101424.4041
101424.4041
101424.404
101424.404
101424.4039
101424.4039
101424.4038
101424.4038
101424.4037
101424.4037
101424.4037
101424.4037
101424.4036
101424.4036
101424.4036
101424.4036
101424.3438
101424.3438
101424.3438
101424.3437
101424.3437
101424.3437
101424.3437
101424.3436
101424.3436
101424.3435
101424.3435
101424.3434
101424.3433
101424.3433
101424.3432
101424.3431
101424.3431
101424.343
101424.3429
101424.3428
101424.3428
101424.3427
101424.3426
101424.3426
101424.3425
101424.3424
101424.3424
101424.3423
101424.3423
101424.3422
101424.3422
101424.3422
101424.3421
101424.3421
101424.3421
101424.342
101424.342
101424.342
101424.342
101424.342
101424.2822
101424.2821
101424.2821
101424.2821
101424.2821
101424.2821
101424.282
101424.282
101424.2819
101424.2819
101424.2818
101424.2818
101424.2817
101424.2816
101424.2816
101424.2815
101424.2814
101424.2814
101424.2813
101424.2812
101424.2812
101424.2811
101424.281
101424.2809
101424.2809
101424.2808
101424.2808
101424.2807
101424.2807
101424.2806
101424.2806
101424.2805
101424.2805
101424.2805
101424.2804
101424.2804
101424.2804
101424.2804
101424.2804
101424.2804
101424.2205
101424.2205
101424.2205
101424.2205
101424.2205
101424.2204
101424.2204
101424.2204
101424.2203
101424.2203
101424.2202
101424.2201
101424.2201
101424.22
101424.22
101424.2199
101424.2198
101424.2197
101424.2197
101424.2196
101424.2195
101424.2195
101424.2194
101424.2193
101424.2193
101424.2192
101424.2191
101424.2191
101424.219
101424.219
101424.219
101424.2189
101424.2189
101424.2189
101424.2188
101424.2188
101424.2188
101424.2188
101424.2188
101424.2188
)
;

boundaryField
{
    front
    {
        type            wedge;
    }
    back
    {
        type            wedge;
    }
    tankWall
    {
        type            calculated;
        value           nonuniform List<scalar> 
120
(
102288.7572
102274.0942
102259.3698
102244.6562
102229.9458
102215.2366
102200.5283
102185.8208
102171.1145
102156.4088
102141.7042
102127.002
102112.3022
102097.6047
102082.9094
102068.216
102053.5241
102038.8335
102024.1432
102009.4523
101994.7601
101980.0658
101965.3684
101950.6674
101935.962
101921.2513
101906.5348
101891.8124
101877.0837
101862.3486
101847.6071
101832.8595
101818.1063
101803.3476
101788.5838
101773.8143
101759.0381
101744.2552
101729.4649
101714.6662
101699.8579
101685.0379
101670.2039
101655.3527
101640.4801
101625.5789
101610.6383
101595.643
101580.5757
101565.4223
101550.1929
101534.98
101520.0142
101505.7427
101492.6799
101481.3208
101471.8722
101464.0058
101456.7757
101449.0329
101440.1841
101431.9902
101428.6708
101427.6671
101427.6057
101427.5441
101427.4825
101427.421
101427.3594
101427.2977
101427.2361
101427.1745
101427.1129
101427.0513
101426.9897
101426.9281
101426.8666
101426.805
101426.7434
101426.6819
101426.6203
101426.5588
101426.4972
101426.4357
101426.3741
101426.3126
101426.2511
101426.1895
101426.128
101426.0664
101426.0049
101425.9433
101425.8817
101425.8202
101425.7586
101425.6971
101425.6355
101425.5739
101425.5123
101425.4508
101425.3892
101425.3276
101425.266
101425.2044
101425.1429
101425.0813
101425.0197
101424.9581
101424.8965
101424.8349
101424.7733
101424.7117
101424.6501
101424.5885
101424.5268
101424.4652
101424.4036
101424.342
101424.2804
101424.2188
)
;
    }
    bottom
    {
        type            calculated;
        value           nonuniform List<scalar> 
40
(
102292.7883
102292.7877
102292.7863
102292.7842
102292.7815
102292.778
102292.7739
102292.7691
102292.7637
102292.7577
102292.751
102292.7439
102292.7361
102292.7279
102292.7193
102292.7102
102292.7007
102292.6909
102292.6808
102292.6705
102292.66
102292.6494
102292.6387
102292.6279
102292.6171
102292.6064
102292.5958
102292.5853
102292.575
102292.5648
102292.5549
102292.5452
102292.5358
102292.5267
102292.5179
102292.5095
102292.5024
102292.4915
102292.5042
102292.3809
)
;
    }
    top
    {
        type            calculated;
        value           nonuniform List<scalar> 
40
(
101424.2053
101424.2053
101424.2053
101424.2053
101424.2052
101424.2052
101424.2052
101424.2051
101424.2051
101424.205
101424.205
101424.2049
101424.2049
101424.2048
101424.2047
101424.2047
101424.2046
101424.2045
101424.2044
101424.2044
101424.2043
101424.2042
101424.2042
101424.2041
101424.204
101424.204
101424.2039
101424.2039
101424.2038
101424.2038
101424.2037
101424.2037
101424.2037
101424.2036
101424.2036
101424.2036
101424.2036
101424.2036
101424.2035
101424.2035
)
;
    }
    axis
    {
        type            empty;
    }
}


// ************************************************************************* //
