/*--------------------------------*- C++ -*----------------------------------*\
| =========                 |                                                 |
| \\      /  F ield         | OpenFOAM: The Open Source CFD Toolbox           |
|  \\    /   O peration     | Version:  v1912                                 |
|   \\  /    A nd           | Website:  www.openfoam.com                      |
|    \\/     M anipulation  |                                                 |
\*---------------------------------------------------------------------------*/
FoamFile
{
    version     2.0;
    format      ascii;
    class       volScalarField;
    location    "0.5";
    object      p_rgh;
}
// * * * * * * * * * * * * * * * * * * * * * * * * * * * * * * * * * * * * * //

dimensions      [1 -1 -2 0 0 0 0];


internalField   nonuniform List<scalar> 
4800
(
102292.7883
102292.7877
102292.7863
102292.7842
102292.7815
102292.778
102292.7739
102292.7691
102292.7637
102292.7577
102292.751
102292.7439
102292.7361
102292.7279
102292.7193
102292.7102
102292.7007
102292.6909
102292.6808
102292.6705
102292.66
102292.6494
102292.6387
102292.6279
102292.6171
102292.6064
102292.5958
102292.5853
102292.575
102292.5648
102292.5549
102292.5452
102292.5358
102292.5267
102292.5179
102292.5095
102292.5024
102292.4915
102292.5042
102292.3809
102285.4326
102285.432
102285.4306
102285.4285
102285.4258
102285.4223
102285.4182
102285.4134
102285.4079
102285.4019
102285.3952
102285.388
102285.3803
102285.3721
102285.3634
102285.3542
102285.3447
102285.3349
102285.3248
102285.3144
102285.3039
102285.2932
102285.2825
102285.2717
102285.2609
102285.2501
102285.2395
102285.229
102285.2186
102285.2084
102285.1985
102285.1887
102285.1793
102285.1701
102285.1613
102285.1528
102285.1453
102285.1355
102285.1399
102284.9179
102278.0774
102278.0768
102278.0755
102278.0734
102278.0706
102278.0671
102278.063
102278.0581
102278.0527
102278.0466
102278.0399
102278.0326
102278.0249
102278.0166
102278.0078
102277.9986
102277.9891
102277.9792
102277.969
102277.9586
102277.948
102277.9372
102277.9264
102277.9155
102277.9047
102277.8939
102277.8831
102277.8726
102277.8621
102277.8519
102277.8419
102277.8321
102277.8225
102277.8133
102277.8044
102277.7958
102277.7879
102277.7792
102277.7731
102277.3122
102270.7228
102270.7222
102270.7209
102270.7188
102270.716
102270.7125
102270.7083
102270.7034
102270.6979
102270.6918
102270.685
102270.6777
102270.6698
102270.6615
102270.6526
102270.6434
102270.6337
102270.6237
102270.6134
102270.6029
102270.5922
102270.5813
102270.5704
102270.5594
102270.5485
102270.5376
102270.5268
102270.5161
102270.5056
102270.4952
102270.4851
102270.4752
102270.4656
102270.4562
102270.4471
102270.4383
102270.43
102270.4218
102270.4012
102269.6477
102263.3688
102263.3682
102263.3668
102263.3647
102263.3619
102263.3583
102263.3541
102263.3492
102263.3436
102263.3374
102263.3306
102263.3232
102263.3152
102263.3068
102263.2978
102263.2884
102263.2787
102263.2685
102263.2581
102263.2475
102263.2366
102263.2256
102263.2145
102263.2034
102263.1923
102263.1813
102263.1703
102263.1595
102263.1489
102263.1385
102263.1283
102263.1182
102263.1084
102263.0989
102263.0895
102263.0804
102263.0717
102263.0635
102263.0233
102261.9312
102256.0153
102256.0148
102256.0134
102256.0112
102256.0084
102256.0048
102256.0005
102255.9955
102255.9899
102255.9836
102255.9767
102255.9691
102255.9611
102255.9525
102255.9434
102255.9339
102255.9239
102255.9136
102255.903
102255.8922
102255.8812
102255.87
102255.8587
102255.8474
102255.8362
102255.825
102255.8139
102255.8029
102255.7922
102255.7816
102255.7712
102255.7611
102255.7511
102255.7413
102255.7317
102255.7223
102255.713
102255.7043
102255.6393
102254.1721
102248.6625
102248.6619
102248.6605
102248.6583
102248.6554
102248.6518
102248.6474
102248.6424
102248.6366
102248.6302
102248.6232
102248.6156
102248.6074
102248.5986
102248.5893
102248.5796
102248.5695
102248.559
102248.5482
102248.5372
102248.5259
102248.5145
102248.5031
102248.4916
102248.4801
102248.4687
102248.4574
102248.4463
102248.4354
102248.4246
102248.4141
102248.4038
102248.3937
102248.3837
102248.3738
102248.3639
102248.354
102248.3445
102248.2487
102246.378
102241.3102
102241.3096
102241.3082
102241.306
102241.3031
102241.2993
102241.2949
102241.2898
102241.2839
102241.2774
102241.2702
102241.2625
102241.2541
102241.2451
102241.2357
102241.2258
102241.2154
102241.2047
102241.1937
102241.1824
102241.1709
102241.1592
102241.1475
102241.1357
102241.124
102241.1124
102241.1009
102241.0896
102241.0784
102241.0675
102241.0569
102241.0464
102241.0361
102241.0259
102241.0157
102241.0054
102240.9949
102240.9845
102240.8499
102238.556
102233.9586
102233.958
102233.9565
102233.9543
102233.9513
102233.9475
102233.943
102233.9377
102233.9318
102233.9251
102233.9178
102233.9098
102233.9013
102233.8921
102233.8825
102233.8723
102233.8617
102233.8507
102233.8394
102233.8278
102233.816
102233.804
102233.792
102233.78
102233.768
102233.7561
102233.7443
102233.7328
102233.7214
102233.7104
102233.6995
102233.6889
102233.6784
102233.668
102233.6576
102233.6469
102233.6358
102233.6247
102233.4454
102230.7109
102226.6075
102226.6069
102226.6055
102226.6032
102226.6001
102226.5963
102226.5916
102226.5863
102226.5802
102226.5734
102226.5659
102226.5577
102226.549
102226.5396
102226.5297
102226.5192
102226.5083
102226.497
102226.4854
102226.4735
102226.4613
102226.449
102226.4366
102226.4243
102226.4119
102226.3997
102226.3877
102226.3759
102226.3644
102226.3531
102226.3421
102226.3313
102226.3207
102226.3101
102226.2995
102226.2886
102226.2771
102226.2654
102226.0294
102222.8474
102219.2571
102219.2565
102219.255
102219.2527
102219.2496
102219.2456
102219.2409
102219.2354
102219.2292
102219.2222
102219.2145
102219.2062
102219.1971
102219.1875
102219.1773
102219.1665
102219.1553
102219.1437
102219.1317
102219.1194
102219.1068
102219.0942
102219.0814
102219.0687
102219.056
102219.0434
102219.0311
102219.019
102219.0072
102218.9957
102218.9845
102218.9736
102218.9629
102218.9522
102218.9415
102218.9305
102218.9187
102218.9067
102218.6067
102214.9683
102211.9074
102211.9068
102211.9053
102211.9029
102211.8997
102211.8956
102211.8908
102211.8852
102211.8788
102211.8716
102211.8637
102211.8551
102211.8458
102211.8359
102211.8254
102211.8143
102211.8027
102211.7907
102211.7783
102211.7656
102211.7526
102211.7395
102211.7263
102211.7131
102211.7
102211.6871
102211.6744
102211.6619
102211.6499
102211.6381
102211.6268
102211.6158
102211.605
102211.5944
102211.5837
102211.5727
102211.5609
102211.5486
102211.1784
102207.0777
102204.5583
102204.5577
102204.5562
102204.5537
102204.5504
102204.5463
102204.5413
102204.5356
102204.529
102204.5216
102204.5135
102204.5047
102204.4951
102204.4849
102204.474
102204.4625
102204.4505
102204.4381
102204.4252
102204.412
102204.3986
102204.385
102204.3713
102204.3576
102204.3441
102204.3307
102204.3176
102204.3048
102204.2924
102204.2805
102204.269
102204.2579
102204.2471
102204.2365
102204.226
102204.2152
102204.2036
102204.1914
102203.7456
102199.1784
102197.21
102197.2094
102197.2077
102197.2052
102197.2019
102197.1976
102197.1925
102197.1866
102197.1799
102197.1723
102197.1639
102197.1548
102197.1449
102197.1343
102197.1231
102197.1112
102197.0988
102197.0859
102197.0725
102197.0588
102197.0448
102197.0307
102197.0165
102197.0022
102196.9882
102196.9743
102196.9607
102196.9476
102196.9349
102196.9226
102196.911
102196.8998
102196.8891
102196.8787
102196.8684
102196.858
102196.8469
102196.8349
102196.3086
102191.2735
102189.8623
102189.8617
102189.8601
102189.8575
102189.854
102189.8497
102189.8444
102189.8384
102189.8314
102189.8236
102189.815
102189.8056
102189.7954
102189.7844
102189.7727
102189.7604
102189.7475
102189.7341
102189.7202
102189.7059
102189.6913
102189.6766
102189.6617
102189.6469
102189.6323
102189.6178
102189.6038
102189.5902
102189.5771
102189.5646
102189.5528
102189.5416
102189.5309
102189.5208
102189.5109
102189.501
102189.4907
102189.4791
102188.8672
102183.3655
102182.5154
102182.5148
102182.5131
102182.5105
102182.5069
102182.5024
102182.4971
102182.4908
102182.4837
102182.4756
102182.4667
102182.457
102182.4464
102182.4351
102182.423
102182.4102
102182.3967
102182.3827
102182.3682
102182.3533
102182.3381
102182.3227
102182.3072
102182.2917
102182.2764
102182.2614
102182.2467
102182.2326
102182.2191
102182.2063
102182.1943
102182.183
102182.1726
102182.1627
102182.1534
102182.1443
102182.135
102182.124
102181.4213
102175.4564
102175.1693
102175.1686
102175.1669
102175.1642
102175.1606
102175.156
102175.1505
102175.144
102175.1366
102175.1284
102175.1192
102175.1091
102175.0982
102175.0864
102175.0738
102175.0605
102175.0465
102175.0319
102175.0167
102175.0011
102174.9852
102174.969
102174.9528
102174.9366
102174.9205
102174.9048
102174.8895
102174.8748
102174.8609
102174.8477
102174.8355
102174.8242
102174.8139
102174.8045
102174.7958
102174.7877
102174.7797
102174.7694
102173.9704
102167.5477
102167.8239
102167.8233
102167.8215
102167.8187
102167.815
102167.8103
102167.8046
102167.798
102167.7904
102167.7819
102167.7724
102167.7619
102167.7506
102167.7384
102167.7253
102167.7114
102167.6968
102167.6816
102167.6657
102167.6493
102167.6326
102167.6157
102167.5986
102167.5815
102167.5647
102167.5482
102167.5322
102167.5168
102167.5023
102167.4888
102167.4763
102167.465
102167.4548
102167.4458
102167.4379
102167.4309
102167.4246
102167.4152
102166.5141
102159.6403
102160.4794
102160.4787
102160.4769
102160.4741
102160.4702
102160.4654
102160.4596
102160.4528
102160.445
102160.4361
102160.4263
102160.4155
102160.4038
102160.3911
102160.3775
102160.363
102160.3478
102160.3318
102160.3151
102160.298
102160.2804
102160.2625
102160.2445
102160.2266
102160.2088
102160.1914
102160.1746
102160.1586
102160.1434
102160.1294
102160.1166
102160.1052
102160.0952
102160.0867
102160.0797
102160.0739
102160.0694
102160.0611
102159.0517
102151.7341
102153.1357
102153.135
102153.1331
102153.1302
102153.1263
102153.1214
102153.1154
102153.1084
102153.1003
102153.0913
102153.0811
102153.07
102153.0578
102153.0446
102153.0304
102153.0153
102152.9994
102152.9826
102152.9651
102152.9471
102152.9286
102152.9097
102152.8907
102152.8717
102152.853
102152.8346
102152.8169
102152.8
102152.7841
102152.7695
102152.7563
102152.7448
102152.7349
102152.7269
102152.7207
102152.7164
102152.7138
102152.7065
102151.5828
102143.8282
102145.7929
102145.7921
102145.7902
102145.7873
102145.7833
102145.7782
102145.7721
102145.7649
102145.7566
102145.7473
102145.7368
102145.7253
102145.7126
102145.6989
102145.6841
102145.6684
102145.6517
102145.6341
102145.6157
102145.5967
102145.5772
102145.5573
102145.5372
102145.517
102145.4971
102145.4777
102145.4589
102145.441
102145.4243
102145.409
102145.3954
102145.3836
102145.3738
102145.3662
102145.3609
102145.358
102145.3575
102145.3509
102144.1068
102135.9214
102138.4509
102138.4502
102138.4482
102138.4452
102138.4411
102138.4359
102138.4297
102138.4223
102138.4138
102138.4042
102138.3934
102138.3814
102138.3683
102138.3541
102138.3387
102138.3222
102138.3047
102138.2863
102138.267
102138.2469
102138.2263
102138.2052
102138.1838
102138.1625
102138.1413
102138.1206
102138.1007
102138.0817
102138.064
102138.0479
102138.0336
102138.0215
102138.0117
102138.0044
102138
102137.9985
102138.0001
102137.994
102136.6228
102128.0121
102131.1099
102131.1091
102131.1071
102131.104
102131.0999
102131.0946
102131.0882
102131.0807
102131.0719
102131.062
102131.0509
102131.0386
102131.025
102131.0102
102130.9942
102130.977
102130.9586
102130.9393
102130.9189
102130.8977
102130.8759
102130.8535
102130.8308
102130.8081
102130.7855
102130.7635
102130.7422
102130.7219
102130.7031
102130.686
102130.671
102130.6583
102130.6483
102130.6414
102130.6376
102130.6375
102130.6412
102130.6354
102129.1299
102120.0984
102123.7698
102123.769
102123.767
102123.7638
102123.7596
102123.7542
102123.7477
102123.74
102123.7311
102123.7209
102123.7095
102123.6967
102123.6827
102123.6673
102123.6506
102123.6327
102123.6135
102123.5931
102123.5716
102123.5493
102123.5261
102123.5023
102123.4782
102123.4539
102123.4298
102123.4062
102123.3833
102123.3617
102123.3415
102123.3233
102123.3073
102123.294
102123.2837
102123.2767
102123.2736
102123.2745
102123.2801
102123.2738
102121.6283
102112.1779
102116.4306
102116.4298
102116.4277
102116.4246
102116.4203
102116.4148
102116.4082
102116.4004
102116.3912
102116.3808
102116.3691
102116.356
102116.3414
102116.3255
102116.3081
102116.2894
102116.2692
102116.2478
102116.2252
102116.2015
102116.177
102116.1517
102116.1259
102116.1
102116.0741
102116.0488
102116.0242
102116.0009
102115.9792
102115.9596
102115.9425
102115.9283
102115.9174
102115.9104
102115.9075
102115.9093
102115.9163
102115.9085
102114.117
102104.248
102109.0924
102109.0915
102109.0895
102109.0863
102109.082
102109.0765
102109.0697
102109.0618
102109.0525
102109.0419
102109.0298
102109.0163
102109.0013
102108.9848
102108.9667
102108.9472
102108.9261
102108.9036
102108.8797
102108.8547
102108.8286
102108.8016
102108.7741
102108.7463
102108.7186
102108.6913
102108.6648
102108.6396
102108.6162
102108.5949
102108.5764
102108.5611
102108.5494
102108.542
102108.5392
102108.5417
102108.5499
102108.5399
102106.5941
102096.3056
102101.7551
102101.7543
102101.7522
102101.749
102101.7447
102101.7391
102101.7323
102101.7243
102101.7149
102101.704
102101.6917
102101.6779
102101.6624
102101.6453
102101.6266
102101.6062
102101.5841
102101.5604
102101.5353
102101.5087
102101.481
102101.4523
102101.4228
102101.393
102101.3632
102101.3337
102101.3051
102101.2777
102101.2523
102101.2291
102101.2089
102101.1922
102101.1795
102101.1714
102101.1685
102101.1712
102101.1803
102101.1673
102099.0589
102088.3483
102094.4188
102094.418
102094.4159
102094.4127
102094.4084
102094.4028
102094.396
102094.3879
102094.3784
102094.3674
102094.3548
102094.3407
102094.3248
102094.3071
102094.2877
102094.2664
102094.2433
102094.2185
102094.1919
102094.1638
102094.1343
102094.1037
102094.0722
102094.0401
102094.0079
102093.9761
102093.945
102093.9153
102093.8875
102093.8622
102093.84
102093.8216
102093.8075
102093.7985
102093.795
102093.7977
102093.8073
102093.7902
102091.5108
102080.3738
102087.0835
102087.0827
102087.0806
102087.0775
102087.0732
102087.0676
102087.0608
102087.0527
102087.0431
102087.032
102087.0193
102087.0048
102086.9885
102086.9703
102086.9502
102086.9281
102086.904
102086.8779
102086.8499
102086.8201
102086.7888
102086.756
102086.7222
102086.6877
102086.653
102086.6185
102086.5847
102086.5523
102086.5218
102086.494
102086.4695
102086.449
102086.4333
102086.4229
102086.4185
102086.4209
102086.4307
102086.4083
102083.9494
102072.3798
102079.7492
102079.7483
102079.7463
102079.7432
102079.739
102079.7335
102079.7268
102079.7186
102079.7091
102079.6979
102079.685
102079.6703
102079.6537
102079.635
102079.6142
102079.5913
102079.5661
102079.5387
102079.5092
102079.4777
102079.4443
102079.4094
102079.3731
102079.336
102079.2984
102079.2609
102079.2241
102079.1886
102079.1552
102079.1245
102079.0973
102079.0744
102079.0566
102079.0445
102079.0389
102079.0405
102079.05
102079.0212
102076.3743
102064.3645
102072.4158
102072.4149
102072.413
102072.41
102072.4058
102072.4004
102072.3938
102072.3858
102072.3763
102072.3651
102072.3522
102072.3373
102072.3204
102072.3013
102072.2799
102072.2561
102072.2299
102072.2012
102072.1701
102072.1367
102072.1013
102072.0639
102072.025
102071.9849
102071.9442
102071.9035
102071.8633
102071.8244
102071.7876
102071.7536
102071.7234
102071.6976
102071.6773
102071.6631
102071.6559
102071.6564
102071.6652
102071.6287
102068.7853
102056.3264
102065.0833
102065.0825
102065.0806
102065.0777
102065.0737
102065.0685
102065.062
102065.0542
102065.0448
102065.0337
102065.0207
102065.0058
102064.9887
102064.9692
102064.9472
102064.9226
102064.8954
102064.8654
102064.8327
102064.7974
102064.7597
102064.7197
102064.6779
102064.6347
102064.5906
102064.5463
102064.5023
102064.4596
102064.419
102064.3813
102064.3475
102064.3185
102064.2952
102064.2786
102064.2693
102064.2683
102064.2761
102064.231
102061.1824
102048.2645
102057.7517
102057.7509
102057.7491
102057.7464
102057.7425
102057.7376
102057.7313
102057.7237
102057.7146
102057.7037
102057.6908
102057.6759
102057.6586
102057.6388
102057.6164
102057.5911
102057.5628
102057.5315
102057.4972
102057.4599
102057.4198
102057.3771
102057.3322
102057.2856
102057.2377
102057.1894
102057.1413
102057.0944
102057.0495
102057.0076
102056.9697
102056.9369
102056.9102
102056.8906
102056.8789
102056.876
102056.8826
102056.828
102053.5655
102040.1786
102050.421
102050.4202
102050.4185
102050.4159
102050.4124
102050.4077
102050.4018
102050.3945
102050.3857
102050.375
102050.3624
102050.3476
102050.3304
102050.3104
102050.2875
102050.2616
102050.2323
102050.1998
102050.1637
102050.1244
102050.0818
102050.0362
102049.988
102049.9376
102049.8857
102049.833
102049.7803
102049.7286
102049.6789
102049.6323
102049.5899
102049.5528
102049.5221
102049.499
102049.4844
102049.4793
102049.4848
102049.4202
102045.9346
102032.0697
102043.091
102043.0903
102043.0887
102043.0864
102043.0831
102043.0788
102043.0733
102043.0665
102043.0581
102043.0479
102043.0356
102043.0211
102043.0039
102042.9839
102042.9608
102042.9343
102042.9042
102042.8703
102042.8326
102042.7911
102042.7459
102042.6972
102042.6454
102042.591
102042.5347
102042.4772
102042.4194
102042.3625
102042.3074
102042.2555
102042.2079
102042.1659
102042.1307
102042.1035
102042.0855
102042.0776
102042.081
102042.005
102038.2932
102023.939
102035.7617
102035.761
102035.7597
102035.7576
102035.7547
102035.7509
102035.7459
102035.7396
102035.7318
102035.7221
102035.7104
102035.6963
102035.6794
102035.6595
102035.6363
102035.6093
102035.5784
102035.5434
102035.504
102035.4604
102035.4125
102035.3605
102035.3049
102035.2462
102035.185
102035.1222
102035.0588
102034.996
102034.935
102034.877
102034.8236
102034.7761
102034.7358
102034.704
102034.6819
102034.6707
102034.671
102034.5819
102030.6416
102015.7867
102028.433
102028.4324
102028.4313
102028.4296
102028.4271
102028.4238
102028.4195
102028.4139
102028.4068
102028.3978
102028.3868
102028.3733
102028.3569
102028.3373
102028.3141
102028.2869
102028.2554
102028.2192
102028.1783
102028.1324
102028.0817
102028.0264
102027.9667
102027.9033
102027.8368
102027.7682
102027.6987
102027.6293
102027.5616
102027.497
102027.4371
102027.3832
102027.3371
102027.3001
102027.2734
102027.2584
102027.2557
102027.1532
102022.9768
102007.6123
102021.1047
102021.1042
102021.1034
102021.1021
102021.1002
102021.0975
102021.0939
102021.0892
102021.083
102021.0749
102021.0648
102021.0521
102021.0365
102021.0174
102020.9945
102020.9672
102020.9352
102020.8981
102020.8556
102020.8076
102020.7541
102020.6951
102020.6311
102020.5626
102020.4904
102020.4155
102020.3391
102020.2626
102020.1875
102020.1154
102020.0481
102019.9872
102019.9345
102019.8915
102019.8597
102019.8403
102019.8345
102019.7178
102015.3001
101999.417
102013.7768
102013.7764
102013.7759
102013.7751
102013.7738
102013.7719
102013.7692
102013.7654
102013.7603
102013.7534
102013.7444
102013.7328
102013.7181
102013.6999
102013.6775
102013.6504
102013.6182
102013.5803
102013.5364
102013.4863
102013.4298
102013.3671
102013.2985
102013.2246
102013.1462
102013.0643
102012.9804
102012.8959
102012.8125
102012.7321
102012.6565
102012.5878
102012.5276
102012.4779
102012.4402
102012.416
102012.4066
102012.275
102007.6117
101991.2015
102006.4491
102006.4489
102006.4487
102006.4484
102006.4478
102006.4468
102006.4452
102006.4426
102006.4387
102006.4332
102006.4256
102006.4153
102006.4019
102006.3848
102006.3633
102006.3367
102006.3045
102006.2661
102006.221
102006.1688
102006.1094
102006.0428
102005.9694
102005.8897
102005.8045
102005.7151
102005.6228
102005.5294
102005.4368
102005.3471
102005.2623
102005.1847
102005.1162
102005.0589
102005.0146
102004.9848
102004.9712
102004.8238
101999.9116
101982.9669
101999.1213
101999.1213
101999.1215
101999.1218
101999.1221
101999.1221
101999.1216
101999.1204
101999.118
101999.1141
101999.1082
101999.0997
101999.0879
101999.0722
101999.0519
101999.0262
101998.9944
101998.9557
101998.9096
101998.8556
101998.7933
101998.7228
101998.6442
101998.5583
101998.4658
101998.368
101998.2666
101998.1634
101998.0605
101997.9603
101997.8652
101997.7777
101997.6999
101997.6341
101997.5822
101997.546
101997.5273
101997.3632
101992.1991
101974.7139
101991.7934
101991.7935
101991.7942
101991.7952
101991.7964
101991.7975
101991.7985
101991.7988
101991.7982
101991.7962
101991.7922
101991.7857
101991.776
101991.7622
101991.7436
101991.7192
101991.6882
101991.6496
101991.6028
101991.5471
101991.482
101991.4075
101991.3236
101991.231
101991.1306
101991.0237
101990.9121
101990.7979
101990.6836
101990.5718
101990.4651
101990.3664
101990.2783
101990.2029
101990.1424
101990.0989
101990.0737
101989.8916
101984.473
101966.443
101984.465
101984.4653
101984.4665
101984.4682
101984.4705
101984.4729
101984.4754
101984.4775
101984.4789
101984.4791
101984.4775
101984.4735
101984.4662
101984.4548
101984.4383
101984.4158
101984.3861
101984.3481
101984.301
101984.2439
101984.1762
101984.0976
101984.0081
101983.9084
101983.7994
101983.6825
101983.5597
101983.4334
101983.3062
101983.1813
101983.0617
101982.9506
101982.8508
101982.7647
101982.6946
101982.6424
101982.6095
101982.4076
101976.7309
101958.1538
101977.1358
101977.1364
101977.1381
101977.1407
101977.1441
101977.148
101977.1522
101977.1563
101977.16
101977.1627
101977.1638
101977.1627
101977.1584
101977.1499
101977.1362
101977.1161
101977.0883
101977.0515
101977.0046
101976.9465
101976.8764
101976.7937
101976.6986
101976.5913
101976.473
101976.3452
101976.2099
101976.07
101975.9284
101975.7888
101975.6547
101975.5297
101975.4169
101975.3189
101975.2378
101975.1753
101975.1328
101974.9094
101968.9699
101949.8448
101969.8056
101969.8065
101969.8088
101969.8124
101969.817
101969.8225
101969.8286
101969.8349
101969.8412
101969.8468
101969.851
101969.8533
101969.8525
101969.8476
101969.8373
101969.8203
101969.7951
101969.7602
101969.7141
101969.6554
101969.5833
101969.4968
101969.3958
101969.2805
101969.1521
101969.0122
101968.8632
101968.708
101968.5502
101968.394
101968.2435
101968.1029
101967.9759
101967.8646
101967.7711
101967.696
101967.6409
101967.3948
101961.1865
101941.5132
101962.4742
101962.4753
101962.4783
101962.4829
101962.4888
101962.496
101962.5042
101962.513
101962.5221
101962.5309
101962.5388
101962.5449
101962.5482
101962.5475
101962.5415
101962.5285
101962.5067
101962.4745
101962.4299
101962.3715
101962.2977
101962.2076
101962.1006
101961.977
101961.8377
101961.6845
101961.52
101961.3477
101961.1716
101960.9964
101960.8274
101960.6696
101960.5269
101960.4011
101960.2935
101960.2023
101960.1301
101959.8606
101953.3772
101933.1546
101955.141
101955.1425
101955.1462
101955.1518
101955.1592
101955.1683
101955.1787
101955.1902
101955.2024
101955.2148
101955.2267
101955.2372
101955.2454
101955.2497
101955.2487
101955.2406
101955.2233
101955.1948
101955.1527
101955.0952
101955.0204
101954.927
101954.8142
101954.6818
101954.5307
101954.3629
101954.1812
101953.9895
101953.7923
101953.5955
101953.4055
101953.2286
101953.0693
101952.9274
101952.8034
101952.6906
101952.5932
101952.3005
101945.538
101924.7612
101947.8058
101947.8076
101947.8121
101947.8188
101947.8278
101947.8388
101947.8517
101947.8661
101947.8817
101947.898
101947.9144
101947.9299
101947.9435
101947.9538
101947.9588
101947.9567
101947.9451
101947.9214
101947.883
101947.8274
101947.7525
101947.6563
101947.5376
101947.3962
101947.2325
101947.0485
101946.8475
101946.6337
101946.4124
101946.1906
101945.9765
101945.7783
101945.6019
101945.4432
101945.2992
101945.1536
101945.0158
101944.7008
101937.671
101916.3235
101940.4683
101940.4704
101940.4756
101940.4835
101940.4941
101940.5072
101940.5226
101940.5401
101940.5594
101940.58
101940.6013
101940.6225
101940.6423
101940.6593
101940.6715
101940.6767
101940.672
101940.6546
101940.6212
101940.5689
101940.4947
101940.3965
101940.2724
101940.1216
101939.9445
101939.7427
101939.52
101939.2809
101939.0316
101938.7807
101938.5387
101938.3165
101938.121
101937.9436
101937.7745
101937.5753
101937.3696
101937.0341
101929.742
101907.824
101933.1279
101933.1304
101933.1364
101933.1455
101933.1578
101933.173
101933.1911
101933.2118
101933.235
101933.2602
101933.2869
101933.3142
101933.341
101933.3658
101933.3864
101933.4002
101933.4042
101933.3947
101933.368
101933.3204
101933.2483
101933.1489
101933.0198
101932.8597
101932.6683
101932.447
101932.1998
101931.9316
101931.6496
101931.3642
101931.0896
101930.8446
101930.6327
101930.4282
101930.2101
101929.9136
101929.5905
101929.2438
101921.8074
101899.2585
101925.7843
101925.7872
101925.794
101925.8044
101925.8183
101925.8357
101925.8565
101925.8806
101925.9079
101925.9379
101925.9703
101926.0044
101926.039
101926.0725
101926.1028
101926.127
101926.1413
101926.1417
101926.1237
101926.0827
101926.0144
101925.9151
101925.7818
101925.6123
101925.4059
101925.1634
101924.8884
101924.5865
101924.2649
101923.9372
101923.6289
101923.3723
101923.1603
101922.9244
101922.5841
101922.0535
101921.5421
101921.2192
101913.8023
101890.63
101918.4371
101918.4404
101918.448
101918.4596
101918.4752
101918.4948
101918.5184
101918.5459
101918.5773
101918.6124
101918.6509
101918.6922
101918.7353
101918.7787
101918.8201
101918.8563
101918.8832
101918.8958
101918.8888
101918.8566
101918.7941
101918.6965
101918.56
101918.3816
101918.1593
101917.8937
101917.5878
101917.2458
101916.8753
101916.4984
101916.1619
101915.9149
101915.7304
101915.4002
101914.2888
101913.0647
101912.8963
101912.7919
101905.6523
101882.0274
101911.0859
101911.0896
101911.098
101911.1107
101911.128
101911.1498
101911.1761
101911.207
101911.2426
101911.2828
101911.3276
101911.3765
101911.4288
101911.4831
101911.5371
101911.5874
101911.6293
101911.6568
101911.6635
101911.6429
101911.5886
101911.4948
101911.3567
101911.1699
101910.9311
101910.6407
101910.3009
101909.9124
101909.4845
101909.0518
101908.6838
101908.4593
101908.1644
101905.9382
101901.2038
101900.7193
101902.564
101903.8917
101897.348
101873.583
101903.7304
101903.7344
101903.7435
101903.7574
101903.7762
101903.8001
101903.8291
101903.8633
101903.903
101903.9483
101903.9994
101904.0561
101904.1181
101904.1844
101904.2526
101904.3192
101904.3788
101904.4244
101904.4482
101904.4423
101904.399
101904.3116
101904.1741
101903.9799
101903.7239
101903.4077
101903.0345
101902.5981
101902.1061
101901.6062
101901.1972
101900.7457
101897.2105
101888.1524
101882.5558
101888.8989
101891.9984
101894.5913
101888.5643
101865.6606
101896.3702
101896.3745
101896.3842
101896.3992
101896.4196
101896.4453
101896.4768
101896.5141
101896.5577
101896.6079
101896.6651
101896.7298
101896.8018
101896.8807
101896.9647
101897.05
101897.1305
101897.1979
101897.2428
101897.2553
101897.2263
101897.1486
101897.015
101896.8148
101896.542
101896.2027
101895.8018
101895.3111
101894.7145
101894.0944
101893.3654
101889.0144
101874.9762
101864.145
101863.9582
101879.9861
101883.2242
101885.8204
101879.2655
101858.8163
101889.0052
101889.0097
101889.0199
101889.0358
101889.0575
101889.0851
101889.1188
101889.159
101889.2061
101889.2608
101889.3238
101889.3959
101889.4779
101889.5701
101889.6712
101889.7778
101889.883
101889.9767
101890.0473
101890.0827
101890.0719
101890.0082
101889.8835
101889.6799
101889.3864
101889.0011
101888.4361
101887.4462
101886.1647
101884.8509
101880.905
101865.5866
101843.7743
101832.2946
101838.8658
101868.39
101875.4222
101878.1567
101869.6973
101853.394
101881.6349
101881.6395
101881.6501
101881.6668
101881.6898
101881.719
101881.7547
101881.7974
101881.8476
101881.9062
101881.9743
101882.0532
101882.1446
101882.2499
101882.3692
101882.5
101882.6345
101882.7599
101882.8619
101882.9248
101882.9335
101882.8797
101882.7355
101882.4025
101881.6944
101880.1983
101877.063
101872.6279
101868.998
101865.7189
101855.7375
101830.0596
101799.1039
101780.3383
101785.2379
101843.7451
101864.1267
101870.4576
101860.2934
101849.3223
101874.2205
101874.2267
101874.2373
101874.2548
101874.2791
101874.3093
101874.3463
101874.3909
101874.4435
101874.5051
101874.577
101874.6613
101874.7605
101874.8774
101875.0138
101875.1686
101875.3253
101875.4318
101875.4498
101875.3058
101874.7942
101873.6458
101871.4476
101867.466
101861.2206
101852.1635
101840.4259
101830.35
101825.6845
101824.3441
101814.451
101779.0924
101732.3681
101696.5049
101691.9909
101792.3546
101844.3173
101857.7242
101852.1632
101845.706
101836.7335
101836.6622
101836.575
101836.5506
101836.5876
101836.6635
101836.7986
101837.0046
101837.2782
101837.6172
101838.021
101838.4888
101839.0177
101839.5956
101840.1811
101840.6691
101840.857
101840.4492
101838.6953
101832.9713
101822.9101
101810.9284
101798.1219
101783.7077
101768.1391
101752.9126
101740.6001
101734.141
101734.0876
101745.3261
101750.4137
101708.7408
101647.7531
101589.5936
101572.0263
101689.539
101803.4934
101842.6259
101846.9295
101840.2748
101494.1969
101494.4107
101494.839
101495.4393
101496.1779
101497.0632
101498.0872
101499.2608
101500.5927
101502.1052
101503.8389
101505.8534
101508.2316
101511.0809
101514.5136
101518.4881
101522.41
101525.4502
101528.6455
101534.9404
101543.1086
101551.4589
101559.6605
101567.9613
101575.8742
101580.3866
101580.9258
101580.3583
101595.0449
101617.8849
101636.2411
101629.8533
101564.0241
101503.7967
101477.8833
101546.6661
101702.6207
101818.3463
101838.3719
101827.7884
101430.5807
101430.542
101430.5213
101430.5201
101430.5397
101430.5623
101430.6003
101430.6532
101430.7189
101430.8025
101430.9121
101431.063
101431.2865
101431.6544
101432.3699
101433.9929
101437.1234
101441.2048
101445.2246
101448.7012
101451.6196
101454.4239
101457.5843
101461.2109
101464.9172
101467.6576
101468.8416
101469.4314
101477.112
101495.5836
101519.0104
101532.3183
101500.3296
101461.0688
101440.0321
101451.2749
101540.6141
101712.1588
101804.4371
101797.5084
101429.6891
101429.6889
101429.6889
101429.6892
101429.6895
101429.69
101429.6907
101429.6915
101429.6927
101429.6942
101429.6963
101429.6991
101429.7032
101429.7098
101429.7232
101429.7683
101429.9693
101430.5298
101431.309
101431.9561
101432.405
101432.7748
101433.1648
101433.5984
101434.0085
101434.2284
101434.2257
101433.9907
101434.6781
101439.0403
101447.0273
101456.3746
101459.1747
101443.4069
101431.9409
101430.6259
101442.861
101509.4062
101625.859
101683.7073
101429.6549
101429.6549
101429.655
101429.6552
101429.6555
101429.6559
101429.6564
101429.657
101429.6579
101429.6589
101429.6602
101429.6617
101429.6635
101429.6652
101429.6663
101429.6653
101429.6631
101429.6737
101429.7153
101429.7667
101429.8002
101429.8167
101429.8256
101429.8322
101429.8366
101429.8359
101429.8045
101429.7244
101429.6659
101429.7259
101430.4249
101432.1859
101434.3404
101433.8382
101430.6502
101429.6772
101429.8071
101431.4521
101435.1846
101437.6036
101429.6229
101429.6229
101429.6231
101429.6233
101429.6235
101429.6239
101429.6243
101429.6249
101429.6255
101429.6263
101429.6273
101429.6283
101429.6293
101429.63
101429.6298
101429.6276
101429.6228
101429.6167
101429.6115
101429.6083
101429.6059
101429.6033
101429.6005
101429.5979
101429.5959
101429.5941
101429.5919
101429.5891
101429.5874
101429.5878
101429.5886
101429.5935
101429.643
101429.8828
101429.7369
101429.6098
101429.5935
101429.5929
101429.5948
101429.5964
101429.5912
101429.5912
101429.5913
101429.5915
101429.5917
101429.592
101429.5924
101429.5928
101429.5934
101429.594
101429.5946
101429.5952
101429.5957
101429.5957
101429.5948
101429.5924
101429.5881
101429.5827
101429.5772
101429.5725
101429.5688
101429.5658
101429.5633
101429.5613
101429.5597
101429.5585
101429.5573
101429.5564
101429.5562
101429.557
101429.5582
101429.5603
101429.5628
101429.5658
101429.5694
101429.5683
101429.567
101429.5703
101429.5714
101429.5711
101429.5595
101429.5595
101429.5596
101429.5597
101429.5599
101429.5602
101429.5605
101429.5608
101429.5612
101429.5616
101429.562
101429.5623
101429.5624
101429.5619
101429.5607
101429.5584
101429.5548
101429.5502
101429.5454
101429.5411
101429.5374
101429.5345
101429.5321
101429.5302
101429.5287
101429.5276
101429.5268
101429.5263
101429.5264
101429.5271
101429.5284
101429.5301
101429.5322
101429.5344
101429.5373
101429.5376
101429.5371
101429.5363
101429.537
101429.5379
101429.5277
101429.5277
101429.5278
101429.5279
101429.5281
101429.5282
101429.5285
101429.5287
101429.529
101429.5292
101429.5294
101429.5294
101429.5292
101429.5286
101429.5272
101429.5251
101429.522
101429.5183
101429.5142
101429.5104
101429.507
101429.5042
101429.5019
101429.5001
101429.4987
101429.4977
101429.497
101429.4967
101429.4969
101429.4975
101429.4986
101429.5001
101429.5018
101429.5037
101429.5057
101429.5066
101429.5064
101429.5067
101429.5072
101429.5074
101429.4959
101429.4959
101429.496
101429.496
101429.4961
101429.4963
101429.4964
101429.4966
101429.4967
101429.4968
101429.4968
101429.4967
101429.4963
101429.4955
101429.4941
101429.4922
101429.4895
101429.4864
101429.483
101429.4797
101429.4767
101429.4742
101429.472
101429.4703
101429.469
101429.4681
101429.4675
101429.4672
101429.4673
101429.4678
101429.4687
101429.4699
101429.4714
101429.4729
101429.4744
101429.4752
101429.4755
101429.4756
101429.4759
101429.4761
101429.464
101429.464
101429.4641
101429.4641
101429.4642
101429.4643
101429.4644
101429.4645
101429.4645
101429.4645
101429.4643
101429.4641
101429.4635
101429.4626
101429.4613
101429.4595
101429.4572
101429.4546
101429.4517
101429.4489
101429.4463
101429.444
101429.442
101429.4404
101429.4392
101429.4383
101429.4377
101429.4375
101429.4376
101429.438
101429.4387
101429.4397
101429.4408
101429.4421
101429.4432
101429.444
101429.4444
101429.4446
101429.4448
101429.445
101429.4322
101429.4322
101429.4322
101429.4322
101429.4323
101429.4323
101429.4323
101429.4323
101429.4323
101429.4322
101429.4319
101429.4315
101429.4309
101429.43
101429.4288
101429.4271
101429.4251
101429.4228
101429.4204
101429.4179
101429.4156
101429.4136
101429.4118
101429.4104
101429.4092
101429.4084
101429.4078
101429.4076
101429.4076
101429.4079
101429.4085
101429.4093
101429.4102
101429.4112
101429.4122
101429.4128
101429.4132
101429.4135
101429.4137
101429.4138
101429.4003
101429.4003
101429.4003
101429.4003
101429.4003
101429.4003
101429.4003
101429.4002
101429.4001
101429.3999
101429.3996
101429.3991
101429.3985
101429.3976
101429.3964
101429.3949
101429.3931
101429.3911
101429.389
101429.3869
101429.3849
101429.383
101429.3815
101429.3801
101429.3791
101429.3783
101429.3778
101429.3775
101429.3775
101429.3777
101429.3782
101429.3788
101429.3796
101429.3804
101429.3811
101429.3817
101429.3821
101429.3824
101429.3825
101429.3826
101429.3684
101429.3684
101429.3684
101429.3684
101429.3684
101429.3683
101429.3683
101429.3682
101429.368
101429.3677
101429.3674
101429.3669
101429.3662
101429.3653
101429.3642
101429.3628
101429.3612
101429.3595
101429.3576
101429.3558
101429.354
101429.3524
101429.351
101429.3497
101429.3488
101429.348
101429.3475
101429.3473
101429.3472
101429.3474
101429.3477
101429.3482
101429.3489
101429.3495
101429.3501
101429.3506
101429.351
101429.3512
101429.3514
101429.3515
101429.3365
101429.3365
101429.3365
101429.3365
101429.3364
101429.3364
101429.3363
101429.3361
101429.3359
101429.3356
101429.3352
101429.3347
101429.334
101429.3331
101429.3321
101429.3308
101429.3294
101429.3279
101429.3263
101429.3246
101429.3231
101429.3216
101429.3203
101429.3192
101429.3184
101429.3177
101429.3172
101429.3169
101429.3168
101429.3169
101429.3172
101429.3176
101429.3181
101429.3186
101429.3191
101429.3195
101429.3199
101429.3201
101429.3202
101429.3203
101429.3047
101429.3047
101429.3046
101429.3046
101429.3045
101429.3044
101429.3043
101429.3041
101429.3039
101429.3035
101429.3031
101429.3026
101429.3019
101429.3011
101429.3001
101429.299
101429.2977
101429.2963
101429.2949
101429.2935
101429.2921
101429.2908
101429.2896
101429.2886
101429.2878
101429.2872
101429.2867
101429.2865
101429.2864
101429.2864
101429.2866
101429.2869
101429.2873
101429.2877
101429.2881
101429.2885
101429.2887
101429.2889
101429.2891
101429.2891
101429.2728
101429.2728
101429.2728
101429.2727
101429.2726
101429.2725
101429.2724
101429.2722
101429.2719
101429.2715
101429.2711
101429.2706
101429.2699
101429.2691
101429.2682
101429.2672
101429.266
101429.2648
101429.2635
101429.2623
101429.261
101429.2599
101429.2588
101429.2579
101429.2572
101429.2566
101429.2562
101429.2559
101429.2558
101429.2558
101429.2559
101429.2562
101429.2565
101429.2568
101429.2571
101429.2574
101429.2577
101429.2578
101429.2579
101429.258
101429.241
101429.241
101429.2409
101429.2409
101429.2408
101429.2406
101429.2405
101429.2402
101429.24
101429.2396
101429.2392
101429.2386
101429.238
101429.2373
101429.2364
101429.2355
101429.2344
101429.2333
101429.2322
101429.2311
101429.23
101429.2289
101429.228
101429.2272
101429.2265
101429.2259
101429.2255
101429.2253
101429.2251
101429.2251
101429.2252
101429.2254
101429.2256
101429.2259
101429.2261
101429.2264
101429.2266
101429.2267
101429.2268
101429.2269
101429.2092
101429.2091
101429.2091
101429.209
101429.2089
101429.2088
101429.2086
101429.2084
101429.2081
101429.2077
101429.2073
101429.2068
101429.2062
101429.2055
101429.2047
101429.2038
101429.2029
101429.2019
101429.2009
101429.1998
101429.1989
101429.1979
101429.1971
101429.1964
101429.1957
101429.1952
101429.1948
101429.1946
101429.1944
101429.1944
101429.1944
101429.1946
101429.1947
101429.1949
101429.1951
101429.1953
101429.1955
101429.1956
101429.1957
101429.1957
101429.1774
101429.1774
101429.1773
101429.1772
101429.1771
101429.177
101429.1768
101429.1765
101429.1762
101429.1759
101429.1755
101429.175
101429.1744
101429.1737
101429.173
101429.1722
101429.1714
101429.1705
101429.1695
101429.1686
101429.1677
101429.1669
101429.1661
101429.1655
101429.1649
101429.1644
101429.1641
101429.1638
101429.1637
101429.1636
101429.1636
101429.1637
101429.1638
101429.164
101429.1641
101429.1643
101429.1644
101429.1645
101429.1646
101429.1646
101429.1456
101429.1456
101429.1455
101429.1454
101429.1453
101429.1452
101429.145
101429.1447
101429.1444
101429.1441
101429.1437
101429.1432
101429.1427
101429.1421
101429.1414
101429.1407
101429.1399
101429.1391
101429.1382
101429.1374
101429.1366
101429.1359
101429.1352
101429.1345
101429.134
101429.1336
101429.1332
101429.133
101429.1328
101429.1327
101429.1327
101429.1328
101429.1329
101429.133
101429.1331
101429.1332
101429.1333
101429.1334
101429.1335
101429.1335
101429.1139
101429.1138
101429.1138
101429.1137
101429.1136
101429.1134
101429.1132
101429.113
101429.1127
101429.1124
101429.112
101429.1115
101429.111
101429.1104
101429.1098
101429.1091
101429.1084
101429.1077
101429.1069
101429.1062
101429.1055
101429.1048
101429.1041
101429.1036
101429.1031
101429.1027
101429.1024
101429.1021
101429.102
101429.1019
101429.1018
101429.1019
101429.1019
101429.102
101429.1021
101429.1022
101429.1022
101429.1023
101429.1024
101429.1024
101429.0821
101429.0821
101429.0821
101429.082
101429.0818
101429.0817
101429.0815
101429.0813
101429.081
101429.0807
101429.0803
101429.0798
101429.0794
101429.0788
101429.0783
101429.0776
101429.077
101429.0763
101429.0756
101429.075
101429.0743
101429.0737
101429.0731
101429.0726
101429.0721
101429.0718
101429.0715
101429.0712
101429.0711
101429.071
101429.0709
101429.0709
101429.0709
101429.071
101429.071
101429.0711
101429.0712
101429.0712
101429.0713
101429.0713
101429.0504
101429.0504
101429.0504
101429.0503
101429.0502
101429.05
101429.0498
101429.0496
101429.0493
101429.049
101429.0486
101429.0482
101429.0478
101429.0473
101429.0467
101429.0462
101429.0456
101429.045
101429.0443
101429.0437
101429.0431
101429.0426
101429.042
101429.0416
101429.0412
101429.0408
101429.0405
101429.0403
101429.0401
101429.04
101429.0399
101429.0399
101429.0399
101429.04
101429.04
101429.0401
101429.0401
101429.0401
101429.0402
101429.0402
101429.0188
101429.0187
101429.0187
101429.0186
101429.0185
101429.0183
101429.0182
101429.0179
101429.0177
101429.0174
101429.017
101429.0166
101429.0162
101429.0158
101429.0153
101429.0147
101429.0142
101429.0136
101429.0131
101429.0125
101429.012
101429.0114
101429.011
101429.0105
101429.0101
101429.0098
101429.0095
101429.0093
101429.0092
101429.009
101429.009
101429.0089
101429.0089
101429.0089
101429.009
101429.009
101429.009
101429.009
101429.0091
101429.0091
101428.9871
101428.9871
101428.9871
101428.987
101428.9869
101428.9867
101428.9865
101428.9863
101428.9861
101428.9858
101428.9854
101428.9851
101428.9847
101428.9843
101428.9838
101428.9833
101428.9828
101428.9823
101428.9818
101428.9813
101428.9808
101428.9803
101428.9799
101428.9795
101428.9791
101428.9788
101428.9785
101428.9783
101428.9782
101428.978
101428.978
101428.9779
101428.9779
101428.9779
101428.9779
101428.9779
101428.9779
101428.978
101428.978
101428.978
101428.9555
101428.9555
101428.9554
101428.9554
101428.9552
101428.9551
101428.9549
101428.9547
101428.9545
101428.9542
101428.9539
101428.9536
101428.9532
101428.9528
101428.9524
101428.9519
101428.9514
101428.951
101428.9505
101428.95
101428.9496
101428.9492
101428.9487
101428.9484
101428.9481
101428.9478
101428.9475
101428.9473
101428.9472
101428.947
101428.9469
101428.9469
101428.9469
101428.9468
101428.9468
101428.9468
101428.9469
101428.9469
101428.9469
101428.9469
101428.9239
101428.9239
101428.9239
101428.9238
101428.9237
101428.9235
101428.9234
101428.9232
101428.9229
101428.9227
101428.9224
101428.9221
101428.9217
101428.9213
101428.9209
101428.9205
101428.9201
101428.9197
101428.9192
101428.9188
101428.9184
101428.918
101428.9176
101428.9173
101428.917
101428.9167
101428.9165
101428.9163
101428.9161
101428.916
101428.9159
101428.9158
101428.9158
101428.9158
101428.9158
101428.9158
101428.9158
101428.9158
101428.9158
101428.9158
101428.8924
101428.8923
101428.8923
101428.8922
101428.8921
101428.892
101428.8918
101428.8916
101428.8914
101428.8912
101428.8909
101428.8906
101428.8903
101428.8899
101428.8895
101428.8892
101428.8888
101428.8884
101428.888
101428.8876
101428.8872
101428.8868
101428.8865
101428.8862
101428.8859
101428.8856
101428.8854
101428.8852
101428.8851
101428.885
101428.8849
101428.8848
101428.8847
101428.8847
101428.8847
101428.8847
101428.8847
101428.8847
101428.8847
101428.8847
101428.8608
101428.8608
101428.8607
101428.8607
101428.8606
101428.8604
101428.8603
101428.8601
101428.8599
101428.8597
101428.8594
101428.8591
101428.8588
101428.8585
101428.8582
101428.8578
101428.8575
101428.8571
101428.8567
101428.8564
101428.856
101428.8557
101428.8553
101428.8551
101428.8548
101428.8546
101428.8543
101428.8542
101428.854
101428.8539
101428.8538
101428.8537
101428.8537
101428.8536
101428.8536
101428.8536
101428.8536
101428.8536
101428.8536
101428.8536
101428.8293
101428.8293
101428.8292
101428.8292
101428.8291
101428.8289
101428.8288
101428.8286
101428.8284
101428.8282
101428.828
101428.8277
101428.8274
101428.8271
101428.8268
101428.8265
101428.8261
101428.8258
101428.8255
101428.8251
101428.8248
101428.8245
101428.8242
101428.8239
101428.8237
101428.8235
101428.8233
101428.8231
101428.8229
101428.8228
101428.8227
101428.8227
101428.8226
101428.8226
101428.8225
101428.8225
101428.8225
101428.8225
101428.8225
101428.8225
101428.7978
101428.7978
101428.7977
101428.7977
101428.7976
101428.7975
101428.7973
101428.7972
101428.797
101428.7968
101428.7965
101428.7963
101428.796
101428.7958
101428.7955
101428.7952
101428.7948
101428.7945
101428.7942
101428.7939
101428.7936
101428.7933
101428.793
101428.7928
101428.7926
101428.7923
101428.7922
101428.792
101428.7919
101428.7917
101428.7917
101428.7916
101428.7915
101428.7915
101428.7914
101428.7914
101428.7914
101428.7914
101428.7914
101428.7914
101428.7663
101428.7663
101428.7663
101428.7662
101428.7661
101428.766
101428.7659
101428.7657
101428.7655
101428.7653
101428.7651
101428.7649
101428.7647
101428.7644
101428.7641
101428.7638
101428.7635
101428.7633
101428.763
101428.7627
101428.7624
101428.7621
101428.7619
101428.7616
101428.7614
101428.7612
101428.7611
101428.7609
101428.7608
101428.7607
101428.7606
101428.7605
101428.7604
101428.7604
101428.7603
101428.7603
101428.7603
101428.7603
101428.7603
101428.7603
101428.7349
101428.7348
101428.7348
101428.7347
101428.7347
101428.7345
101428.7344
101428.7343
101428.7341
101428.7339
101428.7337
101428.7335
101428.7333
101428.733
101428.7328
101428.7325
101428.7323
101428.732
101428.7317
101428.7315
101428.7312
101428.731
101428.7307
101428.7305
101428.7303
101428.7301
101428.7299
101428.7298
101428.7297
101428.7296
101428.7295
101428.7294
101428.7293
101428.7293
101428.7292
101428.7292
101428.7292
101428.7292
101428.7292
101428.7292
101428.7034
101428.7034
101428.7034
101428.7033
101428.7032
101428.7031
101428.703
101428.7029
101428.7027
101428.7025
101428.7024
101428.7022
101428.7019
101428.7017
101428.7015
101428.7012
101428.701
101428.7007
101428.7005
101428.7002
101428.7
101428.6998
101428.6995
101428.6993
101428.6992
101428.699
101428.6988
101428.6987
101428.6986
101428.6985
101428.6984
101428.6983
101428.6982
101428.6982
101428.6981
101428.6981
101428.6981
101428.6981
101428.6981
101428.6981
101428.672
101428.672
101428.6719
101428.6719
101428.6718
101428.6717
101428.6716
101428.6715
101428.6713
101428.6712
101428.671
101428.6708
101428.6706
101428.6704
101428.6702
101428.6699
101428.6697
101428.6695
101428.6692
101428.669
101428.6688
101428.6686
101428.6684
101428.6682
101428.668
101428.6678
101428.6677
101428.6676
101428.6674
101428.6673
101428.6673
101428.6672
101428.6671
101428.6671
101428.667
101428.667
101428.667
101428.667
101428.6669
101428.6669
101428.6406
101428.6406
101428.6405
101428.6405
101428.6404
101428.6403
101428.6402
101428.6401
101428.64
101428.6398
101428.6396
101428.6395
101428.6393
101428.6391
101428.6389
101428.6387
101428.6384
101428.6382
101428.638
101428.6378
101428.6376
101428.6374
101428.6372
101428.637
101428.6369
101428.6367
101428.6366
101428.6364
101428.6363
101428.6362
101428.6361
101428.6361
101428.636
101428.636
101428.6359
101428.6359
101428.6359
101428.6358
101428.6358
101428.6358
101428.6092
101428.6092
101428.6091
101428.6091
101428.609
101428.6089
101428.6088
101428.6087
101428.6086
101428.6085
101428.6083
101428.6081
101428.608
101428.6078
101428.6076
101428.6074
101428.6072
101428.607
101428.6068
101428.6066
101428.6064
101428.6062
101428.606
101428.6059
101428.6057
101428.6056
101428.6054
101428.6053
101428.6052
101428.6051
101428.605
101428.6049
101428.6049
101428.6048
101428.6048
101428.6048
101428.6047
101428.6047
101428.6047
101428.6047
101428.5778
101428.5778
101428.5778
101428.5777
101428.5777
101428.5776
101428.5775
101428.5774
101428.5773
101428.5771
101428.577
101428.5768
101428.5767
101428.5765
101428.5763
101428.5761
101428.5759
101428.5757
101428.5756
101428.5754
101428.5752
101428.575
101428.5749
101428.5747
101428.5745
101428.5744
101428.5743
101428.5742
101428.5741
101428.574
101428.5739
101428.5738
101428.5738
101428.5737
101428.5737
101428.5736
101428.5736
101428.5736
101428.5736
101428.5736
101428.5464
101428.5464
101428.5464
101428.5464
101428.5463
101428.5462
101428.5461
101428.546
101428.5459
101428.5458
101428.5457
101428.5455
101428.5454
101428.5452
101428.545
101428.5449
101428.5447
101428.5445
101428.5443
101428.5442
101428.544
101428.5438
101428.5437
101428.5435
101428.5434
101428.5433
101428.5431
101428.543
101428.5429
101428.5428
101428.5428
101428.5427
101428.5426
101428.5426
101428.5425
101428.5425
101428.5425
101428.5425
101428.5425
101428.5425
101428.5151
101428.5151
101428.5151
101428.515
101428.515
101428.5149
101428.5148
101428.5147
101428.5146
101428.5145
101428.5144
101428.5142
101428.5141
101428.5139
101428.5138
101428.5136
101428.5134
101428.5133
101428.5131
101428.513
101428.5128
101428.5126
101428.5125
101428.5124
101428.5122
101428.5121
101428.512
101428.5119
101428.5118
101428.5117
101428.5116
101428.5116
101428.5115
101428.5115
101428.5114
101428.5114
101428.5114
101428.5113
101428.5113
101428.5113
101428.4838
101428.4837
101428.4837
101428.4837
101428.4836
101428.4836
101428.4835
101428.4834
101428.4833
101428.4832
101428.4831
101428.4829
101428.4828
101428.4827
101428.4825
101428.4824
101428.4822
101428.4821
101428.4819
101428.4817
101428.4816
101428.4815
101428.4813
101428.4812
101428.4811
101428.4809
101428.4808
101428.4807
101428.4806
101428.4806
101428.4805
101428.4804
101428.4804
101428.4803
101428.4803
101428.4803
101428.4802
101428.4802
101428.4802
101428.4802
101428.4524
101428.4524
101428.4524
101428.4524
101428.4523
101428.4522
101428.4522
101428.4521
101428.452
101428.4519
101428.4518
101428.4517
101428.4515
101428.4514
101428.4513
101428.4511
101428.451
101428.4508
101428.4507
101428.4505
101428.4504
101428.4503
101428.4501
101428.45
101428.4499
101428.4498
101428.4497
101428.4496
101428.4495
101428.4494
101428.4493
101428.4493
101428.4492
101428.4492
101428.4491
101428.4491
101428.4491
101428.4491
101428.4491
101428.4491
101428.4211
101428.4211
101428.4211
101428.421
101428.421
101428.4209
101428.4209
101428.4208
101428.4207
101428.4206
101428.4205
101428.4204
101428.4203
101428.4201
101428.42
101428.4199
101428.4197
101428.4196
101428.4195
101428.4193
101428.4192
101428.4191
101428.4189
101428.4188
101428.4187
101428.4186
101428.4185
101428.4184
101428.4183
101428.4183
101428.4182
101428.4181
101428.4181
101428.418
101428.418
101428.418
101428.418
101428.4179
101428.4179
101428.4179
101428.3898
101428.3898
101428.3898
101428.3897
101428.3897
101428.3896
101428.3896
101428.3895
101428.3894
101428.3893
101428.3892
101428.3891
101428.389
101428.3889
101428.3888
101428.3886
101428.3885
101428.3884
101428.3883
101428.3881
101428.388
101428.3879
101428.3878
101428.3877
101428.3875
101428.3874
101428.3874
101428.3873
101428.3872
101428.3871
101428.3871
101428.387
101428.3869
101428.3869
101428.3869
101428.3868
101428.3868
101428.3868
101428.3868
101428.3868
101428.3585
101428.3585
101428.3585
101428.3585
101428.3584
101428.3584
101428.3583
101428.3582
101428.3582
101428.3581
101428.358
101428.3579
101428.3578
101428.3576
101428.3575
101428.3574
101428.3573
101428.3572
101428.3571
101428.3569
101428.3568
101428.3567
101428.3566
101428.3565
101428.3564
101428.3563
101428.3562
101428.3561
101428.356
101428.356
101428.3559
101428.3558
101428.3558
101428.3558
101428.3557
101428.3557
101428.3557
101428.3557
101428.3556
101428.3556
101428.3272
101428.3272
101428.3272
101428.3272
101428.3271
101428.3271
101428.327
101428.327
101428.3269
101428.3268
101428.3267
101428.3266
101428.3265
101428.3264
101428.3263
101428.3262
101428.3261
101428.326
101428.3258
101428.3257
101428.3256
101428.3255
101428.3254
101428.3253
101428.3252
101428.3251
101428.325
101428.325
101428.3249
101428.3248
101428.3248
101428.3247
101428.3247
101428.3246
101428.3246
101428.3246
101428.3245
101428.3245
101428.3245
101428.3245
101428.296
101428.2959
101428.2959
101428.2959
101428.2959
101428.2958
101428.2958
101428.2957
101428.2956
101428.2955
101428.2955
101428.2954
101428.2953
101428.2952
101428.2951
101428.295
101428.2949
101428.2947
101428.2946
101428.2945
101428.2944
101428.2943
101428.2942
101428.2941
101428.294
101428.2939
101428.2939
101428.2938
101428.2937
101428.2937
101428.2936
101428.2935
101428.2935
101428.2935
101428.2934
101428.2934
101428.2934
101428.2934
101428.2934
101428.2934
101428.2647
101428.2647
101428.2647
101428.2646
101428.2646
101428.2646
101428.2645
101428.2644
101428.2644
101428.2643
101428.2642
101428.2641
101428.264
101428.2639
101428.2638
101428.2637
101428.2636
101428.2635
101428.2634
101428.2633
101428.2632
101428.2631
101428.263
101428.2629
101428.2629
101428.2628
101428.2627
101428.2626
101428.2626
101428.2625
101428.2624
101428.2624
101428.2623
101428.2623
101428.2623
101428.2623
101428.2622
101428.2622
101428.2622
101428.2622
101428.2334
101428.2334
101428.2334
101428.2334
101428.2333
101428.2333
101428.2333
101428.2332
101428.2331
101428.2331
101428.233
101428.2329
101428.2328
101428.2327
101428.2326
101428.2325
101428.2324
101428.2323
101428.2322
101428.2321
101428.232
101428.232
101428.2319
101428.2318
101428.2317
101428.2316
101428.2315
101428.2315
101428.2314
101428.2313
101428.2313
101428.2312
101428.2312
101428.2312
101428.2311
101428.2311
101428.2311
101428.2311
101428.2311
101428.2311
101428.2022
101428.2022
101428.2022
101428.2021
101428.2021
101428.2021
101428.202
101428.202
101428.2019
101428.2018
101428.2018
101428.2017
101428.2016
101428.2015
101428.2014
101428.2013
101428.2012
101428.2011
101428.201
101428.2009
101428.2009
101428.2008
101428.2007
101428.2006
101428.2005
101428.2004
101428.2004
101428.2003
101428.2002
101428.2002
101428.2001
101428.2001
101428.2
101428.2
101428.2
101428.1999
101428.1999
101428.1999
101428.1999
101428.1999
101428.1709
101428.1709
101428.1709
101428.1709
101428.1709
101428.1708
101428.1708
101428.1707
101428.1707
101428.1706
101428.1705
101428.1704
101428.1704
101428.1703
101428.1702
101428.1701
101428.17
101428.1699
101428.1698
101428.1698
101428.1697
101428.1696
101428.1695
101428.1694
101428.1693
101428.1693
101428.1692
101428.1691
101428.1691
101428.169
101428.169
101428.1689
101428.1689
101428.1688
101428.1688
101428.1688
101428.1688
101428.1688
101428.1687
101428.1687
101428.1397
101428.1397
101428.1397
101428.1396
101428.1396
101428.1396
101428.1395
101428.1395
101428.1394
101428.1394
101428.1393
101428.1392
101428.1392
101428.1391
101428.139
101428.1389
101428.1388
101428.1387
101428.1387
101428.1386
101428.1385
101428.1384
101428.1383
101428.1382
101428.1382
101428.1381
101428.138
101428.138
101428.1379
101428.1378
101428.1378
101428.1378
101428.1377
101428.1377
101428.1377
101428.1376
101428.1376
101428.1376
101428.1376
101428.1376
101428.1085
101428.1085
101428.1084
101428.1084
101428.1084
101428.1084
101428.1083
101428.1083
101428.1082
101428.1082
101428.1081
101428.108
101428.1079
101428.1079
101428.1078
101428.1077
101428.1076
101428.1075
101428.1075
101428.1074
101428.1073
101428.1072
101428.1071
101428.1071
101428.107
101428.1069
101428.1069
101428.1068
101428.1067
101428.1067
101428.1066
101428.1066
101428.1066
101428.1065
101428.1065
101428.1065
101428.1065
101428.1064
101428.1064
101428.1064
101428.0772
101428.0772
101428.0772
101428.0772
101428.0772
101428.0771
101428.0771
101428.077
101428.077
101428.0769
101428.0769
101428.0768
101428.0767
101428.0767
101428.0766
101428.0765
101428.0764
101428.0763
101428.0763
101428.0762
101428.0761
101428.076
101428.076
101428.0759
101428.0758
101428.0757
101428.0757
101428.0756
101428.0756
101428.0755
101428.0755
101428.0754
101428.0754
101428.0754
101428.0753
101428.0753
101428.0753
101428.0753
101428.0753
101428.0753
101428.046
101428.046
101428.046
101428.046
101428.046
101428.0459
101428.0459
101428.0458
101428.0458
101428.0457
101428.0457
101428.0456
101428.0455
101428.0455
101428.0454
101428.0453
101428.0452
101428.0452
101428.0451
101428.045
101428.0449
101428.0448
101428.0448
101428.0447
101428.0446
101428.0446
101428.0445
101428.0445
101428.0444
101428.0443
101428.0443
101428.0443
101428.0442
101428.0442
101428.0442
101428.0441
101428.0441
101428.0441
101428.0441
101428.0441
101428.0148
101428.0148
101428.0148
101428.0148
101428.0147
101428.0147
101428.0147
101428.0146
101428.0146
101428.0145
101428.0145
101428.0144
101428.0143
101428.0143
101428.0142
101428.0141
101428.014
101428.014
101428.0139
101428.0138
101428.0137
101428.0137
101428.0136
101428.0135
101428.0135
101428.0134
101428.0133
101428.0133
101428.0132
101428.0132
101428.0131
101428.0131
101428.0131
101428.013
101428.013
101428.013
101428.013
101428.0129
101428.0129
101428.0129
101427.9836
101427.9836
101427.9836
101427.9836
101427.9835
101427.9835
101427.9835
101427.9834
101427.9834
101427.9833
101427.9833
101427.9832
101427.9831
101427.9831
101427.983
101427.9829
101427.9829
101427.9828
101427.9827
101427.9826
101427.9826
101427.9825
101427.9824
101427.9823
101427.9823
101427.9822
101427.9822
101427.9821
101427.9821
101427.982
101427.982
101427.9819
101427.9819
101427.9819
101427.9818
101427.9818
101427.9818
101427.9818
101427.9818
101427.9818
101427.9524
101427.9524
101427.9524
101427.9524
101427.9523
101427.9523
101427.9523
101427.9522
101427.9522
101427.9521
101427.9521
101427.952
101427.952
101427.9519
101427.9518
101427.9517
101427.9517
101427.9516
101427.9515
101427.9515
101427.9514
101427.9513
101427.9512
101427.9512
101427.9511
101427.951
101427.951
101427.9509
101427.9509
101427.9508
101427.9508
101427.9508
101427.9507
101427.9507
101427.9507
101427.9506
101427.9506
101427.9506
101427.9506
101427.9506
101427.9212
101427.9212
101427.9212
101427.9212
101427.9212
101427.9211
101427.9211
101427.921
101427.921
101427.9209
101427.9209
101427.9208
101427.9208
101427.9207
101427.9206
101427.9206
101427.9205
101427.9204
101427.9203
101427.9203
101427.9202
101427.9201
101427.9201
101427.92
101427.9199
101427.9199
101427.9198
101427.9198
101427.9197
101427.9197
101427.9196
101427.9196
101427.9195
101427.9195
101427.9195
101427.9195
101427.9195
101427.9194
101427.9194
101427.9194
101427.89
101427.89
101427.89
101427.89
101427.89
101427.8899
101427.8899
101427.8899
101427.8898
101427.8898
101427.8897
101427.8896
101427.8896
101427.8895
101427.8894
101427.8894
101427.8893
101427.8892
101427.8892
101427.8891
101427.889
101427.889
101427.8889
101427.8888
101427.8888
101427.8887
101427.8886
101427.8886
101427.8885
101427.8885
101427.8884
101427.8884
101427.8884
101427.8883
101427.8883
101427.8883
101427.8883
101427.8883
101427.8883
101427.8883
101427.8588
101427.8588
101427.8588
101427.8588
101427.8588
101427.8588
101427.8587
101427.8587
101427.8586
101427.8586
101427.8585
101427.8585
101427.8584
101427.8583
101427.8583
101427.8582
101427.8581
101427.8581
101427.858
101427.8579
101427.8578
101427.8578
101427.8577
101427.8576
101427.8576
101427.8575
101427.8575
101427.8574
101427.8574
101427.8573
101427.8573
101427.8572
101427.8572
101427.8572
101427.8571
101427.8571
101427.8571
101427.8571
101427.8571
101427.8571
)
;

boundaryField
{
    front
    {
        type            wedge;
    }
    back
    {
        type            wedge;
    }
    tankWall
    {
        type            fixedFluxPressure;
        gradient        uniform 0;
        value           nonuniform List<scalar> 
120
(
102292.3809
102284.9179
102277.3122
102269.6477
102261.9312
102254.1721
102246.378
102238.556
102230.7109
102222.8474
102214.9683
102207.0777
102199.1784
102191.2735
102183.3655
102175.4564
102167.5477
102159.6403
102151.7341
102143.8282
102135.9214
102128.0121
102120.0984
102112.1779
102104.248
102096.3056
102088.3483
102080.3738
102072.3798
102064.3645
102056.3264
102048.2645
102040.1786
102032.0697
102023.939
102015.7867
102007.6123
101999.417
101991.2015
101982.9669
101974.7139
101966.443
101958.1538
101949.8448
101941.5132
101933.1546
101924.7612
101916.3235
101907.824
101899.2585
101890.63
101882.0274
101873.583
101865.6606
101858.8163
101853.394
101849.3223
101845.706
101840.2748
101827.7884
101797.5084
101683.7073
101437.6036
101429.5964
101429.5711
101429.5379
101429.5074
101429.4761
101429.445
101429.4138
101429.3826
101429.3515
101429.3203
101429.2891
101429.258
101429.2269
101429.1957
101429.1646
101429.1335
101429.1024
101429.0713
101429.0402
101429.0091
101428.978
101428.9469
101428.9158
101428.8847
101428.8536
101428.8225
101428.7914
101428.7603
101428.7292
101428.6981
101428.6669
101428.6358
101428.6047
101428.5736
101428.5425
101428.5113
101428.4802
101428.4491
101428.4179
101428.3868
101428.3556
101428.3245
101428.2934
101428.2622
101428.2311
101428.1999
101428.1687
101428.1376
101428.1064
101428.0753
101428.0441
101428.0129
101427.9818
101427.9506
101427.9194
101427.8883
101427.8571
)
;
    }
    bottom
    {
        type            fixedFluxPressure;
        gradient        uniform 0;
        value           nonuniform List<scalar> 
40
(
102292.7883
102292.7877
102292.7863
102292.7842
102292.7815
102292.778
102292.7739
102292.7691
102292.7637
102292.7577
102292.751
102292.7439
102292.7361
102292.7279
102292.7193
102292.7102
102292.7007
102292.6909
102292.6808
102292.6705
102292.66
102292.6494
102292.6387
102292.6279
102292.6171
102292.6064
102292.5958
102292.5853
102292.575
102292.5648
102292.5549
102292.5452
102292.5358
102292.5267
102292.5179
102292.5095
102292.5024
102292.4915
102292.5042
102292.3809
)
;
    }
    top
    {
        type            fixedFluxPressure;
        gradient        uniform 0;
        value           nonuniform List<scalar> 
40
(
101427.8588
101427.8588
101427.8588
101427.8588
101427.8588
101427.8588
101427.8587
101427.8587
101427.8586
101427.8586
101427.8585
101427.8585
101427.8584
101427.8583
101427.8583
101427.8582
101427.8581
101427.8581
101427.858
101427.8579
101427.8578
101427.8578
101427.8577
101427.8576
101427.8576
101427.8575
101427.8575
101427.8574
101427.8574
101427.8573
101427.8573
101427.8572
101427.8572
101427.8572
101427.8571
101427.8571
101427.8571
101427.8571
101427.8571
101427.8571
)
;
    }
    axis
    {
        type            empty;
    }
}


// ************************************************************************* //
