/*--------------------------------*- C++ -*----------------------------------*\
| =========                 |                                                 |
| \\      /  F ield         | OpenFOAM: The Open Source CFD Toolbox           |
|  \\    /   O peration     | Version:  v1912                                 |
|   \\  /    A nd           | Website:  www.openfoam.com                      |
|    \\/     M anipulation  |                                                 |
\*---------------------------------------------------------------------------*/
FoamFile
{
    version     2.0;
    format      ascii;
    class       volScalarField;
    location    "0.5";
    object      p_rgh_0;
}
// * * * * * * * * * * * * * * * * * * * * * * * * * * * * * * * * * * * * * //

dimensions      [1 -1 -2 0 0 0 0];


internalField   nonuniform List<scalar> 
4800
(
102289.7452
102289.7446
102289.7433
102289.7413
102289.7386
102289.7353
102289.7312
102289.7266
102289.7213
102289.7154
102289.709
102289.702
102289.6945
102289.6865
102289.678
102289.6692
102289.6599
102289.6504
102289.6406
102289.6305
102289.6203
102289.6099
102289.5994
102289.5889
102289.5785
102289.568
102289.5576
102289.5474
102289.5373
102289.5274
102289.5176
102289.5081
102289.4989
102289.4899
102289.4813
102289.473
102289.4658
102289.455
102289.4677
102289.3444
102282.3895
102282.3889
102282.3876
102282.3856
102282.3829
102282.3795
102282.3755
102282.3708
102282.3655
102282.3596
102282.3532
102282.3461
102282.3386
102282.3306
102282.3221
102282.3132
102282.3039
102282.2944
102282.2845
102282.2744
102282.2641
102282.2537
102282.2433
102282.2327
102282.2222
102282.2117
102282.2013
102282.191
102282.1809
102282.1709
102282.1612
102282.1517
102282.1424
102282.1333
102282.1247
102282.1163
102282.1088
102282.099
102282.1034
102281.8814
102275.0343
102275.0338
102275.0324
102275.0304
102275.0277
102275.0243
102275.0203
102275.0156
102275.0102
102275.0043
102274.9978
102274.9907
102274.9831
102274.9751
102274.9665
102274.9576
102274.9483
102274.9386
102274.9287
102274.9185
102274.9082
102274.8977
102274.8872
102274.8766
102274.866
102274.8554
102274.845
102274.8346
102274.8244
102274.8144
102274.8046
102274.795
102274.7856
102274.7765
102274.7677
102274.7592
102274.7514
102274.7428
102274.7366
102274.2756
102267.6797
102267.6791
102267.6778
102267.6758
102267.673
102267.6696
102267.6655
102267.6608
102267.6554
102267.6494
102267.6429
102267.6357
102267.6281
102267.6199
102267.6113
102267.6023
102267.5929
102267.5831
102267.5731
102267.5628
102267.5524
102267.5418
102267.5312
102267.5205
102267.5098
102267.4991
102267.4886
102267.4782
102267.4679
102267.4578
102267.4479
102267.4382
102267.4287
102267.4195
102267.4105
102267.4018
102267.3936
102267.3854
102267.3647
102266.611
102260.3256
102260.325
102260.3237
102260.3216
102260.3189
102260.3154
102260.3113
102260.3065
102260.3011
102260.295
102260.2884
102260.2812
102260.2734
102260.2652
102260.2564
102260.2473
102260.2378
102260.2279
102260.2177
102260.2074
102260.1968
102260.1861
102260.1752
102260.1644
102260.1536
102260.1428
102260.1322
102260.1216
102260.1112
102260.101
102260.091
102260.0812
102260.0716
102260.0622
102260.053
102260.044
102260.0354
102260.0271
102259.9869
102258.8945
102252.9721
102252.9715
102252.9701
102252.9681
102252.9653
102252.9618
102252.9576
102252.9527
102252.9472
102252.9411
102252.9344
102252.9271
102252.9192
102252.9108
102252.902
102252.8927
102252.883
102252.873
102252.8626
102252.8521
102252.8413
102252.8304
102252.8194
102252.8084
102252.7974
102252.7865
102252.7757
102252.765
102252.7545
102252.7442
102252.734
102252.7241
102252.7143
102252.7047
102252.6952
102252.6859
102252.6767
102252.668
102252.6029
102251.1354
102245.6191
102245.6185
102245.6172
102245.6151
102245.6122
102245.6087
102245.6044
102245.5995
102245.5939
102245.5877
102245.5808
102245.5734
102245.5654
102245.5569
102245.5478
102245.5384
102245.5285
102245.5183
102245.5078
102245.497
102245.486
102245.4749
102245.4637
102245.4525
102245.4413
102245.4302
102245.4192
102245.4084
102245.3977
102245.3872
102245.3769
102245.3668
102245.3569
102245.3471
102245.3373
102245.3276
102245.3178
102245.3083
102245.2124
102243.3414
102238.2667
102238.2661
102238.2648
102238.2626
102238.2597
102238.2561
102238.2518
102238.2468
102238.2411
102238.2347
102238.2278
102238.2202
102238.212
102238.2033
102238.1941
102238.1844
102238.1743
102238.1639
102238.1531
102238.1421
102238.1309
102238.1195
102238.1081
102238.0966
102238.0852
102238.0739
102238.0627
102238.0516
102238.0408
102238.0301
102238.0197
102238.0095
102237.9994
102237.9893
102237.9793
102237.9692
102237.9588
102237.9484
102237.8138
102235.5195
102230.9149
102230.9143
102230.9129
102230.9107
102230.9078
102230.9041
102230.8997
102230.8946
102230.8888
102230.8823
102230.8752
102230.8674
102230.8591
102230.8502
102230.8408
102230.8309
102230.8205
102230.8098
102230.7988
102230.7875
102230.776
102230.7643
102230.7526
102230.7408
102230.7291
102230.7175
102230.7061
102230.6948
102230.6838
102230.673
102230.6624
102230.652
102230.6418
102230.6316
102230.6213
102230.6108
102230.5998
102230.5888
102230.4095
102227.6746
102223.5637
102223.5631
102223.5617
102223.5595
102223.5565
102223.5527
102223.5482
102223.543
102223.5371
102223.5305
102223.5232
102223.5152
102223.5067
102223.4975
102223.4878
102223.4777
102223.467
102223.456
102223.4447
102223.433
102223.4212
102223.4092
102223.3972
102223.3851
102223.3731
102223.3612
102223.3495
102223.338
102223.3267
102223.3157
102223.305
102223.2944
102223.2841
102223.2738
102223.2634
102223.2526
102223.2412
102223.2297
102222.9938
102219.8115
102216.2131
102216.2126
102216.2111
102216.2088
102216.2058
102216.2019
102216.1973
102216.192
102216.1859
102216.1791
102216.1716
102216.1635
102216.1547
102216.1453
102216.1353
102216.1249
102216.1139
102216.1026
102216.0909
102216.0789
102216.0667
102216.0543
102216.0419
102216.0294
102216.0171
102216.0048
102215.9928
102215.981
102215.9695
102215.9583
102215.9474
102215.9368
102215.9264
102215.916
102215.9055
102215.8947
102215.8831
102215.8711
102215.5714
102211.933
102208.8632
102208.8626
102208.8611
102208.8588
102208.8557
102208.8517
102208.847
102208.8416
102208.8353
102208.8284
102208.8207
102208.8123
102208.8032
102208.7936
102208.7833
102208.7725
102208.7612
102208.7495
102208.7374
102208.725
102208.7123
102208.6995
102208.6867
102208.6738
102208.661
102208.6484
102208.6361
102208.624
102208.6122
102208.6008
102208.5898
102208.5791
102208.5686
102208.5582
102208.5478
102208.537
102208.5254
102208.5133
102208.1436
102204.0432
102201.5139
102201.5133
102201.5118
102201.5094
102201.5062
102201.5022
102201.4974
102201.4917
102201.4853
102201.4782
102201.4703
102201.4616
102201.4523
102201.4423
102201.4317
102201.4206
102201.4089
102201.3967
102201.3842
102201.3713
102201.3582
102201.3449
102201.3316
102201.3183
102201.3051
102201.292
102201.2793
102201.2668
102201.2548
102201.2432
102201.232
102201.2212
102201.2107
102201.2005
102201.1902
102201.1797
102201.1683
102201.1563
102200.7112
102196.145
102194.1653
102194.1647
102194.1632
102194.1607
102194.1574
102194.1533
102194.1483
102194.1426
102194.136
102194.1286
102194.1205
102194.1116
102194.102
102194.0916
102194.0807
102194.0691
102194.057
102194.0444
102194.0313
102194.018
102194.0043
102193.9905
102193.9767
102193.9628
102193.9491
102193.9356
102193.9224
102193.9095
102193.8972
102193.8853
102193.874
102193.8632
102193.8528
102193.8427
102193.8328
102193.8226
102193.8119
102193.8001
102193.2747
102188.2414
102186.8174
102186.8168
102186.8152
102186.8127
102186.8093
102186.8051
102186.8
102186.7941
102186.7873
102186.7797
102186.7713
102186.7621
102186.7522
102186.7415
102186.7301
102186.7181
102186.7055
102186.6924
102186.6789
102186.6649
102186.6507
102186.6363
102186.6219
102186.6074
102186.5931
102186.5791
102186.5654
102186.5521
102186.5394
102186.5273
102186.5158
102186.505
102186.4947
102186.4849
102186.4754
102186.4659
102186.4559
102186.4447
102185.8339
102180.3349
102179.4702
102179.4696
102179.468
102179.4654
102179.4619
102179.4576
102179.4524
102179.4463
102179.4393
102179.4315
102179.4228
102179.4133
102179.403
102179.392
102179.3802
102179.3677
102179.3546
102179.3409
102179.3268
102179.3122
102179.2974
102179.2823
102179.2672
102179.2521
102179.2372
102179.2225
102179.2083
102179.1945
102179.1814
102179.169
102179.1574
102179.1465
102179.1364
102179.127
102179.118
102179.1093
102179.1004
102179.0898
102178.3885
102172.4275
102172.1238
102172.1231
102172.1215
102172.1188
102172.1153
102172.1108
102172.1055
102172.0992
102172.092
102172.0839
102172.075
102172.0652
102172.0545
102172.043
102172.0308
102172.0178
102172.0041
102171.9899
102171.9751
102171.9599
102171.9443
102171.9285
102171.9127
102171.8968
102171.8812
102171.8659
102171.851
102171.8367
102171.8232
102171.8104
102171.7986
102171.7877
102171.7778
102171.7688
102171.7605
102171.7528
102171.7453
102171.7356
102170.9382
102164.5206
102164.7781
102164.7775
102164.7757
102164.773
102164.7694
102164.7648
102164.7593
102164.7529
102164.7455
102164.7371
102164.7279
102164.7177
102164.7067
102164.6948
102164.682
102164.6685
102164.6542
102164.6393
102164.6238
102164.6079
102164.5916
102164.575
102164.5583
102164.5417
102164.5252
102164.5092
102164.4936
102164.4787
102164.4646
102164.4514
102164.4394
102164.4285
102164.4187
102164.4102
102164.4028
102164.3963
102164.3904
102164.3816
102163.4824
102156.615
102157.4332
102157.4325
102157.4308
102157.428
102157.4243
102157.4196
102157.4139
102157.4073
102157.3997
102157.3911
102157.3816
102157.3711
102157.3596
102157.3472
102157.3339
102157.3198
102157.3049
102157.2893
102157.2731
102157.2563
102157.2392
102157.2217
102157.2042
102157.1866
102157.1693
102157.1523
102157.136
102157.1203
102157.1056
102157.092
102157.0797
102157.0687
102157.0592
102157.0511
102157.0446
102157.0394
102157.0354
102157.0277
102156.0204
102148.7105
102150.0891
102150.0885
102150.0866
102150.0838
102150.08
102150.0752
102150.0694
102150.0626
102150.0547
102150.0459
102150.036
102150.0252
102150.0133
102150.0004
102149.9866
102149.9719
102149.9563
102149.9399
102149.9229
102149.9052
102149.8872
102149.8688
102149.8502
102149.8317
102149.8133
102149.7954
102149.7781
102149.7617
102149.7463
102149.7321
102149.7194
102149.7083
102149.6989
102149.6914
102149.6857
102149.6819
102149.6799
102149.6733
102148.5518
102140.8061
102142.7459
102142.7452
102142.7433
102142.7405
102142.7366
102142.7316
102142.7257
102142.7187
102142.7107
102142.7015
102142.6914
102142.6801
102142.6678
102142.6544
102142.64
102142.6246
102142.6083
102142.5912
102142.5732
102142.5547
102142.5356
102142.5161
102142.4965
102142.4768
102142.4574
102142.4384
102142.4201
102142.4027
102142.3864
102142.3716
102142.3584
102142.3471
102142.3378
102142.3307
102142.3259
102142.3236
102142.3237
102142.3178
102141.076
102132.9005
102135.4035
102135.4028
102135.4009
102135.398
102135.394
102135.389
102135.3829
102135.3757
102135.3674
102135.3581
102135.3476
102135.3359
102135.3232
102135.3093
102135.2943
102135.2782
102135.2611
102135.2431
102135.2242
102135.2046
102135.1844
102135.1638
102135.143
102135.1221
102135.1014
102135.0812
102135.0617
102135.0433
102135.026
102135.0104
102134.9966
102134.9849
102134.9756
102134.9689
102134.965
102134.9641
102134.9663
102134.9611
102133.5921
102124.9922
102128.062
102128.0613
102128.0594
102128.0564
102128.0523
102128.0472
102128.041
102128.0336
102128.0252
102128.0155
102128.0047
102127.9927
102127.9795
102127.965
102127.9494
102127.9326
102127.9147
102127.8958
102127.8759
102127.8552
102127.8338
102127.812
102127.7898
102127.7676
102127.7455
102127.7239
102127.7031
102127.6834
102127.6651
102127.6485
102127.6339
102127.6218
102127.6123
102127.6058
102127.6026
102127.603
102127.6074
102127.6024
102126.0993
102117.079
102120.7214
102120.7207
102120.7187
102120.7157
102120.7116
102120.7063
102120.7
102120.6925
102120.6839
102120.674
102120.6628
102120.6504
102120.6367
102120.6218
102120.6055
102120.5879
102120.5692
102120.5493
102120.5283
102120.5065
102120.4838
102120.4605
102120.4369
102120.4132
102120.3896
102120.3665
102120.3442
102120.323
102120.3034
102120.2857
102120.2702
102120.2574
102120.2476
102120.2412
102120.2385
102120.24
102120.2462
102120.2406
102118.5977
102109.1587
102113.3817
102113.3809
102113.379
102113.3759
102113.3717
102113.3665
102113.36
102113.3524
102113.3436
102113.3334
102113.322
102113.3092
102113.2951
102113.2795
102113.2626
102113.2443
102113.2246
102113.2037
102113.1816
102113.1585
102113.1344
102113.1097
102113.0845
102113.0591
102113.0338
102113.009
102112.985
102112.9622
102112.941
102112.9219
102112.9053
102112.8916
102112.8813
102112.8747
102112.8724
102112.8748
102112.8823
102112.8752
102111.086
102101.2283
102106.043
102106.0422
102106.0402
102106.0371
102106.0329
102106.0276
102106.021
102106.0133
102106.0043
102105.994
102105.9823
102105.9691
102105.9545
102105.9384
102105.9208
102105.9017
102105.8811
102105.8591
102105.8358
102105.8113
102105.7857
102105.7594
102105.7324
102105.7052
102105.678
102105.6513
102105.6254
102105.6008
102105.5779
102105.5572
102105.5391
102105.5243
102105.5132
102105.5063
102105.504
102105.507
102105.5157
102105.5065
102103.5626
102093.285
102098.7051
102098.7043
102098.7023
102098.6992
102098.695
102098.6897
102098.6831
102098.6753
102098.6661
102098.6556
102098.6436
102098.6302
102098.6151
102098.5985
102098.5802
102098.5603
102098.5387
102098.5156
102098.491
102098.465
102098.4379
102098.4098
102098.3809
102098.3517
102098.3224
102098.2936
102098.2655
102098.2388
102098.2139
102098.1913
102098.1716
102098.1554
102098.1432
102098.1356
102098.1332
102098.1364
102098.146
102098.1337
102096.0269
102085.3263
102091.3683
102091.3674
102091.3654
102091.3624
102091.3581
102091.3528
102091.3462
102091.3383
102091.3291
102091.3184
102091.3062
102091.2925
102091.277
102091.2598
102091.2409
102091.2201
102091.1976
102091.1733
102091.1473
102091.1198
102091.0909
102091.0609
102091.03
102090.9986
102090.967
102090.9358
102090.9053
102090.8762
102090.849
102090.8243
102090.8026
102090.7847
102090.7712
102090.7626
102090.7596
102090.7628
102090.7729
102090.7563
102088.4782
102077.35
102084.0323
102084.0315
102084.0295
102084.0264
102084.0223
102084.0169
102084.0104
102084.0025
102083.9932
102083.9824
102083.9701
102083.956
102083.9402
102083.9225
102083.9029
102083.8813
102083.8578
102083.8323
102083.8049
102083.7757
102083.745
102083.7129
102083.6798
102083.646
102083.6119
102083.578
102083.5448
102083.513
102083.4832
102083.456
102083.432
102083.4121
102083.3968
102083.3869
102083.383
102083.3858
102083.396
102083.3741
102080.9161
102069.3539
102076.6973
102076.6965
102076.6945
102076.6915
102076.6874
102076.6822
102076.6756
102076.6678
102076.6585
102076.6477
102076.6352
102076.621
102076.6048
102076.5866
102076.5664
102076.544
102076.5194
102076.4927
102076.4638
102076.433
102076.4003
102076.366
102076.3304
102076.294
102076.2571
102076.2202
102076.1841
102076.1493
102076.1165
102076.0864
102076.0598
102076.0374
102076.0201
102076.0085
102076.0033
102076.0053
102076.0151
102075.9868
102073.3403
102061.336
102069.3632
102069.3623
102069.3605
102069.3576
102069.3536
102069.3484
102069.342
102069.3343
102069.3251
102069.3143
102069.3017
102069.2873
102069.2709
102069.2523
102069.2315
102069.2083
102069.1827
102069.1547
102069.1243
102069.0916
102069.0568
102069.0202
102068.982
102068.9427
102068.9027
102068.8626
102068.8231
102068.7849
102068.7488
102068.7154
102068.6857
102068.6606
102068.6407
102068.627
102068.6202
102068.621
102068.6301
102068.5942
102065.7506
102053.2951
102062.0299
102062.0291
102062.0273
102062.0245
102062.0207
102062.0157
102062.0095
102062.0019
102061.9929
102061.9822
102061.9696
102061.9552
102061.9385
102061.9196
102061.8982
102061.8743
102061.8477
102061.8184
102061.7864
102061.7518
102061.7148
102061.6757
102061.6346
102061.5922
102061.5489
102061.5052
102061.462
102061.42
102061.3801
102061.343
102061.3098
102061.2814
102061.2586
102061.2424
102061.2335
102061.2328
102061.2409
102061.1962
102058.147
102045.2302
102054.6976
102054.6968
102054.6951
102054.6924
102054.6888
102054.684
102054.6781
102054.6707
102054.6619
102054.6514
102054.639
102054.6245
102054.6078
102054.5886
102054.5668
102054.5421
102054.5145
102054.484
102054.4504
102054.4139
102054.3745
102054.3327
102054.2886
102054.2427
102054.1957
102054.1482
102054.1008
102054.0546
102054.0104
102053.9692
102053.932
102053.8997
102053.8735
102053.8543
102053.8431
102053.8405
102053.8473
102053.7931
102050.5296
102037.1413
102047.366
102047.3652
102047.3636
102047.3612
102047.3578
102047.3533
102047.3477
102047.3407
102047.3322
102047.322
102047.3099
102047.2956
102047.2788
102047.2595
102047.2373
102047.212
102047.1835
102047.1516
102047.1164
102047.0779
102047.0361
102046.9914
102046.944
102046.8945
102046.8434
102046.7916
102046.7397
102046.6887
102046.6398
102046.5938
102046.552
102046.5155
102046.4854
102046.4627
102046.4485
102046.4437
102046.4494
102046.3853
102042.8981
102029.0295
102040.0351
102040.0344
102040.033
102040.0308
102040.0277
102040.0236
102040.0184
102040.0119
102040.0038
102039.994
102039.9823
102039.9682
102039.9517
102039.9323
102039.9098
102039.884
102039.8547
102039.8216
102039.7848
102039.7441
102039.6998
102039.652
102039.6011
102039.5477
102039.4922
102039.4356
102039.3786
102039.3225
102039.2682
102039.2169
102039.17
102039.1286
102039.094
102039.0673
102039.0496
102039.042
102039.0456
102038.97
102035.2563
102020.8958
102032.7049
102032.7043
102032.703
102032.7011
102032.6984
102032.6948
102032.6901
102032.6841
102032.6766
102032.6674
102032.6562
102032.6426
102032.6263
102032.6071
102032.5845
102032.5584
102032.5283
102032.4941
102032.4556
102032.4129
102032.3659
102032.3149
102032.2603
102032.2025
102032.1422
102032.0804
102032.0179
102031.9559
102031.8957
102031.8385
102031.7858
102031.7388
102031.6991
102031.6677
102031.6461
102031.6351
102031.6356
102031.5469
102027.6042
102012.7406
102025.3752
102025.3747
102025.3737
102025.3721
102025.3698
102025.3668
102025.3627
102025.3574
102025.3507
102025.3422
102025.3317
102025.3187
102025.303
102025.2841
102025.2616
102025.2352
102025.2045
102025.1693
102025.1292
102025.0844
102025.0347
102024.9803
102024.9217
102024.8592
102024.7938
102024.7262
102024.6575
102024.5891
102024.5223
102024.4584
102024.3992
102024.346
102024.3005
102024.2639
102024.2376
102024.2229
102024.2204
102024.1183
102019.939
102004.5635
102018.046
102018.0455
102018.0448
102018.0436
102018.0419
102018.0395
102018.0362
102018.0318
102018.0259
102018.0184
102018.0087
102017.9966
102017.9816
102017.9633
102017.9411
102017.9147
102017.8836
102017.8474
102017.8059
102017.759
102017.7065
102017.6486
102017.5857
102017.5183
102017.4471
102017.3733
102017.2978
102017.2223
102017.148
102017.0768
102017.0102
102016.95
102016.8979
102016.8554
102016.824
102016.8049
102016.7993
102016.683
102012.262
101996.3655
102010.7171
102010.7167
102010.7163
102010.7156
102010.7145
102010.7128
102010.7104
102010.707
102010.7023
102010.6958
102010.6874
102010.6763
102010.6623
102010.6448
102010.6232
102010.597
102010.5657
102010.5289
102010.486
102010.437
102010.3816
102010.3201
102010.2527
102010.1799
102010.1026
102010.0219
102009.939
102009.8555
102009.773
102009.6935
102009.6187
102009.5507
102009.4912
102009.442
102009.4047
102009.3808
102009.3715
102009.2404
102004.5734
101988.1477
102003.3882
102003.3881
102003.388
102003.3878
102003.3874
102003.3867
102003.3853
102003.3831
102003.3796
102003.3745
102003.3675
102003.3578
102003.3451
102003.3287
102003.308
102003.2824
102003.2512
102003.2138
102003.1698
102003.1188
102003.0606
102002.9953
102002.9231
102002.8446
102002.7607
102002.6724
102002.5813
102002.4889
102002.3973
102002.3085
102002.2246
102002.1477
102002.0799
102002.0231
102001.9792
102001.9498
102001.9364
102001.7895
101996.8731
101979.911
101996.0594
101996.0594
101996.0597
101996.0601
101996.0606
101996.0608
101996.0607
101996.0598
101996.0578
101996.0544
101996.049
101996.0411
101996.03
101996.0151
101995.9957
101995.971
101995.9402
101995.9026
101995.8577
101995.8049
101995.7439
101995.6747
101995.5975
101995.5129
101995.4217
101995.3252
101995.2249
101995.1228
101995.021
101994.9218
101994.8276
101994.7408
101994.6638
101994.5985
101994.5471
101994.5113
101994.4927
101994.3292
101989.1604
101971.6563
101988.7302
101988.7304
101988.7312
101988.7323
101988.7337
101988.7351
101988.7363
101988.737
101988.7368
101988.7352
101988.7318
101988.726
101988.717
101988.704
101988.6863
101988.6629
101988.633
101988.5956
101988.5501
101988.4957
101988.432
101988.3588
101988.2764
101988.1852
101988.0862
101987.9806
101987.8703
101987.7574
101987.6442
101987.5333
101987.4276
101987.3298
101987.2423
101987.1676
101987.1077
101987.0645
101987.0396
101986.858
101981.434
101963.384
101981.4006
101981.401
101981.4023
101981.4042
101981.4066
101981.4093
101981.412
101981.4145
101981.4163
101981.4169
101981.4159
101981.4125
101981.4059
101981.3954
101981.3799
101981.3583
101981.3298
101981.2931
101981.2473
101981.1916
101981.1254
101981.0483
101980.9605
101980.8623
101980.7548
101980.6393
101980.5179
101980.3928
101980.2668
101980.143
101980.0244
101979.9142
101979.8151
101979.7297
101979.6602
101979.6084
101979.5758
101979.3745
101973.6916
101955.0936
101974.0702
101974.0708
101974.0727
101974.0754
101974.079
101974.0831
101974.0875
101974.092
101974.0961
101974.0993
101974.1009
101974.1004
101974.0969
101974.0893
101974.0765
101974.0575
101974.0309
101973.9954
101973.9499
101973.8933
101973.8248
101973.7439
101973.6504
101973.5448
101973.4281
101973.3018
101973.168
101973.0294
101972.8891
101972.7506
101972.6175
101972.4934
101972.3815
101972.2843
101972.2039
101972.1418
101972.0996
101971.8768
101965.9302
101946.7838
101966.7388
101966.7397
101966.7421
101966.7458
101966.7506
101966.7563
101966.7626
101966.7693
101966.7759
101966.7819
101966.7868
101966.7896
101966.7896
101966.7855
101966.7763
101966.7604
101966.7364
101966.7029
101966.6583
101966.6014
101966.5309
101966.4463
101966.347
101966.2336
101966.107
101965.9687
101965.8212
101965.6675
101965.511
101965.356
101965.2066
101965.067
101964.9409
101964.8305
101964.7377
101964.6631
101964.6084
101964.363
101958.1463
101938.4516
101959.406
101959.4072
101959.4102
101959.4149
101959.421
101959.4284
101959.4369
101959.446
101959.4555
101959.4647
101959.4731
101959.4798
101959.4839
101959.4841
101959.479
101959.4672
101959.4467
101959.416
101959.3731
101959.3164
101959.2445
101959.1563
101959.0513
101958.9297
101958.7923
101958.6409
101958.4781
101958.3073
101958.1326
101957.9587
101957.7908
101957.634
101957.4923
101957.3674
101957.2607
101957.1702
101957.0984
101956.8296
101950.3364
101930.0928
101952.0715
101952.073
101952.0767
101952.0825
101952.0901
101952.0993
101952.11
101952.1218
101952.1343
101952.1471
101952.1595
101952.1707
101952.1795
101952.1847
101952.1848
101952.1778
101952.1619
101952.1349
101952.0946
101952.039
101951.9663
101951.875
101951.7643
101951.6341
101951.4851
101951.3193
101951.1394
101950.9493
101950.7536
101950.5581
101950.3692
101950.1933
101950.035
101949.8943
101949.7714
101949.6595
101949.5627
101949.2706
101942.4966
101921.6995
101944.7349
101944.7368
101944.7413
101944.7481
101944.7572
101944.7684
101944.7815
101944.7962
101944.8121
101944.8288
101944.8457
101944.8618
101944.8761
101944.8871
101944.8932
101944.8923
101944.8821
101944.8601
101944.8236
101944.77
101944.6973
101944.6034
101944.4872
101944.3481
101944.1867
101944.0049
101943.8059
101943.5937
101943.374
101943.1535
101942.9405
101942.7433
101942.5679
101942.4106
101942.2682
101942.124
101941.987
101941.6725
101934.629
101913.2617
101937.396
101937.3981
101937.4034
101937.4114
101937.4221
101937.4353
101937.4509
101937.4687
101937.4883
101937.5092
101937.531
101937.5526
101937.5731
101937.5909
101937.6042
101937.6105
101937.6074
101937.5917
101937.5603
101937.5102
101937.4385
101937.3427
101937.2212
101937.0731
101936.8985
101936.6992
101936.4785
101936.2413
101935.9936
101935.744
101935.503
101935.2817
101935.0873
101934.9116
101934.7448
101934.548
101934.3434
101934.0084
101926.6983
101904.7615
101930.0541
101930.0567
101930.0627
101930.072
101930.0843
101930.0996
101930.1179
101930.1388
101930.1623
101930.1878
101930.2148
101930.2426
101930.27
101930.2955
101930.3171
101930.3322
101930.3377
101930.33
101930.3054
101930.2602
101930.1908
101930.0942
101929.968
101929.8108
101929.6223
101929.4036
101929.1587
101928.8926
101928.6122
101928.3281
101928.0543
101927.8097
101927.5988
101927.3966
101927.1826
101926.8903
101926.5687
101926.2221
101918.7651
101896.1943
101922.7091
101922.7121
101922.7189
101922.7293
101922.7433
101922.7608
101922.7818
101922.8061
101922.8335
101922.8638
101922.8965
101922.931
101922.9661
101923.0003
101923.0316
101923.0569
101923.0728
101923.0751
101923.0593
101923.0209
101922.9556
101922.8594
101922.7293
101922.5631
101922.3598
101922.1202
101921.8479
101921.5482
101921.2284
101920.9019
101920.5936
101920.3364
101920.1252
101919.8926
101919.5613
101919.0402
101918.5292
101918.2023
101910.7621
101887.5618
101915.3605
101915.3638
101915.3714
101915.3831
101915.3987
101915.4184
101915.4421
101915.4697
101915.5013
101915.5366
101915.5753
101915.6168
101915.6604
101915.7044
101915.7466
101915.784
101915.8124
101915.827
101915.8224
101915.7931
101915.7338
101915.6396
101915.5068
101915.332
101915.1133
101914.851
101914.5481
101914.2086
101913.8401
101913.464
101913.1262
101912.8772
101912.6932
101912.3765
101911.3276
101910.1165
101909.908
101909.7837
101902.6134
101878.9513
101908.0078
101908.0115
101908.0199
101908.0327
101908.05
101908.0719
101908.0982
101908.1293
101908.1649
101908.2052
101908.2501
101908.2992
101908.3518
101908.4066
101908.4613
101908.5127
101908.5561
101908.5856
101908.595
101908.5775
101908.5266
101908.4367
101908.3026
101908.1199
101907.8852
101907.5985
101907.262
101906.8764
101906.4507
101906.0184
101905.6477
101905.4197
101905.1432
101903.0584
101898.4551
101897.8371
101899.608
101900.8862
101894.3139
101870.4953
101900.6508
101900.6549
101900.6639
101900.6779
101900.6968
101900.7207
101900.7497
101900.7839
101900.8237
101900.869
101900.9201
101900.9769
101901.039
101901.1055
101901.1743
101901.2418
101901.3028
101901.3505
101901.3772
101901.3746
101901.3352
101901.252
101901.1191
101900.9296
101900.6782
101900.3662
101899.9965
101899.5634
101899.0738
101898.574
101898.1609
101897.7274
101894.3976
101885.4843
101879.7466
101885.85
101889.0074
101891.5703
101885.5265
101862.5545
101893.2892
101893.2935
101893.3032
101893.3182
101893.3386
101893.3644
101893.3958
101893.4332
101893.4767
101893.5269
101893.584
101893.6485
101893.7205
101893.7995
101893.8837
101893.9697
101894.0515
101894.1211
101894.1689
101894.1852
101894.1605
101894.0874
101893.9589
101893.7643
101893.4967
101893.1616
101892.7645
101892.2788
101891.6875
101891.0683
101890.3534
101886.234
101872.4323
101861.3569
101860.768
101876.791
101880.1581
101882.7696
101876.2177
101855.6897
101885.9226
101885.9271
101885.9374
101885.9533
101885.975
101886.0026
101886.0363
101886.0765
101886.1235
101886.1781
101886.2409
101886.3127
101886.3944
101886.4863
101886.5873
101886.6942
101886.8006
101886.8964
101886.9702
101887.0099
101887.0038
101886.9451
101886.8261
101886.6291
101886.342
101885.9637
101885.4155
101884.4576
101883.1919
101881.8823
101878.0766
101863.014
101841.1666
101829.5709
101835.3712
101865.1517
101872.3151
101875.0864
101866.6335
101850.2519
101878.5509
101878.5554
101878.5661
101878.5829
101878.6058
101878.635
101878.6707
101878.7134
101878.7635
101878.8219
101878.8896
101878.9681
101879.0589
101879.1635
101879.2823
101879.4129
101879.5482
101879.6758
101879.7813
101879.849
101879.8631
101879.8155
101879.6805
101879.3659
101878.6919
101877.2639
101874.2433
101869.8598
101866.1837
101862.8804
101853.0759
101827.568
101796.5205
101777.7508
101781.745
101840.435
101860.9741
101867.377
101857.206
101846.1758
101871.1338
101871.1401
101871.1508
101871.1683
101871.1926
101871.2227
101871.2598
101871.3043
101871.3568
101871.4181
101871.4897
101871.5734
101871.6717
101871.7875
101871.9227
101872.0765
101872.2349
101872.3463
101872.3723
101872.2461
101871.7693
101870.677
101868.5719
101864.7311
101858.6389
101849.7217
101838.0352
101827.7876
101822.8837
101821.3534
101811.6888
101776.5828
101729.8145
101693.7145
101688.8887
101789.008
101841.0977
101854.5815
101849.0522
101842.5733
101833.3163
101833.246
101833.1598
101833.1362
101833.1751
101833.2524
101833.3898
101833.5988
101833.8757
101834.2184
101834.6263
101835.0985
101835.6325
101836.2172
101836.814
101837.3274
101837.557
101837.2196
101835.677
101830.3224
101820.5025
101808.5763
101795.8429
101781.5374
101765.9693
101750.4852
101737.8799
101731.149
101730.9008
101741.8912
101747.0573
101705.9407
101645.0459
101586.8853
101569.0998
101686.41
101800.3586
101839.4788
101843.8478
101837.1837
101490.1132
101490.3284
101490.7597
101491.3593
101492.0978
101492.9814
101494.005
101495.1772
101496.506
101498.0127
101499.7368
101501.7356
101504.0899
101506.9065
101510.3016
101514.2632
101518.2689
101521.4549
101524.5979
101530.7323
101538.9298
101547.3555
101555.5899
101563.8715
101571.8475
101576.6653
101577.4392
101577.0317
101591.3648
101613.8996
101632.0564
101626.5246
101560.8401
101500.8836
101474.9386
101543.8658
101699.9765
101815.4809
101835.3564
101824.7996
101427.5036
101427.4658
101427.4458
101427.4444
101427.4635
101427.4852
101427.522
101427.5731
101427.6366
101427.717
101427.8222
101427.9662
101428.1779
101428.5225
101429.1813
101430.6718
101433.6394
101437.6483
101441.6708
101445.181
101448.1278
101450.9259
101454.0557
101457.6524
101461.3699
101464.1991
101465.5081
101466.2388
101473.703
101491.8998
101515.0625
101528.34
101496.7864
101457.85
101436.9685
101448.4014
101538.3123
101710.2912
101802.0295
101794.7981
101426.6482
101426.648
101426.648
101426.6483
101426.6486
101426.6491
101426.6497
101426.6505
101426.6516
101426.6531
101426.6551
101426.6578
101426.6617
101426.6678
101426.6798
101426.7181
101426.8903
101427.402
101428.1599
101428.8144
101429.2715
101429.6423
101430.0295
101430.4614
101430.8782
101431.1165
101431.1306
101430.9178
101431.5791
101435.8632
101443.7114
101452.9092
101455.6606
101440.0965
101428.8557
101427.5919
101440.0708
101507.6887
101625.2909
101683.1609
101426.6141
101426.614
101426.6142
101426.6144
101426.6147
101426.6151
101426.6155
101426.6162
101426.617
101426.618
101426.6192
101426.6207
101426.6224
101426.6242
101426.6253
101426.6245
101426.6221
101426.6299
101426.6667
101426.7163
101426.7503
101426.7676
101426.7772
101426.7846
101426.7897
101426.7897
101426.7616
101426.6846
101426.6263
101426.6775
101427.3513
101429.0753
101431.1849
101430.6786
101427.5522
101426.631
101426.7761
101428.5169
101432.4853
101435.0595
101426.5821
101426.5821
101426.5823
101426.5825
101426.5827
101426.583
101426.5835
101426.584
101426.5846
101426.5854
101426.5864
101426.5874
101426.5884
101426.5891
101426.589
101426.5871
101426.5825
101426.5764
101426.5712
101426.5676
101426.5651
101426.5625
101426.5598
101426.5572
101426.5552
101426.5534
101426.5513
101426.5485
101426.5468
101426.5471
101426.5479
101426.5527
101426.6019
101426.8311
101426.6837
101426.5669
101426.5521
101426.5515
101426.5535
101426.5552
101426.5504
101426.5504
101426.5505
101426.5507
101426.5509
101426.5512
101426.5516
101426.552
101426.5525
101426.5531
101426.5537
101426.5544
101426.5548
101426.5549
101426.5541
101426.5519
101426.5478
101426.5424
101426.537
101426.5323
101426.5285
101426.5254
101426.5229
101426.5208
101426.5192
101426.5179
101426.5167
101426.5158
101426.5156
101426.5163
101426.5175
101426.5195
101426.522
101426.5249
101426.5282
101426.5271
101426.5257
101426.529
101426.5301
101426.5298
101426.5187
101426.5187
101426.5188
101426.5189
101426.5191
101426.5193
101426.5196
101426.52
101426.5203
101426.5208
101426.5211
101426.5215
101426.5215
101426.5212
101426.5201
101426.5179
101426.5144
101426.5099
101426.5052
101426.5008
101426.4971
101426.4941
101426.4917
101426.4897
101426.4882
101426.487
101426.4862
101426.4856
101426.4857
101426.4864
101426.4876
101426.4893
101426.4913
101426.4935
101426.4962
101426.4964
101426.4959
101426.4951
101426.4958
101426.4967
101426.4869
101426.4869
101426.487
101426.4871
101426.4872
101426.4874
101426.4876
101426.4879
101426.4881
101426.4884
101426.4886
101426.4886
101426.4884
101426.4878
101426.4866
101426.4845
101426.4816
101426.4779
101426.4739
101426.47
101426.4667
101426.4638
101426.4615
101426.4596
101426.4582
101426.4571
101426.4564
101426.4561
101426.4562
101426.4568
101426.4578
101426.4592
101426.4609
101426.4628
101426.4646
101426.4655
101426.4652
101426.4655
101426.466
101426.4662
101426.4551
101426.4551
101426.4552
101426.4552
101426.4553
101426.4555
101426.4556
101426.4558
101426.4559
101426.456
101426.456
101426.4559
101426.4555
101426.4548
101426.4535
101426.4516
101426.449
101426.446
101426.4426
101426.4393
101426.4363
101426.4337
101426.4316
101426.4298
101426.4285
101426.4275
101426.4268
101426.4265
101426.4266
101426.4271
101426.4279
101426.4291
101426.4305
101426.432
101426.4334
101426.4342
101426.4344
101426.4345
101426.4348
101426.435
101426.4232
101426.4233
101426.4233
101426.4233
101426.4234
101426.4235
101426.4236
101426.4237
101426.4237
101426.4237
101426.4236
101426.4233
101426.4228
101426.4219
101426.4207
101426.4189
101426.4167
101426.4141
101426.4113
101426.4084
101426.4058
101426.4035
101426.4015
101426.3999
101426.3986
101426.3977
101426.3971
101426.3968
101426.3968
101426.3972
101426.3979
101426.3988
101426.4
101426.4012
101426.4023
101426.403
101426.4033
101426.4035
101426.4037
101426.4039
101426.3914
101426.3914
101426.3914
101426.3914
101426.3915
101426.3915
101426.3915
101426.3915
101426.3915
101426.3914
101426.3912
101426.3908
101426.3902
101426.3893
101426.3881
101426.3865
101426.3845
101426.3823
101426.3799
101426.3774
101426.3751
101426.3731
101426.3713
101426.3698
101426.3686
101426.3678
101426.3672
101426.3669
101426.3669
101426.3671
101426.3677
101426.3685
101426.3694
101426.3703
101426.3712
101426.3718
101426.3722
101426.3724
101426.3726
101426.3727
101426.3595
101426.3595
101426.3595
101426.3595
101426.3595
101426.3595
101426.3595
101426.3595
101426.3593
101426.3592
101426.3589
101426.3584
101426.3578
101426.3569
101426.3557
101426.3543
101426.3525
101426.3506
101426.3485
101426.3464
101426.3443
101426.3425
101426.3409
101426.3395
101426.3385
101426.3376
101426.3371
101426.3368
101426.3367
101426.3369
101426.3374
101426.338
101426.3387
101426.3395
101426.3402
101426.3407
101426.3411
101426.3413
101426.3415
101426.3416
101426.3276
101426.3276
101426.3276
101426.3276
101426.3276
101426.3276
101426.3275
101426.3274
101426.3272
101426.327
101426.3266
101426.3261
101426.3255
101426.3246
101426.3235
101426.3222
101426.3206
101426.3189
101426.3171
101426.3152
101426.3134
101426.3118
101426.3104
101426.3091
101426.3081
101426.3074
101426.3069
101426.3066
101426.3065
101426.3066
101426.3069
101426.3074
101426.308
101426.3086
101426.3092
101426.3097
101426.31
101426.3102
101426.3104
101426.3104
101426.2958
101426.2958
101426.2957
101426.2957
101426.2957
101426.2956
101426.2955
101426.2954
101426.2951
101426.2949
101426.2945
101426.294
101426.2933
101426.2925
101426.2914
101426.2902
101426.2888
101426.2873
101426.2857
101426.284
101426.2825
101426.281
101426.2797
101426.2786
101426.2777
101426.277
101426.2765
101426.2762
101426.2761
101426.2762
101426.2764
101426.2768
101426.2773
101426.2777
101426.2782
101426.2786
101426.2789
101426.2791
101426.2792
101426.2793
101426.2639
101426.2639
101426.2639
101426.2638
101426.2638
101426.2637
101426.2635
101426.2634
101426.2631
101426.2628
101426.2624
101426.2619
101426.2612
101426.2604
101426.2594
101426.2583
101426.2571
101426.2557
101426.2543
101426.2528
101426.2515
101426.2502
101426.249
101426.248
101426.2472
101426.2465
101426.246
101426.2457
101426.2456
101426.2456
101426.2458
101426.2461
101426.2465
101426.2469
101426.2472
101426.2476
101426.2478
101426.248
101426.2481
101426.2482
101426.2321
101426.232
101426.232
101426.232
101426.2319
101426.2318
101426.2316
101426.2314
101426.2311
101426.2308
101426.2304
101426.2299
101426.2292
101426.2285
101426.2276
101426.2265
101426.2254
101426.2242
101426.2229
101426.2216
101426.2204
101426.2192
101426.2182
101426.2173
101426.2165
101426.2159
101426.2155
101426.2152
101426.215
101426.215
101426.2151
101426.2154
101426.2156
101426.2159
101426.2162
101426.2165
101426.2167
101426.2169
101426.217
101426.217
101426.2002
101426.2002
101426.2002
101426.2001
101426.2
101426.1999
101426.1997
101426.1995
101426.1992
101426.1989
101426.1984
101426.1979
101426.1973
101426.1966
101426.1957
101426.1948
101426.1938
101426.1927
101426.1916
101426.1904
101426.1893
101426.1883
101426.1873
101426.1865
101426.1858
101426.1852
101426.1848
101426.1845
101426.1844
101426.1843
101426.1844
101426.1846
101426.1848
101426.185
101426.1853
101426.1855
101426.1856
101426.1858
101426.1859
101426.1859
101426.1684
101426.1684
101426.1683
101426.1683
101426.1682
101426.168
101426.1678
101426.1676
101426.1673
101426.167
101426.1666
101426.1661
101426.1655
101426.1648
101426.164
101426.1631
101426.1622
101426.1612
101426.1602
101426.1592
101426.1582
101426.1573
101426.1564
101426.1557
101426.155
101426.1545
101426.1541
101426.1538
101426.1537
101426.1536
101426.1536
101426.1537
101426.1539
101426.1541
101426.1543
101426.1544
101426.1546
101426.1547
101426.1548
101426.1548
101426.1366
101426.1366
101426.1365
101426.1365
101426.1364
101426.1362
101426.136
101426.1358
101426.1355
101426.1352
101426.1347
101426.1343
101426.1337
101426.133
101426.1323
101426.1315
101426.1307
101426.1298
101426.1289
101426.128
101426.1271
101426.1262
101426.1255
101426.1248
101426.1242
101426.1237
101426.1233
101426.1231
101426.1229
101426.1228
101426.1228
101426.1229
101426.123
101426.1231
101426.1233
101426.1234
101426.1235
101426.1236
101426.1237
101426.1237
101426.1048
101426.1048
101426.1048
101426.1047
101426.1046
101426.1044
101426.1042
101426.104
101426.1037
101426.1034
101426.103
101426.1025
101426.102
101426.1014
101426.1007
101426.1
101426.0992
101426.0984
101426.0976
101426.0967
101426.0959
101426.0952
101426.0945
101426.0938
101426.0933
101426.0929
101426.0925
101426.0922
101426.0921
101426.092
101426.0919
101426.092
101426.092
101426.0921
101426.0922
101426.0924
101426.0924
101426.0925
101426.0926
101426.0926
101426.0731
101426.0731
101426.073
101426.0729
101426.0728
101426.0727
101426.0725
101426.0722
101426.072
101426.0716
101426.0712
101426.0708
101426.0703
101426.0697
101426.0691
101426.0684
101426.0677
101426.067
101426.0662
101426.0655
101426.0648
101426.0641
101426.0634
101426.0629
101426.0624
101426.062
101426.0616
101426.0614
101426.0612
101426.0611
101426.061
101426.061
101426.0611
101426.0611
101426.0612
101426.0613
101426.0614
101426.0614
101426.0615
101426.0615
101426.0414
101426.0414
101426.0413
101426.0412
101426.0411
101426.0409
101426.0408
101426.0405
101426.0402
101426.0399
101426.0396
101426.0391
101426.0387
101426.0381
101426.0375
101426.0369
101426.0363
101426.0356
101426.0349
101426.0343
101426.0336
101426.033
101426.0324
101426.0319
101426.0314
101426.031
101426.0307
101426.0305
101426.0303
101426.0302
101426.0301
101426.0301
101426.0301
101426.0301
101426.0302
101426.0303
101426.0303
101426.0304
101426.0304
101426.0304
101426.0097
101426.0097
101426.0096
101426.0095
101426.0094
101426.0093
101426.0091
101426.0088
101426.0086
101426.0083
101426.0079
101426.0075
101426.0071
101426.0066
101426.006
101426.0055
101426.0049
101426.0043
101426.0036
101426.003
101426.0024
101426.0019
101426.0013
101426.0008
101426.0004
101426.0001
101425.9998
101425.9995
101425.9993
101425.9992
101425.9991
101425.9991
101425.9991
101425.9991
101425.9992
101425.9992
101425.9992
101425.9993
101425.9993
101425.9993
101425.978
101425.978
101425.978
101425.9779
101425.9777
101425.9776
101425.9774
101425.9772
101425.9769
101425.9766
101425.9763
101425.9759
101425.9755
101425.975
101425.9745
101425.974
101425.9735
101425.9729
101425.9723
101425.9718
101425.9712
101425.9707
101425.9702
101425.9698
101425.9694
101425.9691
101425.9688
101425.9686
101425.9684
101425.9683
101425.9682
101425.9681
101425.9681
101425.9681
101425.9681
101425.9681
101425.9682
101425.9682
101425.9682
101425.9682
101425.9464
101425.9464
101425.9463
101425.9462
101425.9461
101425.946
101425.9458
101425.9456
101425.9453
101425.945
101425.9447
101425.9444
101425.944
101425.9435
101425.9431
101425.9426
101425.9421
101425.9416
101425.9411
101425.9405
101425.9401
101425.9396
101425.9391
101425.9387
101425.9384
101425.9381
101425.9378
101425.9376
101425.9374
101425.9373
101425.9372
101425.9371
101425.9371
101425.9371
101425.9371
101425.9371
101425.9371
101425.9371
101425.9371
101425.9371
101425.9148
101425.9148
101425.9147
101425.9146
101425.9145
101425.9144
101425.9142
101425.914
101425.9137
101425.9135
101425.9132
101425.9128
101425.9125
101425.9121
101425.9116
101425.9112
101425.9107
101425.9103
101425.9098
101425.9093
101425.9089
101425.9084
101425.908
101425.9076
101425.9073
101425.907
101425.9068
101425.9065
101425.9064
101425.9062
101425.9062
101425.9061
101425.906
101425.906
101425.906
101425.906
101425.906
101425.906
101425.906
101425.906
101425.8832
101425.8832
101425.8831
101425.883
101425.8829
101425.8828
101425.8826
101425.8824
101425.8822
101425.8819
101425.8817
101425.8813
101425.881
101425.8806
101425.8802
101425.8798
101425.8794
101425.8789
101425.8785
101425.8781
101425.8777
101425.8773
101425.8769
101425.8765
101425.8762
101425.876
101425.8757
101425.8755
101425.8753
101425.8752
101425.8751
101425.875
101425.875
101425.875
101425.875
101425.8749
101425.8749
101425.8749
101425.8749
101425.8749
101425.8516
101425.8516
101425.8515
101425.8515
101425.8514
101425.8512
101425.8511
101425.8509
101425.8507
101425.8504
101425.8502
101425.8499
101425.8495
101425.8492
101425.8488
101425.8484
101425.848
101425.8476
101425.8472
101425.8469
101425.8465
101425.8461
101425.8458
101425.8454
101425.8451
101425.8449
101425.8447
101425.8445
101425.8443
101425.8442
101425.8441
101425.844
101425.8439
101425.8439
101425.8439
101425.8439
101425.8439
101425.8439
101425.8439
101425.8439
101425.8201
101425.8201
101425.82
101425.8199
101425.8198
101425.8197
101425.8196
101425.8194
101425.8192
101425.8189
101425.8187
101425.8184
101425.8181
101425.8178
101425.8174
101425.8171
101425.8167
101425.8164
101425.816
101425.8156
101425.8153
101425.8149
101425.8146
101425.8143
101425.814
101425.8138
101425.8136
101425.8134
101425.8132
101425.8131
101425.813
101425.8129
101425.8129
101425.8128
101425.8128
101425.8128
101425.8128
101425.8128
101425.8128
101425.8128
101425.7886
101425.7885
101425.7885
101425.7884
101425.7883
101425.7882
101425.7881
101425.7879
101425.7877
101425.7875
101425.7872
101425.787
101425.7867
101425.7864
101425.7861
101425.7857
101425.7854
101425.7851
101425.7847
101425.7844
101425.7841
101425.7837
101425.7835
101425.7832
101425.7829
101425.7827
101425.7825
101425.7823
101425.7822
101425.782
101425.7819
101425.7819
101425.7818
101425.7818
101425.7817
101425.7817
101425.7817
101425.7817
101425.7817
101425.7817
101425.7571
101425.757
101425.757
101425.7569
101425.7568
101425.7567
101425.7566
101425.7564
101425.7562
101425.756
101425.7558
101425.7556
101425.7553
101425.755
101425.7547
101425.7544
101425.7541
101425.7538
101425.7535
101425.7532
101425.7529
101425.7526
101425.7523
101425.752
101425.7518
101425.7516
101425.7514
101425.7512
101425.7511
101425.751
101425.7509
101425.7508
101425.7507
101425.7507
101425.7506
101425.7506
101425.7506
101425.7506
101425.7506
101425.7506
101425.7256
101425.7256
101425.7255
101425.7254
101425.7254
101425.7253
101425.7251
101425.725
101425.7248
101425.7246
101425.7244
101425.7242
101425.7239
101425.7237
101425.7234
101425.7231
101425.7228
101425.7225
101425.7222
101425.7219
101425.7217
101425.7214
101425.7211
101425.7209
101425.7207
101425.7205
101425.7203
101425.7201
101425.72
101425.7199
101425.7198
101425.7197
101425.7196
101425.7196
101425.7195
101425.7195
101425.7195
101425.7195
101425.7195
101425.7195
101425.6941
101425.6941
101425.6941
101425.694
101425.6939
101425.6938
101425.6937
101425.6935
101425.6934
101425.6932
101425.693
101425.6928
101425.6926
101425.6923
101425.6921
101425.6918
101425.6915
101425.6913
101425.691
101425.6907
101425.6905
101425.6902
101425.69
101425.6897
101425.6895
101425.6893
101425.6892
101425.689
101425.6889
101425.6888
101425.6887
101425.6886
101425.6885
101425.6885
101425.6884
101425.6884
101425.6884
101425.6884
101425.6884
101425.6884
101425.6627
101425.6627
101425.6626
101425.6626
101425.6625
101425.6624
101425.6623
101425.6621
101425.662
101425.6618
101425.6616
101425.6614
101425.6612
101425.661
101425.6607
101425.6605
101425.6602
101425.66
101425.6597
101425.6595
101425.6593
101425.659
101425.6588
101425.6586
101425.6584
101425.6582
101425.6581
101425.6579
101425.6578
101425.6577
101425.6576
101425.6575
101425.6574
101425.6574
101425.6573
101425.6573
101425.6573
101425.6573
101425.6573
101425.6572
101425.6312
101425.6312
101425.6312
101425.6311
101425.6311
101425.631
101425.6309
101425.6307
101425.6306
101425.6304
101425.6303
101425.6301
101425.6299
101425.6297
101425.6294
101425.6292
101425.629
101425.6287
101425.6285
101425.6283
101425.628
101425.6278
101425.6276
101425.6274
101425.6272
101425.6271
101425.6269
101425.6268
101425.6267
101425.6266
101425.6265
101425.6264
101425.6263
101425.6263
101425.6262
101425.6262
101425.6262
101425.6262
101425.6261
101425.6261
101425.5998
101425.5998
101425.5998
101425.5997
101425.5997
101425.5996
101425.5995
101425.5994
101425.5992
101425.5991
101425.5989
101425.5987
101425.5985
101425.5983
101425.5981
101425.5979
101425.5977
101425.5975
101425.5973
101425.5971
101425.5968
101425.5966
101425.5964
101425.5963
101425.5961
101425.5959
101425.5958
101425.5957
101425.5955
101425.5954
101425.5954
101425.5953
101425.5952
101425.5952
101425.5951
101425.5951
101425.5951
101425.595
101425.595
101425.595
101425.5684
101425.5684
101425.5684
101425.5683
101425.5683
101425.5682
101425.5681
101425.568
101425.5679
101425.5677
101425.5676
101425.5674
101425.5672
101425.567
101425.5668
101425.5666
101425.5664
101425.5662
101425.566
101425.5658
101425.5656
101425.5655
101425.5653
101425.5651
101425.5649
101425.5648
101425.5647
101425.5645
101425.5644
101425.5643
101425.5642
101425.5642
101425.5641
101425.564
101425.564
101425.564
101425.5639
101425.5639
101425.5639
101425.5639
101425.5371
101425.5371
101425.537
101425.537
101425.5369
101425.5368
101425.5367
101425.5366
101425.5365
101425.5364
101425.5362
101425.5361
101425.5359
101425.5357
101425.5356
101425.5354
101425.5352
101425.535
101425.5348
101425.5346
101425.5344
101425.5343
101425.5341
101425.5339
101425.5338
101425.5336
101425.5335
101425.5334
101425.5333
101425.5332
101425.5331
101425.533
101425.533
101425.5329
101425.5329
101425.5328
101425.5328
101425.5328
101425.5328
101425.5328
101425.5057
101425.5057
101425.5057
101425.5056
101425.5056
101425.5055
101425.5054
101425.5053
101425.5052
101425.5051
101425.5049
101425.5048
101425.5046
101425.5045
101425.5043
101425.5041
101425.5039
101425.5038
101425.5036
101425.5034
101425.5032
101425.5031
101425.5029
101425.5028
101425.5026
101425.5025
101425.5024
101425.5022
101425.5021
101425.5021
101425.502
101425.5019
101425.5018
101425.5018
101425.5018
101425.5017
101425.5017
101425.5017
101425.5017
101425.5017
101425.4743
101425.4743
101425.4743
101425.4743
101425.4742
101425.4741
101425.4741
101425.474
101425.4739
101425.4737
101425.4736
101425.4735
101425.4733
101425.4732
101425.473
101425.4729
101425.4727
101425.4725
101425.4724
101425.4722
101425.472
101425.4719
101425.4717
101425.4716
101425.4715
101425.4713
101425.4712
101425.4711
101425.471
101425.4709
101425.4708
101425.4708
101425.4707
101425.4707
101425.4706
101425.4706
101425.4706
101425.4706
101425.4705
101425.4705
101425.443
101425.443
101425.443
101425.4429
101425.4429
101425.4428
101425.4427
101425.4427
101425.4426
101425.4424
101425.4423
101425.4422
101425.4421
101425.4419
101425.4418
101425.4416
101425.4415
101425.4413
101425.4411
101425.441
101425.4408
101425.4407
101425.4406
101425.4404
101425.4403
101425.4402
101425.4401
101425.44
101425.4399
101425.4398
101425.4397
101425.4396
101425.4396
101425.4395
101425.4395
101425.4395
101425.4394
101425.4394
101425.4394
101425.4394
101425.4117
101425.4117
101425.4116
101425.4116
101425.4116
101425.4115
101425.4114
101425.4113
101425.4113
101425.4111
101425.411
101425.4109
101425.4108
101425.4106
101425.4105
101425.4104
101425.4102
101425.4101
101425.4099
101425.4098
101425.4096
101425.4095
101425.4094
101425.4092
101425.4091
101425.409
101425.4089
101425.4088
101425.4087
101425.4086
101425.4086
101425.4085
101425.4084
101425.4084
101425.4084
101425.4083
101425.4083
101425.4083
101425.4083
101425.4083
101425.3804
101425.3804
101425.3803
101425.3803
101425.3803
101425.3802
101425.3801
101425.38
101425.38
101425.3799
101425.3798
101425.3796
101425.3795
101425.3794
101425.3793
101425.3791
101425.379
101425.3789
101425.3787
101425.3786
101425.3784
101425.3783
101425.3782
101425.3781
101425.378
101425.3778
101425.3777
101425.3777
101425.3776
101425.3775
101425.3774
101425.3774
101425.3773
101425.3773
101425.3772
101425.3772
101425.3772
101425.3772
101425.3771
101425.3771
101425.3491
101425.3491
101425.349
101425.349
101425.349
101425.3489
101425.3488
101425.3488
101425.3487
101425.3486
101425.3485
101425.3484
101425.3483
101425.3481
101425.348
101425.3479
101425.3478
101425.3476
101425.3475
101425.3474
101425.3472
101425.3471
101425.347
101425.3469
101425.3468
101425.3467
101425.3466
101425.3465
101425.3464
101425.3463
101425.3463
101425.3462
101425.3462
101425.3461
101425.3461
101425.3461
101425.346
101425.346
101425.346
101425.346
101425.3178
101425.3178
101425.3177
101425.3177
101425.3177
101425.3176
101425.3176
101425.3175
101425.3174
101425.3173
101425.3172
101425.3171
101425.317
101425.3169
101425.3168
101425.3167
101425.3165
101425.3164
101425.3163
101425.3162
101425.3161
101425.3159
101425.3158
101425.3157
101425.3156
101425.3155
101425.3154
101425.3153
101425.3153
101425.3152
101425.3151
101425.3151
101425.315
101425.315
101425.3149
101425.3149
101425.3149
101425.3149
101425.3149
101425.3149
101425.2865
101425.2865
101425.2865
101425.2864
101425.2864
101425.2863
101425.2863
101425.2862
101425.2861
101425.2861
101425.286
101425.2859
101425.2858
101425.2857
101425.2855
101425.2854
101425.2853
101425.2852
101425.2851
101425.285
101425.2849
101425.2847
101425.2846
101425.2845
101425.2844
101425.2843
101425.2843
101425.2842
101425.2841
101425.284
101425.284
101425.2839
101425.2839
101425.2838
101425.2838
101425.2838
101425.2837
101425.2837
101425.2837
101425.2837
101425.2552
101425.2552
101425.2552
101425.2552
101425.2551
101425.2551
101425.255
101425.2549
101425.2549
101425.2548
101425.2547
101425.2546
101425.2545
101425.2544
101425.2543
101425.2542
101425.2541
101425.254
101425.2539
101425.2538
101425.2537
101425.2536
101425.2535
101425.2534
101425.2533
101425.2532
101425.2531
101425.253
101425.2529
101425.2529
101425.2528
101425.2528
101425.2527
101425.2527
101425.2527
101425.2526
101425.2526
101425.2526
101425.2526
101425.2526
101425.2239
101425.2239
101425.2239
101425.2239
101425.2239
101425.2238
101425.2238
101425.2237
101425.2236
101425.2236
101425.2235
101425.2234
101425.2233
101425.2232
101425.2231
101425.223
101425.2229
101425.2228
101425.2227
101425.2226
101425.2225
101425.2224
101425.2223
101425.2222
101425.2221
101425.222
101425.2219
101425.2219
101425.2218
101425.2217
101425.2217
101425.2216
101425.2216
101425.2215
101425.2215
101425.2215
101425.2215
101425.2214
101425.2214
101425.2214
101425.1927
101425.1927
101425.1927
101425.1926
101425.1926
101425.1926
101425.1925
101425.1924
101425.1924
101425.1923
101425.1922
101425.1922
101425.1921
101425.192
101425.1919
101425.1918
101425.1917
101425.1916
101425.1915
101425.1914
101425.1913
101425.1912
101425.1911
101425.191
101425.1909
101425.1908
101425.1908
101425.1907
101425.1906
101425.1906
101425.1905
101425.1905
101425.1904
101425.1904
101425.1904
101425.1903
101425.1903
101425.1903
101425.1903
101425.1903
101425.1614
101425.1614
101425.1614
101425.1614
101425.1613
101425.1613
101425.1613
101425.1612
101425.1611
101425.1611
101425.161
101425.1609
101425.1608
101425.1608
101425.1607
101425.1606
101425.1605
101425.1604
101425.1603
101425.1602
101425.1601
101425.16
101425.1599
101425.1598
101425.1597
101425.1597
101425.1596
101425.1595
101425.1595
101425.1594
101425.1594
101425.1593
101425.1593
101425.1592
101425.1592
101425.1592
101425.1592
101425.1591
101425.1591
101425.1591
101425.1302
101425.1302
101425.1302
101425.1301
101425.1301
101425.1301
101425.13
101425.13
101425.1299
101425.1298
101425.1298
101425.1297
101425.1296
101425.1295
101425.1295
101425.1294
101425.1293
101425.1292
101425.1291
101425.129
101425.1289
101425.1288
101425.1287
101425.1287
101425.1286
101425.1285
101425.1284
101425.1284
101425.1283
101425.1282
101425.1282
101425.1281
101425.1281
101425.1281
101425.128
101425.128
101425.128
101425.128
101425.128
101425.128
101425.0989
101425.0989
101425.0989
101425.0989
101425.0989
101425.0988
101425.0988
101425.0987
101425.0987
101425.0986
101425.0986
101425.0985
101425.0984
101425.0983
101425.0982
101425.0982
101425.0981
101425.098
101425.0979
101425.0978
101425.0977
101425.0976
101425.0976
101425.0975
101425.0974
101425.0973
101425.0973
101425.0972
101425.0971
101425.0971
101425.097
101425.097
101425.0969
101425.0969
101425.0969
101425.0969
101425.0968
101425.0968
101425.0968
101425.0968
101425.0677
101425.0677
101425.0677
101425.0677
101425.0676
101425.0676
101425.0676
101425.0675
101425.0675
101425.0674
101425.0673
101425.0673
101425.0672
101425.0671
101425.067
101425.067
101425.0669
101425.0668
101425.0667
101425.0666
101425.0665
101425.0665
101425.0664
101425.0663
101425.0662
101425.0662
101425.0661
101425.066
101425.066
101425.0659
101425.0659
101425.0658
101425.0658
101425.0658
101425.0657
101425.0657
101425.0657
101425.0657
101425.0657
101425.0657
101425.0365
101425.0365
101425.0365
101425.0365
101425.0364
101425.0364
101425.0363
101425.0363
101425.0362
101425.0362
101425.0361
101425.0361
101425.036
101425.0359
101425.0358
101425.0358
101425.0357
101425.0356
101425.0355
101425.0354
101425.0354
101425.0353
101425.0352
101425.0351
101425.035
101425.035
101425.0349
101425.0349
101425.0348
101425.0347
101425.0347
101425.0347
101425.0346
101425.0346
101425.0346
101425.0345
101425.0345
101425.0345
101425.0345
101425.0345
101425.0053
101425.0053
101425.0053
101425.0052
101425.0052
101425.0052
101425.0051
101425.0051
101425.005
101425.005
101425.0049
101425.0049
101425.0048
101425.0047
101425.0046
101425.0046
101425.0045
101425.0044
101425.0043
101425.0042
101425.0042
101425.0041
101425.004
101425.0039
101425.0039
101425.0038
101425.0037
101425.0037
101425.0036
101425.0036
101425.0035
101425.0035
101425.0035
101425.0034
101425.0034
101425.0034
101425.0034
101425.0033
101425.0033
101425.0033
101424.9741
101424.9741
101424.974
101424.974
101424.974
101424.974
101424.9739
101424.9739
101424.9738
101424.9738
101424.9737
101424.9737
101424.9736
101424.9735
101424.9734
101424.9734
101424.9733
101424.9732
101424.9731
101424.9731
101424.973
101424.9729
101424.9728
101424.9728
101424.9727
101424.9726
101424.9726
101424.9725
101424.9725
101424.9724
101424.9724
101424.9723
101424.9723
101424.9723
101424.9722
101424.9722
101424.9722
101424.9722
101424.9722
101424.9722
101424.9429
101424.9429
101424.9428
101424.9428
101424.9428
101424.9428
101424.9427
101424.9427
101424.9426
101424.9426
101424.9425
101424.9425
101424.9424
101424.9423
101424.9423
101424.9422
101424.9421
101424.942
101424.942
101424.9419
101424.9418
101424.9417
101424.9417
101424.9416
101424.9415
101424.9415
101424.9414
101424.9413
101424.9413
101424.9412
101424.9412
101424.9412
101424.9411
101424.9411
101424.9411
101424.941
101424.941
101424.941
101424.941
101424.941
101424.9117
101424.9117
101424.9116
101424.9116
101424.9116
101424.9116
101424.9115
101424.9115
101424.9114
101424.9114
101424.9113
101424.9113
101424.9112
101424.9111
101424.9111
101424.911
101424.9109
101424.9108
101424.9108
101424.9107
101424.9106
101424.9106
101424.9105
101424.9104
101424.9103
101424.9103
101424.9102
101424.9102
101424.9101
101424.9101
101424.91
101424.91
101424.91
101424.9099
101424.9099
101424.9099
101424.9099
101424.9098
101424.9098
101424.9098
101424.8805
101424.8805
101424.8805
101424.8804
101424.8804
101424.8804
101424.8803
101424.8803
101424.8802
101424.8802
101424.8801
101424.8801
101424.88
101424.8799
101424.8799
101424.8798
101424.8797
101424.8797
101424.8796
101424.8795
101424.8794
101424.8794
101424.8793
101424.8792
101424.8792
101424.8791
101424.8791
101424.879
101424.8789
101424.8789
101424.8789
101424.8788
101424.8788
101424.8787
101424.8787
101424.8787
101424.8787
101424.8787
101424.8787
101424.8787
101424.8493
101424.8493
101424.8493
101424.8492
101424.8492
101424.8492
101424.8492
101424.8491
101424.8491
101424.849
101424.849
101424.8489
101424.8488
101424.8488
101424.8487
101424.8486
101424.8486
101424.8485
101424.8484
101424.8483
101424.8483
101424.8482
101424.8481
101424.8481
101424.848
101424.8479
101424.8479
101424.8478
101424.8478
101424.8477
101424.8477
101424.8476
101424.8476
101424.8476
101424.8475
101424.8475
101424.8475
101424.8475
101424.8475
101424.8475
101424.8181
101424.8181
101424.8181
101424.8181
101424.818
101424.818
101424.818
101424.8179
101424.8179
101424.8178
101424.8178
101424.8177
101424.8177
101424.8176
101424.8175
101424.8174
101424.8174
101424.8173
101424.8172
101424.8172
101424.8171
101424.817
101424.817
101424.8169
101424.8168
101424.8168
101424.8167
101424.8166
101424.8166
101424.8165
101424.8165
101424.8165
101424.8164
101424.8164
101424.8164
101424.8164
101424.8163
101424.8163
101424.8163
101424.8163
)
;

boundaryField
{
    front
    {
        type            wedge;
    }
    back
    {
        type            wedge;
    }
    tankWall
    {
        type            fixedFluxPressure;
        gradient        uniform 0;
        value           nonuniform List<scalar> 
120
(
102289.3444
102281.8814
102274.2756
102266.611
102258.8945
102251.1354
102243.3414
102235.5195
102227.6746
102219.8115
102211.933
102204.0432
102196.145
102188.2414
102180.3349
102172.4275
102164.5206
102156.615
102148.7105
102140.8061
102132.9005
102124.9922
102117.079
102109.1587
102101.2283
102093.285
102085.3263
102077.35
102069.3539
102061.336
102053.2951
102045.2302
102037.1413
102029.0295
102020.8958
102012.7406
102004.5635
101996.3655
101988.1477
101979.911
101971.6563
101963.384
101955.0936
101946.7838
101938.4516
101930.0928
101921.6995
101913.2617
101904.7615
101896.1943
101887.5618
101878.9513
101870.4953
101862.5545
101855.6897
101850.2519
101846.1758
101842.5733
101837.1837
101824.7996
101794.7981
101683.1609
101435.0595
101426.5552
101426.5298
101426.4967
101426.4662
101426.435
101426.4039
101426.3727
101426.3416
101426.3104
101426.2793
101426.2482
101426.217
101426.1859
101426.1548
101426.1237
101426.0926
101426.0615
101426.0304
101425.9993
101425.9682
101425.9371
101425.906
101425.8749
101425.8439
101425.8128
101425.7817
101425.7506
101425.7195
101425.6884
101425.6572
101425.6261
101425.595
101425.5639
101425.5328
101425.5017
101425.4705
101425.4394
101425.4083
101425.3771
101425.346
101425.3149
101425.2837
101425.2526
101425.2214
101425.1903
101425.1591
101425.128
101425.0968
101425.0657
101425.0345
101425.0033
101424.9722
101424.941
101424.9098
101424.8787
101424.8475
101424.8163
)
;
    }
    bottom
    {
        type            fixedFluxPressure;
        gradient        uniform 0;
        value           nonuniform List<scalar> 
40
(
102289.7452
102289.7446
102289.7433
102289.7413
102289.7386
102289.7353
102289.7312
102289.7266
102289.7213
102289.7154
102289.709
102289.702
102289.6945
102289.6865
102289.678
102289.6692
102289.6599
102289.6504
102289.6406
102289.6305
102289.6203
102289.6099
102289.5994
102289.5889
102289.5785
102289.568
102289.5576
102289.5474
102289.5373
102289.5274
102289.5176
102289.5081
102289.4989
102289.4899
102289.4813
102289.473
102289.4658
102289.455
102289.4677
102289.3444
)
;
    }
    top
    {
        type            fixedFluxPressure;
        gradient        uniform 0;
        value           nonuniform List<scalar> 
40
(
101424.8181
101424.8181
101424.8181
101424.8181
101424.818
101424.818
101424.818
101424.8179
101424.8179
101424.8178
101424.8178
101424.8177
101424.8177
101424.8176
101424.8175
101424.8174
101424.8174
101424.8173
101424.8172
101424.8172
101424.8171
101424.817
101424.817
101424.8169
101424.8168
101424.8168
101424.8167
101424.8166
101424.8166
101424.8165
101424.8165
101424.8165
101424.8164
101424.8164
101424.8164
101424.8164
101424.8163
101424.8163
101424.8163
101424.8163
)
;
    }
    axis
    {
        type            empty;
    }
}


// ************************************************************************* //
