/*--------------------------------*- C++ -*----------------------------------*\
| =========                 |                                                 |
| \\      /  F ield         | OpenFOAM: The Open Source CFD Toolbox           |
|  \\    /   O peration     | Version:  v1912                                 |
|   \\  /    A nd           | Website:  www.openfoam.com                      |
|    \\/     M anipulation  |                                                 |
\*---------------------------------------------------------------------------*/
FoamFile
{
    version     2.0;
    format      ascii;
    class       volScalarField;
    location    "0.9";
    object      p;
}
// * * * * * * * * * * * * * * * * * * * * * * * * * * * * * * * * * * * * * //

dimensions      [1 -1 -2 0 0 0 0];


internalField   nonuniform List<scalar> 
4800
(
103461.7552
103461.7532
103461.7485
103461.7412
103461.7314
103461.7192
103461.7047
103461.6881
103461.6694
103461.6489
103461.6267
103461.6031
103461.5782
103461.5522
103461.5253
103461.4978
103461.4699
103461.4417
103461.4135
103461.3856
103461.358
103461.331
103461.3048
103461.2795
103461.2553
103461.2322
103461.2105
103461.1901
103461.1712
103461.1538
103461.1379
103461.1236
103461.1108
103461.0995
103461.0896
103461.0806
103461.0735
103461.0625
103461.071
103460.9885
103447.0426
103447.0407
103447.036
103447.0287
103447.0188
103447.0066
103446.992
103446.9753
103446.9566
103446.936
103446.9138
103446.89
103446.865
103446.8389
103446.8119
103446.7843
103446.7563
103446.7281
103446.6998
103446.6718
103446.6441
103446.617
103446.5907
103446.5654
103446.541
103446.5179
103446.4961
103446.4757
103446.4567
103446.4393
103446.4234
103446.4091
103446.3963
103446.385
103446.3752
103446.3664
103446.3592
103446.3502
103446.3543
103446.3019
103432.3315
103432.3297
103432.325
103432.3176
103432.3077
103432.2953
103432.2807
103432.2638
103432.245
103432.2243
103432.2018
103432.1779
103432.1527
103432.1265
103432.0993
103432.0715
103432.0433
103432.0148
103431.9864
103431.9581
103431.9303
103431.9031
103431.8766
103431.851
103431.8266
103431.8033
103431.7814
103431.7609
103431.7418
103431.7243
103431.7084
103431.6941
103431.6813
103431.6701
103431.6603
103431.6518
103431.6449
103431.6382
103431.6395
103431.5559
103417.6219
103417.6202
103417.6154
103417.608
103417.598
103417.5855
103417.5707
103417.5537
103417.5346
103417.5136
103417.491
103417.4668
103417.4413
103417.4148
103417.3873
103417.3592
103417.3307
103417.3019
103417.2732
103417.2447
103417.2165
103417.189
103417.1623
103417.1365
103417.1118
103417.0884
103417.0662
103417.0456
103417.0264
103417.0088
103416.9928
103416.9784
103416.9656
103416.9545
103416.9449
103416.9367
103416.9301
103416.9249
103416.9252
103416.8205
103402.9138
103402.9122
103402.9074
103402.8999
103402.8897
103402.877
103402.862
103402.8448
103402.8254
103402.8042
103402.7812
103402.7567
103402.7308
103402.7039
103402.676
103402.6475
103402.6186
103402.5894
103402.5603
103402.5313
103402.5028
103402.475
103402.4479
103402.4218
103402.3968
103402.373
103402.3507
103402.3298
103402.3104
103402.2926
103402.2765
103402.2621
103402.2493
103402.2382
103402.2288
103402.2209
103402.2146
103402.2105
103402.2101
103402.089
103388.2073
103388.2057
103388.2009
103388.1932
103388.1829
103388.17
103388.1547
103388.1372
103388.1175
103388.0958
103388.0724
103388.0475
103388.0212
103387.9937
103387.9654
103387.9364
103387.9069
103387.8772
103387.8476
103387.8182
103387.7892
103387.7608
103387.7333
103387.7068
103387.6814
103387.6573
103387.6346
103387.6134
103387.5939
103387.5759
103387.5597
103387.5452
103387.5324
103387.5213
103387.512
103387.5044
103387.4983
103387.4949
103387.4939
103387.3589
103373.5023
103373.5009
103373.496
103373.4881
103373.4776
103373.4645
103373.4488
103373.4309
103373.4108
103373.3887
103373.3648
103373.3393
103373.3124
103373.2844
103373.2554
103373.2258
103373.1957
103373.1654
103373.1351
103373.1051
103373.0755
103373.0466
103373.0186
103372.9915
103372.9657
103372.9412
103372.9181
103372.8966
103372.8768
103372.8586
103372.8422
103372.8275
103372.8147
103372.8037
103372.7944
103372.787
103372.781
103372.778
103372.7759
103372.6298
103358.7989
103358.7976
103358.7926
103358.7846
103358.7738
103358.7604
103358.7443
103358.726
103358.7053
103358.6827
103358.6582
103358.632
103358.6045
103358.5758
103358.5461
103358.5158
103358.485
103358.4539
103358.4229
103358.3922
103358.3619
103358.3324
103358.3037
103358.2761
103358.2497
103358.2247
103358.2011
103358.1792
103358.159
103358.1406
103358.124
103358.1092
103358.0963
103358.0853
103358.0761
103358.0689
103358.063
103358.0604
103358.0575
103357.9
103344.0972
103344.0959
103344.0908
103344.0826
103344.0716
103344.0577
103344.0413
103344.0224
103344.0012
103343.9779
103343.9527
103343.9258
103343.8975
103343.868
103343.8375
103343.8063
103343.7747
103343.7428
103343.711
103343.6794
103343.6483
103343.618
103343.5886
103343.5603
103343.5333
103343.5077
103343.4837
103343.4613
103343.4407
103343.422
103343.4051
103343.3902
103343.3772
103343.3661
103343.357
103343.3499
103343.3442
103343.342
103343.3391
103343.1697
103329.3971
103329.3959
103329.3907
103329.3823
103329.3709
103329.3566
103329.3397
103329.3202
103329.2983
103329.2743
103329.2483
103329.2206
103329.1915
103329.161
103329.1296
103329.0974
103329.0648
103329.032
103328.9992
103328.9667
103328.9348
103328.9035
103328.8733
103328.8442
103328.8165
103328.7903
103328.7657
103328.7428
103328.7218
103328.7027
103328.6855
103328.6704
103328.6572
103328.6462
103328.6371
103328.6301
103328.6246
103328.6226
103328.6201
103328.44
103314.6987
103314.6976
103314.6923
103314.6836
103314.6718
103314.6571
103314.6396
103314.6194
103314.5968
103314.572
103314.5451
103314.5165
103314.4863
103314.4549
103314.4224
103314.3891
103314.3554
103314.3215
103314.2877
103314.2541
103314.2211
103314.189
103314.1578
103314.1279
103314.0993
103314.0723
103314.0471
103314.0236
103314.0021
103313.9826
103313.9651
103313.9498
103313.9365
103313.9253
103313.9163
103313.9094
103313.9041
103313.9023
103313.9003
103313.7102
103300.002
103300.001
103299.9956
103299.9866
103299.9744
103299.9592
103299.941
103299.9201
103299.8967
103299.8709
103299.8431
103299.8134
103299.7821
103299.7495
103299.7159
103299.6814
103299.6465
103299.6114
103299.5763
103299.5416
103299.5075
103299.4742
103299.442
103299.4111
103299.3817
103299.3539
103299.3279
103299.3038
103299.2818
103299.2618
103299.244
103299.2283
103299.2149
103299.2037
103299.1946
103299.1878
103299.1826
103299.1811
103299.1795
103298.9803
103285.3071
103285.3062
103285.3006
103285.2914
103285.2787
103285.2629
103285.244
103285.2223
103285.1979
103285.1712
103285.1423
103285.1114
103285.0789
103285.045
103285.01
103284.9743
103284.938
103284.9016
103284.8652
103284.8292
103284.7938
103284.7593
103284.726
103284.694
103284.6636
103284.6349
103284.6081
103284.5833
103284.5607
103284.5402
103284.522
103284.506
103284.4924
103284.481
103284.472
103284.4652
103284.4602
103284.4588
103284.4575
103284.2502
103270.6141
103270.6133
103270.6075
103270.5979
103270.5847
103270.5682
103270.5486
103270.526
103270.5006
103270.4728
103270.4426
103270.4105
103270.3766
103270.3414
103270.305
103270.2677
103270.23
103270.192
103270.1542
103270.1168
103270.08
103270.0442
103270.0096
103269.9765
103269.945
103269.9153
103269.8876
103269.8621
103269.8387
103269.8177
103269.7991
103269.7828
103269.7689
103269.7575
103269.7484
103269.7417
103269.7369
103269.7358
103269.7341
103269.5199
103255.9229
103255.9223
103255.9163
103255.9063
103255.8926
103255.8754
103255.8549
103255.8313
103255.8048
103255.7757
103255.7443
103255.7107
103255.6754
103255.6386
103255.6006
103255.5617
103255.5224
103255.4828
103255.4434
103255.4044
103255.3661
103255.3289
103255.2929
103255.2585
103255.2258
103255.1951
103255.1664
103255.14
103255.116
103255.0943
103255.0752
103255.0586
103255.0445
103255.0329
103255.0238
103255.0172
103255.0126
103255.0117
103255.0093
103254.7891
103241.2337
103241.2332
103241.2271
103241.2166
103241.2023
103241.1843
103241.1628
103241.1382
103241.1105
103241.0801
103241.0472
103241.0121
103240.9751
103240.9366
103240.8969
103240.8563
103240.8152
103240.7739
103240.7327
103240.692
103240.6521
103240.6133
103240.5758
103240.54
103240.506
103240.4741
103240.4444
103240.4171
103240.3923
103240.37
103240.3504
103240.3334
103240.319
103240.3073
103240.2981
103240.2915
103240.2871
103240.2863
103240.283
103240.0575
103226.5466
103226.5462
103226.5398
103226.5289
103226.5139
103226.4951
103226.4726
103226.4467
103226.4177
103226.3859
103226.3514
103226.3146
103226.2759
103226.2356
103226.194
103226.1515
103226.1084
103226.0652
103226.0221
103225.9795
103225.9378
103225.8973
103225.8582
103225.8209
103225.7855
103225.7524
103225.7216
103225.6933
103225.6676
103225.6447
103225.6245
103225.6071
103225.5924
103225.5805
103225.5713
103225.5648
103225.5606
103225.5598
103225.5554
103225.3249
103211.8615
103211.8613
103211.8546
103211.8432
103211.8275
103211.8077
103211.7842
103211.757
103211.7266
103211.6931
103211.6569
103211.6184
103211.5777
103211.5354
103211.4918
103211.4472
103211.402
103211.3567
103211.3116
103211.267
103211.2233
103211.1809
103211.1401
103211.1012
103211.0643
103211.0298
103210.9978
103210.9684
103210.9419
103210.9182
103210.8974
103210.8796
103210.8647
103210.8526
103210.8434
103210.8369
103210.8329
103210.8321
103210.8263
103210.5915
103197.1786
103197.1786
103197.1716
103197.1597
103197.1432
103197.1224
103197.0976
103197.0691
103197.0371
103197.0019
103196.9639
103196.9233
103196.8806
103196.8361
103196.7903
103196.7434
103196.696
103196.6484
103196.601
103196.5543
103196.5085
103196.4641
103196.4214
103196.3807
103196.3422
103196.3062
103196.2729
103196.2425
103196.215
103196.1906
103196.1692
103196.1509
103196.1357
103196.1234
103196.1141
103196.1078
103196.1039
103196.1033
103196.0958
103195.8572
103182.4979
103182.4981
103182.4909
103182.4783
103182.4609
103182.4391
103182.413
103182.383
103182.3493
103182.3122
103182.2722
103182.2295
103182.1845
103182.1377
103182.0895
103182.0402
103181.9903
103181.9403
103181.8905
103181.8414
103181.7934
103181.7468
103181.702
103181.6594
103181.6192
103181.5817
103181.547
103181.5154
103181.4869
103181.4616
103181.4396
103181.4209
103181.4053
103181.393
103181.3836
103181.3773
103181.3738
103181.3734
103181.3637
103181.122
103167.8195
103167.8199
103167.8124
103167.7992
103167.7809
103167.7579
103167.7304
103167.6987
103167.6632
103167.6242
103167.5819
103167.5369
103167.4895
103167.4402
103167.3894
103167.3374
103167.2849
103167.2322
103167.1798
103167.1282
103167.0777
103167.0288
103166.9819
103166.9372
103166.8952
103166.856
103166.8198
103166.787
103166.7574
103166.7313
103166.7086
103166.6894
103166.6736
103166.6611
103166.6517
103166.6455
103166.6421
103166.6418
103166.6305
103166.3857
103153.1435
103153.1442
103153.1363
103153.1224
103153.1032
103153.0789
103153.0498
103153.0164
103152.9789
103152.9377
103152.8931
103152.8456
103152.7956
103152.7436
103152.6899
103152.6352
103152.5798
103152.5242
103152.469
103152.4147
103152.3616
103152.3101
103152.2608
103152.214
103152.17
103152.129
103152.0913
103152.0571
103152.0265
103151.9995
103151.9761
103151.9565
103151.9403
103151.9277
103151.9183
103151.9121
103151.9089
103151.9083
103151.8962
103151.6483
103138.47
103138.471
103138.4628
103138.4481
103138.4278
103138.4021
103138.3714
103138.3361
103138.2965
103138.2529
103138.2058
103138.1556
103138.1028
103138.0478
103137.9911
103137.9333
103137.8748
103137.8162
103137.758
103137.7007
103137.6447
103137.5906
103137.5388
103137.4896
103137.4435
103137.4006
103137.3613
103137.3257
103137.2939
103137.266
103137.242
103137.2219
103137.2054
103137.1927
103137.1833
103137.1773
103137.1743
103137.1737
103137.1598
103136.9094
103123.7991
103123.8004
103123.7918
103123.7763
103123.7548
103123.7276
103123.6952
103123.6578
103123.6159
103123.5698
103123.5199
103123.4668
103123.411
103123.3528
103123.2929
103123.2318
103123.17
103123.1081
103123.0466
103122.9861
103122.9271
103122.8701
103122.8156
103122.7639
103122.7155
103122.6707
103122.6296
103122.5925
103122.5595
103122.5307
103122.5061
103122.4855
103122.4688
103122.456
103122.4468
103122.441
103122.4382
103122.4378
103122.4216
103122.1691
103109.1309
103109.1326
103109.1235
103109.1071
103109.0844
103109.0556
103109.0212
103108.9816
103108.9372
103108.8884
103108.8356
103108.7794
103108.7202
103108.6586
103108.5952
103108.5306
103108.4652
103108.3997
103108.3348
103108.2709
103108.2086
103108.1485
103108.0911
103108.0367
103107.9859
103107.9389
103107.896
103107.8574
103107.8232
103107.7935
103107.7682
103107.7472
103107.7303
103107.7175
103107.7084
103107.703
103107.7007
103107.7005
103107.6816
103107.4275
103094.4654
103094.4675
103094.458
103094.4407
103094.4165
103094.386
103094.3496
103094.3076
103094.2605
103094.2087
103094.1528
103094.0932
103094.0305
103093.9652
103093.8981
103093.8296
103093.7604
103093.6911
103093.6224
103093.5548
103093.489
103093.4256
103093.365
103093.3079
103093.2545
103093.2052
103093.1604
103093.1202
103093.0848
103093.0541
103093.0281
103093.0067
103092.9898
103092.9771
103092.9682
103092.9632
103092.9617
103092.9621
103092.9394
103092.685
103079.8029
103079.8053
103079.7953
103079.777
103079.7514
103079.719
103079.6803
103079.6357
103079.5857
103079.5308
103079.4714
103079.4082
103079.3417
103079.2725
103079.2013
103079.1287
103079.0554
103078.982
103078.9092
103078.8377
103078.7682
103078.7012
103078.6373
103078.5771
103078.5209
103078.4693
103078.4225
103078.3806
103078.3439
103078.3123
103078.2857
103078.264
103078.2471
103078.2345
103078.226
103078.2213
103078.2202
103078.2212
103078.197
103077.9416
103065.1433
103065.1463
103065.1357
103065.1163
103065.0891
103065.0547
103065.0135
103064.9661
103064.913
103064.8546
103064.7916
103064.7244
103064.6539
103064.5805
103064.5049
103064.4279
103064.3501
103064.2723
103064.1952
103064.1195
103064.0458
103063.975
103063.9076
103063.8441
103063.7851
103063.7309
103063.682
103063.6384
103063.6003
103063.5678
103063.5407
103063.5188
103063.5019
103063.4896
103063.4815
103063.4774
103063.4765
103063.478
103063.4536
103063.1969
103050.4868
103050.4903
103050.4792
103050.4586
103050.4296
103050.393
103050.3492
103050.2988
103050.2423
103050.1802
103050.1132
103050.0419
103049.9669
103049.8889
103049.8087
103049.7269
103049.6444
103049.5618
103049.48
103049.3998
103049.3218
103049.2468
103049.1756
103049.1086
103049.0465
103048.9897
103048.9385
103048.8932
103048.8538
103048.8204
103048.7928
103048.7708
103048.7541
103048.7423
103048.7348
103048.7314
103048.7311
103048.7336
103048.7072
103048.4499
103035.8336
103035.8377
103035.8259
103035.804
103035.7732
103035.7342
103035.6875
103035.6338
103035.5736
103035.5076
103035.4363
103035.3604
103035.2807
103035.1978
103035.1126
103035.0257
103034.938
103034.8504
103034.7636
103034.6784
103034.5958
103034.5164
103034.441
103034.3704
103034.305
103034.2454
103034.1919
103034.1447
103034.104
103034.0697
103034.0417
103034.0197
103034.0034
103033.9922
103033.9855
103033.983
103033.9835
103033.9871
103033.9582
103033.7006
103021.1838
103021.1885
103021.1761
103021.1527
103021.1198
103021.0782
103021.0284
103020.9712
103020.907
103020.8366
103020.7607
103020.68
103020.5951
103020.507
103020.4164
103020.324
103020.2308
103020.1377
103020.0455
103019.9551
103019.8674
103019.7833
103019.7036
103019.6289
103019.5601
103019.4975
103019.4415
103019.3924
103019.3504
103019.3153
103019.287
103019.2653
103019.2495
103019.2391
103019.2334
103019.2321
103019.2337
103019.2386
103019.2066
103018.949
103006.5375
103006.5429
103006.5297
103006.5048
103006.4696
103006.4252
103006.372
103006.3109
103006.2425
103006.1674
103006.0865
103006.0005
103005.9102
103005.8163
103005.7199
103005.6217
103005.5226
103005.4235
103005.3255
103005.2295
103005.1364
103005.0472
103004.9627
103004.8839
103004.8113
103004.7455
103004.687
103004.636
103004.5926
103004.5568
103004.5283
103004.507
103004.4921
103004.4827
103004.4783
103004.4785
103004.4816
103004.4878
103004.4525
103004.1953
102991.895
102991.9011
102991.8871
102991.8604
102991.8228
102991.7752
102991.7184
102991.6531
102991.5799
102991.4998
102991.4135
102991.3218
102991.2255
102991.1256
102991.0229
102990.9184
102990.8129
102990.7075
102990.6033
102990.5011
102990.4022
102990.3075
102990.2181
102990.1347
102990.0582
102989.9891
102989.9278
102989.8748
102989.83
102989.7936
102989.7652
102989.7444
102989.7305
102989.7225
102989.7198
102989.7221
102989.7272
102989.7353
102989.6957
102989.44
102977.2564
102977.2633
102977.2483
102977.2197
102977.1794
102977.1284
102977.0676
102976.9976
102976.9194
102976.8338
102976.7416
102976.6437
102976.5411
102976.4346
102976.3252
102976.2139
102976.1016
102975.9894
102975.8784
102975.7697
102975.6645
102975.5639
102975.4691
102975.3809
102975.3001
102975.2275
102975.1634
102975.1083
102975.0621
102975.0251
102974.9969
102974.9771
102974.9645
102974.9582
102974.9577
102974.9623
102974.97
102974.9806
102974.9366
102974.6833
102962.622
102962.6298
102962.6137
102962.5829
102962.5397
102962.4849
102962.4196
102962.3446
102962.2608
102962.1692
102962.0707
102961.9662
102961.8567
102961.7431
102961.6264
102961.5078
102961.3881
102961.2686
102961.1503
102961.0346
102960.9227
102960.8157
102960.7151
102960.6217
102960.5365
102960.4601
102960.3931
102960.3357
102960.2882
102960.2506
102960.2228
102960.2042
102960.1932
102960.1893
102960.1914
102960.1986
102960.2088
102960.2215
102960.1772
102959.9249
102947.9921
102948.0007
102947.9834
102947.9502
102947.9036
102947.8448
102947.7745
102947.694
102947.6041
102947.506
102947.4006
102947.2888
102947.1719
102947.0507
102946.9262
102946.7997
102946.6721
102946.5447
102946.4187
102946.2953
102946.1761
102946.0623
102945.9554
102945.8565
102945.7666
102945.6863
102945.6161
102945.5563
102945.5074
102945.4693
102945.4421
102945.4249
102945.416
102945.4151
102945.4205
102945.431
102945.4438
102945.4591
102945.4159
102945.164
102933.367
102933.3765
102933.3577
102933.3219
102933.2716
102933.2081
102933.1325
102933.0458
102932.9493
102932.844
102932.731
102932.6115
102932.4864
102932.357
102932.2242
102932.0892
102931.9531
102931.8172
102931.6827
102931.5511
102931.4239
102931.3029
102931.1893
102931.0846
102930.9896
102930.9052
102930.8316
102930.7693
102930.7187
102930.6802
102930.6538
102930.6383
102930.6322
102930.6349
102930.6444
102930.6591
102930.6756
102930.6941
102930.6505
102930.3999
102918.7471
102918.7575
102918.737
102918.6982
102918.6438
102918.5751
102918.4934
102918.4
102918.2961
102918.183
102918.0618
102917.9338
102917.8
102917.6616
102917.5198
102917.3757
102917.2304
102917.0853
102916.9417
102916.8011
102916.6655
102916.5365
102916.4158
102916.3049
102916.2047
102916.1159
102916.0387
102915.9736
102915.9212
102915.8822
102915.8567
102915.8431
102915.8405
102915.8478
102915.8624
102915.8824
102915.9034
102915.9256
102915.8813
102915.6326
102904.133
102904.1442
102904.1218
102904.0795
102904.0204
102903.946
102903.8576
102903.7566
102903.6445
102903.5228
102903.3926
102903.2553
102903.112
102902.964
102902.8124
102902.6585
102902.5033
102902.3482
102902.1947
102902.0445
102901.8996
102901.7621
102901.6339
102901.5166
102901.411
102901.3176
102901.2365
102901.1682
102901.1136
102901.0737
102901.0492
102901.0379
102901.0396
102901.0526
102901.0738
102901.1002
102901.127
102901.1534
102901.1085
102900.862
102889.5255
102889.5373
102889.5124
102889.4661
102889.4018
102889.3209
102889.2249
102889.1155
102888.9943
102888.863
102888.723
102888.5755
102888.4219
102888.2634
102888.1013
102887.9368
102887.771
102887.6052
102887.4409
102887.28
102887.125
102886.9784
102886.8423
102886.7185
102886.6075
102886.5094
102886.4241
102886.3519
102886.2943
102886.2531
102886.2293
102886.2208
102886.2279
102886.2481
102886.2774
102886.3121
102886.346
102886.3774
102886.3322
102886.0882
102874.9252
102874.9375
102874.9096
102874.8587
102874.7884
102874.7001
102874.5955
102874.4766
102874.3453
102874.2035
102874.0525
102873.8939
102873.7291
102873.5594
102873.3861
102873.2103
102873.0331
102872.8556
102872.6795
102872.5069
102872.3408
102872.1844
102872.0401
102871.9097
102871.7935
102871.6906
102871.6005
102871.5236
102871.4618
102871.4182
102871.3947
102871.3895
102871.403
102871.4322
102871.472
102871.5172
102871.56
102871.5975
102871.5519
102871.3115
102860.3334
102860.3458
102860.3141
102860.2579
102860.1807
102860.0839
102859.9696
102859.84
102859.6975
102859.5439
102859.3811
102859.2105
102859.0334
102858.8514
102858.6658
102858.4776
102858.2878
102858.0974
102857.9079
102857.7222
102857.5439
102857.377
102857.2246
102857.0885
102856.9678
102856.8605
102856.7651
102856.6819
102856.6141
102856.5665
102856.5422
102856.5405
102856.5621
102856.6028
102856.6559
102856.7146
102856.7687
102856.8137
102856.7689
102856.5326
102845.7511
102845.7631
102845.7268
102845.6644
102845.5793
102845.473
102845.3477
102845.2062
102845.0511
102844.8845
102844.7084
102844.5244
102844.3342
102844.139
102843.9403
102843.7387
102843.5347
102843.3293
102843.1244
102842.9236
102842.7315
102842.5535
102842.3935
102842.2528
102842.129
102842.0178
102841.9162
102841.8247
102841.7482
102841.6939
102841.6673
102841.6695
102841.7009
102841.7565
102841.8273
102841.9036
102841.9725
102842.027
102841.9835
102841.7524
102831.1802
102831.191
102831.1492
102831.0797
102830.9857
102830.8684
102830.7305
102830.5755
102830.4065
102830.2257
102830.035
102829.8359
102829.6306
102829.4207
102829.2074
102828.9911
102828.7716
102828.5493
102828.3264
102828.1077
102827.8999
102827.7105
102827.5443
102827.4019
102827.2774
102827.1631
102827.0537
102826.9507
102826.8609
102826.795
102826.7634
102826.7696
102826.8136
102826.8891
102826.9835
102827.0831
102827.1711
102827.2376
102827.1971
102826.972
102816.6233
102816.6321
102816.5834
102816.5055
102816.4013
102816.2715
102816.1194
102815.949
102815.7637
102815.5664
102815.3591
102815.1438
102814.923
102814.6989
102814.4722
102814.2423
102814.0075
102813.7671
102813.5235
102813.2834
102813.0572
102812.8554
102812.685
102812.5446
102812.4227
102812.3059
102812.1851
102812.0631
102811.9508
102811.8649
102811.8222
102811.8314
102811.8916
102811.9942
102812.1214
102812.2526
102812.3655
102812.4469
102812.4107
102812.1929
102802.0855
102802.0891
102802.0321
102801.9449
102801.8289
102801.6839
102801.5148
102801.3265
102801.1233
102800.9086
102800.6849
102800.4554
102800.2228
102799.989
102799.7534
102799.513
102799.2638
102799.0035
102798.7351
102798.4688
102798.2193
102798.0026
102797.8288
102797.693
102797.5761
102797.4562
102797.3193
102797.1696
102797.0225
102796.9026
102796.8372
102796.8444
102796.924
102797.0634
102797.2369
102797.4116
102797.557
102797.6567
102797.6251
102797.417
102787.5724
102787.5669
102787.5008
102787.402
102787.2706
102787.1074
102786.9195
102786.7135
102786.4945
102786.2656
102786.0296
102785.7895
102785.5489
102785.3092
102785.0682
102784.8205
102784.5585
102784.2769
102783.98
102783.6813
102783.402
102783.166
102782.989
102782.8613
102782.7522
102782.628
102782.4695
102782.2808
102782.0831
102781.9112
102781.8062
102781.8005
102781.9007
102782.0882
102782.3264
102782.561
102782.7473
102782.8683
102782.8457
102782.6481
102773.0944
102773.0745
102772.9954
102772.881
102772.732
102772.5513
102772.3472
102772.1269
102771.895
102771.6545
102771.4078
102771.1591
102770.9132
102770.6719
102770.4308
102770.1806
102769.9094
102769.6084
102769.2826
102768.949
102768.6353
102768.3762
102768.1954
102768.0762
102767.9744
102767.8427
102767.656
102767.4165
102767.1524
102766.9094
102766.7392
102766.6984
102766.8137
102767.0627
102767.3901
102767.7053
102767.9431
102768.0885
102768.0726
102767.8918
102758.6669
102758.6199
102758.5237
102758.3942
102758.23
102758.0335
102757.8147
102757.5808
102757.3364
102757.0847
102756.8277
102756.5705
102756.3202
102756.081
102755.8463
102755.5999
102755.3251
102755.01
102754.6615
102754.2991
102753.9548
102753.6738
102753.4863
102753.3691
102753.2662
102753.1188
102752.8953
102752.5975
102752.2612
102751.9392
102751.6855
102751.575
102751.6802
102751.9984
102752.4406
102752.8557
102753.1525
102753.3226
102753.3096
102753.1593
102744.3078
102744.2189
102744.1058
102743.9613
102743.7795
102743.5648
102743.3293
102743.0801
102742.8215
102742.5589
102742.2957
102742.0349
102741.784
102741.5446
102741.3125
102741.0721
102740.8005
102740.4839
102740.1292
102739.7559
102739.3958
102739.0997
102738.8971
102738.7612
102738.6336
102738.4514
102738.1803
102737.8248
102737.4275
102737.0409
102736.7146
102736.5128
102736.5633
102736.9448
102737.5164
102738.0361
102738.3875
102738.5774
102738.5631
102738.4768
102730.0109
102729.8861
102729.7521
102729.5875
102729.3844
102729.1479
102728.8942
102728.6321
102728.3611
102728.0828
102727.8057
102727.5397
102727.2905
102727.058
102726.833
102726.5986
102726.333
102726.0234
102725.6741
102725.3032
102724.9423
102724.6423
102724.4203
102724.2512
102724.0825
102723.8552
102723.5354
102723.124
102722.6658
102722.217
102721.8281
102721.5638
102721.5567
102721.9924
102722.685
102723.2897
102723.6692
102723.8648
102723.8354
102723.9014
102715.7964
102715.6172
102715.458
102715.2702
102715.0446
102714.7866
102714.5072
102714.2217
102713.9355
102713.6484
102713.3653
102713.0958
102712.8463
102712.6157
102712.3942
102712.1638
102711.9051
102711.6064
102711.2685
102710.9092
102710.5595
102710.2628
102710.0228
102709.8205
102709.6105
102709.3408
102708.9793
102708.52
102708.0004
102707.4845
102707.0334
102706.7366
102706.7236
102707.234
102708.0229
102708.6599
102709.024
102709.2008
102709.1233
102709.5336
102701.6331
102701.4021
102701.2159
102701.0008
102700.7464
102700.4601
102700.1615
102699.8591
102699.5575
102699.2581
102698.9664
102698.6915
102698.4394
102698.2082
102697.9873
102697.759
102697.5065
102697.2185
102696.8955
102696.5551
102696.2258
102695.9333
102695.6805
102695.452
102695.2091
102694.9081
102694.5124
102694.0112
102693.4308
102692.8327
102692.3028
102691.984
102692.0622
102692.7109
102693.5719
102694.1618
102694.4563
102694.5956
102694.4805
102695.5448
102687.4886
102687.2243
102687.0083
102686.761
102686.4766
102686.1673
102685.8509
102685.5333
102685.217
102684.905
102684.6041
102684.3235
102684.0682
102683.8354
102683.6128
102683.3848
102683.1366
102682.8581
102682.5515
102682.2338
102681.926
102681.6379
102681.3765
102681.1286
102680.8632
102680.5439
102680.1308
102679.6006
102678.9518
102678.2227
102677.5684
102677.186
102677.3477
102678.192
102679.2497
102679.8004
102679.9489
102680.043
102680.0958
102682.1423
102673.3507
102673.0832
102672.8337
102672.5456
102672.2286
102671.9018
102671.5734
102671.2443
102670.9162
102670.5942
102670.2864
102670.0013
102669.743
102669.5077
102669.2826
102669.0538
102668.8087
102668.5381
102668.2459
102667.9485
102667.6567
102667.3713
102667.1034
102666.8427
102666.5695
102666.2514
102665.8445
102665.3042
102664.5818
102663.6794
102662.7631
102662.1693
102662.3041
102663.3125
102664.6767
102665.4102
102665.4816
102665.5817
102666.2946
102669.5555
102659.2805
102659.0341
102658.7417
102658.4008
102658.0483
102657.7028
102657.3622
102657.023
102656.6856
102656.3554
102656.041
102655.7507
102655.489
102655.2514
102655.0246
102654.7957
102654.5543
102654.2919
102654.0115
102653.7274
102653.4443
102653.162
102652.8926
102652.6327
102652.3727
102652.086
102651.7216
102651.2003
102650.4194
102649.317
102648.0152
102646.9594
102646.7498
102647.8742
102649.6517
102650.9182
102651.1716
102651.4369
102653.5249
102658.0121
102645.4824
102645.2455
102644.8983
102644.493
102644.0859
102643.6996
102643.3287
102642.9667
102642.6117
102642.2668
102641.9403
102641.6405
102641.3715
102641.1297
102640.9039
102640.6796
102640.4456
102640.1922
102639.9218
102639.6458
102639.3721
102639.1077
102638.8598
102638.634
102638.4319
102638.2343
102637.9846
102637.5754
102636.8389
102635.6072
102633.9207
102632.2515
102631.3923
102632.1729
102634.4409
102636.7018
102637.6268
102638.3834
102642.217
102647.6161
102632.3497
102632.0815
102631.6645
102631.1793
102630.6989
102630.2474
102629.8188
102629.4062
102629.0056
102628.6184
102628.2531
102627.9211
102627.63
102627.3796
102627.1584
102626.9483
102626.7322
102626.4926
102626.2273
102625.9532
102625.6928
102625.4663
102625.275
102625.1416
102625.0744
102625.0702
102625.0809
102624.9867
102624.5694
102623.5589
102621.9075
102619.9592
102618.5022
102618.2572
102620.1692
102623.2054
102625.6924
102627.6035
102632.5536
102638.2137
102620.3192
102620.0191
102619.5736
102619.0864
102618.6144
102618.1655
102617.7289
102617.2946
102616.862
102616.4342
102616.0235
102615.647
102615.3193
102615.0468
102614.8227
102614.6292
102614.4416
102614.2325
102613.9852
102613.7094
102613.437
102613.2102
102613.0511
102612.996
102613.0703
102613.3005
102613.65
102614.0222
102614.2207
102613.9045
102612.9758
102611.5296
102610.0479
102609.1563
102609.5062
102611.7638
102615.284
102618.7811
102624.0982
102629.2878
102610.0604
102609.8042
102609.4641
102609.1801
102608.9575
102608.7538
102608.5333
102608.2777
102607.9887
102607.6753
102607.356
102607.0499
102606.774
102606.5399
102606.3506
102606.1981
102606.0609
102605.9053
102605.6996
102605.4343
102605.1429
102604.8762
102604.6685
102604.5571
102604.577
102604.7808
102605.1646
102605.6919
102606.2529
102606.6131
102606.6006
102606.1014
102605.2831
102604.545
102603.9728
102604.5908
102606.8484
102610.7563
102615.9486
102620.1218
102603.075
102602.987
102602.8853
102602.8607
102602.9021
102602.9732
102603.036
102603.0643
102603.0459
102602.983
102602.8906
102602.7786
102602.6597
102602.5488
102602.4553
102602.3801
102602.3122
102602.2217
102602.073
102601.8573
102601.6117
102601.3803
102601.1794
102601.0295
102600.954
102600.9858
102601.1213
102601.3565
102601.6756
102602.0443
102602.3422
102602.4458
102602.3276
102602.0362
102601.6879
102601.4444
102602.0042
102604.1288
102607.7084
102610.4492
102600.4487
102600.45
102600.4641
102600.4996
102600.5551
102600.6302
102600.7138
102600.7953
102600.8669
102600.9257
102600.9725
102601.0031
102601.0175
102601.0202
102601.0179
102601.0175
102601.0166
102600.9923
102600.9116
102600.7651
102600.5945
102600.4561
102600.35
102600.2727
102600.2264
102600.2048
102600.2068
102600.2277
102600.2709
102600.3469
102600.4507
102600.5596
102600.6298
102600.6233
102600.5788
102600.4446
102600.3956
102600.7545
102601.8034
102602.7481
102600.1702
102600.1529
102600.1447
102600.1433
102600.1449
102600.149
102600.1573
102600.1711
102600.1918
102600.2196
102600.2515
102600.2853
102600.3187
102600.35
102600.3797
102600.4114
102600.4448
102600.4643
102600.4427
102600.371
102600.2754
102600.2058
102600.1607
102600.1299
102600.1105
102600.1
102600.0962
102600.0955
102600.0953
102600.0949
102600.0934
102600.0938
102600.1
102600.114
102600.1337
102600.1305
102600.1037
102600.0926
102600.089
102600.0905
102600.0872
102600.0755
102600.0686
102600.0645
102600.0608
102600.0572
102600.0542
102600.0523
102600.0518
102600.0532
102600.0568
102600.0632
102600.0729
102600.0858
102600.1018
102600.1206
102600.1413
102600.1561
102600.1514
102600.126
102600.0957
102600.0809
102600.0684
102600.0544
102600.0425
102600.0358
102600.0338
102600.0334
102600.033
102600.0322
102600.0307
102600.0295
102600.029
102600.0287
102600.0286
102600.029
102600.0286
102600.0283
102600.0283
102600.029
102600.0085
102600.0034
102599.9998
102599.9969
102599.9938
102599.9903
102599.9867
102599.9832
102599.98
102599.9774
102599.9755
102599.9744
102599.9741
102599.9746
102599.9757
102599.9761
102599.9739
102599.968
102599.9598
102599.9553
102599.9664
102599.9868
102599.9909
102599.9843
102599.9767
102599.9724
102599.9711
102599.9707
102599.9703
102599.9695
102599.9685
102599.9676
102599.9672
102599.9669
102599.9669
102599.967
102599.9668
102599.9665
102599.9664
102599.9668
102599.9376
102599.935
102599.9328
102599.9306
102599.9279
102599.9248
102599.9213
102599.9176
102599.9138
102599.91
102599.9062
102599.9024
102599.8984
102599.8937
102599.8873
102599.8774
102599.8622
102599.8447
102599.8349
102599.8447
102599.8769
102599.9077
102599.917
102599.9158
102599.9119
102599.9092
102599.9083
102599.908
102599.9076
102599.9069
102599.9062
102599.9055
102599.9051
102599.9048
102599.9047
102599.9047
102599.9046
102599.9044
102599.9044
102599.9045
102599.8708
102599.869
102599.8675
102599.8655
102599.863
102599.86
102599.8567
102599.853
102599.849
102599.8448
102599.8403
102599.8353
102599.8295
102599.8224
102599.8127
102599.7991
102599.7816
102599.7653
102599.7613
102599.7783
102599.8116
102599.8369
102599.8472
102599.8491
102599.8476
102599.8461
102599.8455
102599.8452
102599.8448
102599.8443
102599.8438
102599.8433
102599.8429
102599.8426
102599.8425
102599.8425
102599.8424
102599.8423
102599.8422
102599.8423
102599.8058
102599.8044
102599.8031
102599.8012
102599.7988
102599.796
102599.7928
102599.7891
102599.7852
102599.7809
102599.7763
102599.7711
102599.765
102599.7574
102599.7477
102599.7355
102599.7221
102599.7121
102599.7132
102599.7296
102599.7539
102599.7722
102599.7809
102599.7838
102599.7836
102599.783
102599.7827
102599.7824
102599.7821
102599.7817
102599.7813
102599.7809
102599.7806
102599.7804
102599.7803
102599.7802
102599.7802
102599.7801
102599.78
102599.78
102599.7417
102599.7404
102599.7392
102599.7374
102599.7351
102599.7324
102599.7292
102599.7257
102599.7218
102599.7176
102599.7131
102599.708
102599.7022
102599.6954
102599.6872
102599.678
102599.6694
102599.6646
102599.668
102599.6807
102599.6975
102599.7097
102599.7164
102599.7193
102599.7199
102599.7199
102599.7198
102599.7196
102599.7194
102599.7192
102599.7188
102599.7186
102599.7183
102599.7181
102599.718
102599.718
102599.7179
102599.7178
102599.7178
102599.7178
102599.6778
102599.6767
102599.6755
102599.6737
102599.6714
102599.6687
102599.6656
102599.6621
102599.6584
102599.6544
102599.6501
102599.6454
102599.6402
102599.6343
102599.6279
102599.6214
102599.6161
102599.6144
102599.6186
102599.6283
102599.6393
102599.6475
102599.6527
102599.6554
102599.6564
102599.6568
102599.6569
102599.6569
102599.6567
102599.6566
102599.6564
102599.6562
102599.656
102599.6558
102599.6557
102599.6557
102599.6556
102599.6556
102599.6556
102599.6555
102599.6139
102599.613
102599.6117
102599.6099
102599.6075
102599.6048
102599.6017
102599.5983
102599.5947
102599.5908
102599.5868
102599.5826
102599.5781
102599.5734
102599.5685
102599.5642
102599.5613
102599.5613
102599.5652
102599.5721
102599.5795
102599.5853
102599.5894
102599.5918
102599.5931
102599.5937
102599.594
102599.5941
102599.5941
102599.594
102599.5939
102599.5938
102599.5936
102599.5935
102599.5934
102599.5934
102599.5933
102599.5933
102599.5933
102599.5933
102599.5499
102599.5491
102599.5478
102599.5459
102599.5435
102599.5407
102599.5376
102599.5342
102599.5308
102599.5272
102599.5235
102599.5198
102599.5161
102599.5123
102599.5088
102599.506
102599.5046
102599.5053
102599.5086
102599.5136
102599.5187
102599.5231
102599.5264
102599.5286
102599.5299
102599.5307
102599.5311
102599.5313
102599.5314
102599.5314
102599.5314
102599.5313
102599.5313
102599.5312
102599.5311
102599.5311
102599.5311
102599.531
102599.531
102599.531
102599.4857
102599.4851
102599.4837
102599.4817
102599.4792
102599.4764
102599.4733
102599.47
102599.4667
102599.4635
102599.4602
102599.4571
102599.454
102599.4512
102599.4487
102599.447
102599.4464
102599.4474
102599.45
102599.4537
102599.4575
102599.4609
102599.4637
102599.4657
102599.467
102599.4678
102599.4683
102599.4687
102599.4688
102599.4689
102599.4689
102599.4689
102599.4689
102599.4688
102599.4688
102599.4688
102599.4688
102599.4687
102599.4687
102599.4687
102599.4214
102599.4209
102599.4193
102599.4172
102599.4147
102599.4118
102599.4088
102599.4058
102599.4027
102599.3998
102599.397
102599.3944
102599.392
102599.39
102599.3883
102599.3873
102599.3872
102599.3882
102599.3903
102599.393
102599.396
102599.3988
102599.4011
102599.4029
102599.4042
102599.4051
102599.4056
102599.406
102599.4063
102599.4064
102599.4065
102599.4065
102599.4065
102599.4065
102599.4065
102599.4065
102599.4065
102599.4064
102599.4064
102599.4064
102599.3569
102599.3565
102599.3548
102599.3526
102599.35
102599.3473
102599.3444
102599.3416
102599.3389
102599.3363
102599.334
102599.332
102599.3302
102599.3288
102599.3277
102599.3271
102599.3273
102599.3282
102599.3299
102599.3321
102599.3345
102599.3368
102599.3387
102599.3403
102599.3415
102599.3424
102599.343
102599.3434
102599.3437
102599.3439
102599.344
102599.3441
102599.3441
102599.3441
102599.3441
102599.3442
102599.3442
102599.3442
102599.3441
102599.3441
102599.2923
102599.2919
102599.2901
102599.288
102599.2855
102599.2828
102599.2802
102599.2777
102599.2753
102599.2732
102599.2713
102599.2698
102599.2686
102599.2676
102599.2669
102599.2666
102599.2669
102599.2677
102599.2691
102599.2709
102599.2728
102599.2748
102599.2765
102599.2779
102599.279
102599.2798
102599.2804
102599.2809
102599.2812
102599.2814
102599.2816
102599.2817
102599.2817
102599.2818
102599.2818
102599.2818
102599.2818
102599.2818
102599.2819
102599.2819
102599.2274
102599.2271
102599.2254
102599.2234
102599.2211
102599.2187
102599.2163
102599.2141
102599.2121
102599.2105
102599.2091
102599.208
102599.2071
102599.2064
102599.2059
102599.2058
102599.2061
102599.2069
102599.2081
102599.2096
102599.2112
102599.2128
102599.2143
102599.2155
102599.2165
102599.2173
102599.2179
102599.2184
102599.2188
102599.219
102599.2192
102599.2193
102599.2194
102599.2194
102599.2195
102599.2195
102599.2195
102599.2195
102599.2196
102599.2196
102599.1626
102599.1624
102599.1609
102599.1591
102599.157
102599.1549
102599.1528
102599.151
102599.1495
102599.1482
102599.1471
102599.1463
102599.1456
102599.1451
102599.1449
102599.1449
102599.1452
102599.1459
102599.1469
102599.1481
102599.1495
102599.1508
102599.1521
102599.1532
102599.1542
102599.1549
102599.1555
102599.156
102599.1563
102599.1566
102599.1568
102599.1569
102599.157
102599.1571
102599.1572
102599.1572
102599.1572
102599.1572
102599.1573
102599.1573
102599.098
102599.0978
102599.0967
102599.0952
102599.0934
102599.0915
102599.0899
102599.0884
102599.0872
102599.0862
102599.0854
102599.0847
102599.0842
102599.0839
102599.0837
102599.0837
102599.0841
102599.0847
102599.0855
102599.0866
102599.0877
102599.0889
102599.09
102599.091
102599.0918
102599.0925
102599.0931
102599.0936
102599.0939
102599.0942
102599.0944
102599.0946
102599.0947
102599.0948
102599.0948
102599.0949
102599.0949
102599.0949
102599.095
102599.095
102599.0339
102599.0336
102599.033
102599.0317
102599.0302
102599.0286
102599.0273
102599.0261
102599.0252
102599.0244
102599.0237
102599.0232
102599.0228
102599.0225
102599.0224
102599.0225
102599.0228
102599.0233
102599.0241
102599.025
102599.026
102599.027
102599.0279
102599.0288
102599.0296
102599.0302
102599.0308
102599.0312
102599.0316
102599.0318
102599.032
102599.0322
102599.0323
102599.0324
102599.0325
102599.0326
102599.0326
102599.0326
102599.0327
102599.0327
102598.9702
102598.9699
102598.9696
102598.9685
102598.9674
102598.9661
102598.9651
102598.9641
102598.9633
102598.9626
102598.9621
102598.9616
102598.9613
102598.9611
102598.961
102598.9611
102598.9614
102598.9619
102598.9625
102598.9633
102598.9642
102598.965
102598.9659
102598.9666
102598.9673
102598.9679
102598.9684
102598.9689
102598.9692
102598.9695
102598.9697
102598.9699
102598.97
102598.9701
102598.9702
102598.9703
102598.9703
102598.9703
102598.9704
102598.9704
102598.9069
102598.9067
102598.9066
102598.9058
102598.9049
102598.9039
102598.903
102598.9022
102598.9015
102598.9009
102598.9004
102598.9
102598.8997
102598.8996
102598.8995
102598.8996
102598.8999
102598.9003
102598.9009
102598.9016
102598.9023
102598.9031
102598.9038
102598.9045
102598.9051
102598.9057
102598.9062
102598.9066
102598.9069
102598.9072
102598.9074
102598.9076
102598.9077
102598.9078
102598.9079
102598.908
102598.908
102598.908
102598.9081
102598.9081
102598.844
102598.8438
102598.844
102598.8433
102598.8426
102598.8418
102598.8411
102598.8404
102598.8397
102598.8392
102598.8387
102598.8384
102598.8381
102598.838
102598.838
102598.8381
102598.8383
102598.8387
102598.8392
102598.8398
102598.8404
102598.8411
102598.8418
102598.8424
102598.8429
102598.8435
102598.8439
102598.8443
102598.8446
102598.8449
102598.8451
102598.8453
102598.8454
102598.8455
102598.8456
102598.8457
102598.8457
102598.8458
102598.8458
102598.8458
102598.7812
102598.7812
102598.7813
102598.781
102598.7805
102598.7798
102598.7791
102598.7785
102598.7779
102598.7774
102598.777
102598.7767
102598.7765
102598.7764
102598.7764
102598.7765
102598.7767
102598.777
102598.7775
102598.778
102598.7786
102598.7791
102598.7797
102598.7803
102598.7808
102598.7812
102598.7817
102598.782
102598.7823
102598.7826
102598.7828
102598.783
102598.7831
102598.7832
102598.7833
102598.7834
102598.7834
102598.7835
102598.7835
102598.7835
102598.7188
102598.7187
102598.719
102598.7188
102598.7184
102598.7178
102598.7171
102598.7166
102598.716
102598.7156
102598.7152
102598.715
102598.7148
102598.7147
102598.7147
102598.7148
102598.715
102598.7153
102598.7157
102598.7162
102598.7166
102598.7172
102598.7177
102598.7182
102598.7186
102598.7191
102598.7194
102598.7198
102598.7201
102598.7203
102598.7205
102598.7207
102598.7208
102598.7209
102598.721
102598.7211
102598.7212
102598.7212
102598.7212
102598.7212
102598.6565
102598.6565
102598.6568
102598.6566
102598.6562
102598.6557
102598.6551
102598.6546
102598.6541
102598.6537
102598.6534
102598.6532
102598.653
102598.6529
102598.653
102598.6531
102598.6533
102598.6535
102598.6539
102598.6543
102598.6547
102598.6552
102598.6556
102598.6561
102598.6565
102598.6569
102598.6572
102598.6575
102598.6578
102598.658
102598.6582
102598.6584
102598.6585
102598.6587
102598.6588
102598.6588
102598.6589
102598.6589
102598.659
102598.659
102598.5943
102598.5943
102598.5945
102598.5944
102598.594
102598.5936
102598.5931
102598.5926
102598.5922
102598.5918
102598.5916
102598.5914
102598.5912
102598.5912
102598.5912
102598.5913
102598.5915
102598.5917
102598.592
102598.5924
102598.5928
102598.5932
102598.5936
102598.594
102598.5943
102598.5947
102598.595
102598.5953
102598.5956
102598.5958
102598.596
102598.5961
102598.5963
102598.5964
102598.5965
102598.5966
102598.5966
102598.5967
102598.5967
102598.5967
102598.5321
102598.5321
102598.5323
102598.5322
102598.5318
102598.5314
102598.531
102598.5306
102598.5302
102598.5299
102598.5297
102598.5295
102598.5294
102598.5293
102598.5294
102598.5295
102598.5296
102598.5298
102598.5301
102598.5304
102598.5308
102598.5311
102598.5315
102598.5319
102598.5322
102598.5325
102598.5328
102598.5331
102598.5333
102598.5336
102598.5337
102598.5339
102598.534
102598.5341
102598.5342
102598.5343
102598.5344
102598.5344
102598.5344
102598.5344
102598.4699
102598.4699
102598.47
102598.4699
102598.4696
102598.4693
102598.4689
102598.4686
102598.4682
102598.468
102598.4678
102598.4676
102598.4675
102598.4675
102598.4675
102598.4676
102598.4677
102598.468
102598.4682
102598.4685
102598.4688
102598.4691
102598.4694
102598.4698
102598.4701
102598.4704
102598.4707
102598.4709
102598.4711
102598.4713
102598.4715
102598.4717
102598.4718
102598.4719
102598.472
102598.472
102598.4721
102598.4721
102598.4722
102598.4722
102598.4077
102598.4077
102598.4078
102598.4077
102598.4074
102598.4071
102598.4068
102598.4065
102598.4062
102598.406
102598.4058
102598.4057
102598.4056
102598.4056
102598.4056
102598.4057
102598.4058
102598.406
102598.4063
102598.4065
102598.4068
102598.4071
102598.4074
102598.4077
102598.408
102598.4082
102598.4085
102598.4087
102598.4089
102598.4091
102598.4093
102598.4094
102598.4095
102598.4096
102598.4097
102598.4098
102598.4099
102598.4099
102598.4099
102598.4099
102598.3455
102598.3455
102598.3455
102598.3454
102598.3452
102598.345
102598.3447
102598.3444
102598.3442
102598.344
102598.3439
102598.3438
102598.3437
102598.3437
102598.3437
102598.3438
102598.3439
102598.3441
102598.3443
102598.3445
102598.3448
102598.345
102598.3453
102598.3456
102598.3458
102598.3461
102598.3463
102598.3465
102598.3467
102598.3469
102598.3471
102598.3472
102598.3473
102598.3474
102598.3475
102598.3476
102598.3476
102598.3476
102598.3477
102598.3477
102598.2833
102598.2833
102598.2833
102598.2832
102598.283
102598.2828
102598.2826
102598.2824
102598.2822
102598.282
102598.2819
102598.2818
102598.2817
102598.2817
102598.2818
102598.2819
102598.282
102598.2821
102598.2823
102598.2825
102598.2827
102598.283
102598.2832
102598.2835
102598.2837
102598.2839
102598.2841
102598.2843
102598.2845
102598.2847
102598.2848
102598.285
102598.2851
102598.2852
102598.2853
102598.2853
102598.2854
102598.2854
102598.2854
102598.2854
102598.2211
102598.2211
102598.2211
102598.221
102598.2208
102598.2206
102598.2205
102598.2203
102598.2201
102598.22
102598.2199
102598.2198
102598.2198
102598.2198
102598.2198
102598.2199
102598.22
102598.2201
102598.2203
102598.2205
102598.2207
102598.2209
102598.2211
102598.2214
102598.2216
102598.2218
102598.222
102598.2222
102598.2223
102598.2225
102598.2226
102598.2228
102598.2229
102598.2229
102598.223
102598.2231
102598.2231
102598.2232
102598.2232
102598.2232
102598.1589
102598.1589
102598.1588
102598.1588
102598.1586
102598.1585
102598.1584
102598.1582
102598.1581
102598.158
102598.1579
102598.1578
102598.1578
102598.1578
102598.1578
102598.1579
102598.158
102598.1581
102598.1583
102598.1585
102598.1586
102598.1588
102598.159
102598.1592
102598.1594
102598.1596
102598.1598
102598.16
102598.1602
102598.1603
102598.1604
102598.1605
102598.1606
102598.1607
102598.1608
102598.1609
102598.1609
102598.1609
102598.161
102598.161
102598.0967
102598.0967
102598.0967
102598.0966
102598.0965
102598.0964
102598.0962
102598.0961
102598.096
102598.0959
102598.0958
102598.0958
102598.0958
102598.0958
102598.0958
102598.0959
102598.096
102598.0961
102598.0963
102598.0964
102598.0966
102598.0968
102598.097
102598.0971
102598.0973
102598.0975
102598.0977
102598.0978
102598.098
102598.0981
102598.0982
102598.0983
102598.0984
102598.0985
102598.0986
102598.0986
102598.0987
102598.0987
102598.0987
102598.0987
102598.0345
102598.0345
102598.0345
102598.0344
102598.0343
102598.0342
102598.0341
102598.034
102598.0339
102598.0339
102598.0338
102598.0338
102598.0338
102598.0338
102598.0338
102598.0339
102598.034
102598.0341
102598.0342
102598.0344
102598.0345
102598.0347
102598.0349
102598.035
102598.0352
102598.0354
102598.0355
102598.0357
102598.0358
102598.0359
102598.036
102598.0361
102598.0362
102598.0363
102598.0364
102598.0364
102598.0365
102598.0365
102598.0365
102598.0365
102597.9723
102597.9723
102597.9723
102597.9722
102597.9722
102597.9721
102597.972
102597.9719
102597.9719
102597.9718
102597.9718
102597.9717
102597.9717
102597.9718
102597.9718
102597.9719
102597.9719
102597.972
102597.9722
102597.9723
102597.9724
102597.9726
102597.9727
102597.9729
102597.9731
102597.9732
102597.9734
102597.9735
102597.9736
102597.9737
102597.9738
102597.9739
102597.974
102597.9741
102597.9742
102597.9742
102597.9743
102597.9743
102597.9743
102597.9743
102597.9102
102597.9102
102597.9101
102597.9101
102597.91
102597.91
102597.9099
102597.9098
102597.9098
102597.9097
102597.9097
102597.9097
102597.9097
102597.9097
102597.9098
102597.9098
102597.9099
102597.91
102597.9101
102597.9102
102597.9104
102597.9105
102597.9106
102597.9108
102597.9109
102597.9111
102597.9112
102597.9113
102597.9114
102597.9116
102597.9117
102597.9117
102597.9118
102597.9119
102597.912
102597.912
102597.912
102597.9121
102597.9121
102597.9121
102597.848
102597.848
102597.848
102597.8479
102597.8479
102597.8478
102597.8478
102597.8477
102597.8477
102597.8477
102597.8476
102597.8476
102597.8476
102597.8477
102597.8477
102597.8478
102597.8478
102597.8479
102597.848
102597.8481
102597.8483
102597.8484
102597.8485
102597.8487
102597.8488
102597.8489
102597.849
102597.8492
102597.8493
102597.8494
102597.8495
102597.8496
102597.8496
102597.8497
102597.8498
102597.8498
102597.8498
102597.8499
102597.8499
102597.8499
102597.7858
102597.7858
102597.7858
102597.7858
102597.7858
102597.7857
102597.7857
102597.7856
102597.7856
102597.7856
102597.7856
102597.7856
102597.7856
102597.7856
102597.7856
102597.7857
102597.7858
102597.7859
102597.786
102597.7861
102597.7862
102597.7863
102597.7864
102597.7865
102597.7867
102597.7868
102597.7869
102597.787
102597.7871
102597.7872
102597.7873
102597.7874
102597.7874
102597.7875
102597.7876
102597.7876
102597.7876
102597.7877
102597.7877
102597.7877
102597.7237
102597.7237
102597.7237
102597.7237
102597.7236
102597.7236
102597.7236
102597.7235
102597.7235
102597.7235
102597.7235
102597.7235
102597.7235
102597.7235
102597.7236
102597.7236
102597.7237
102597.7238
102597.7239
102597.724
102597.7241
102597.7242
102597.7243
102597.7244
102597.7245
102597.7246
102597.7247
102597.7248
102597.7249
102597.725
102597.7251
102597.7252
102597.7253
102597.7253
102597.7254
102597.7254
102597.7254
102597.7255
102597.7255
102597.7255
102597.6616
102597.6616
102597.6615
102597.6615
102597.6615
102597.6615
102597.6615
102597.6614
102597.6614
102597.6614
102597.6614
102597.6614
102597.6614
102597.6615
102597.6615
102597.6616
102597.6616
102597.6617
102597.6618
102597.6619
102597.662
102597.6621
102597.6622
102597.6623
102597.6624
102597.6625
102597.6626
102597.6627
102597.6628
102597.6629
102597.6629
102597.663
102597.6631
102597.6631
102597.6632
102597.6632
102597.6632
102597.6633
102597.6633
102597.6633
102597.5994
102597.5994
102597.5994
102597.5994
102597.5994
102597.5994
102597.5993
102597.5993
102597.5993
102597.5993
102597.5993
102597.5993
102597.5993
102597.5994
102597.5994
102597.5995
102597.5995
102597.5996
102597.5997
102597.5998
102597.5999
102597.5999
102597.6
102597.6001
102597.6002
102597.6003
102597.6004
102597.6005
102597.6006
102597.6007
102597.6008
102597.6008
102597.6009
102597.6009
102597.601
102597.601
102597.601
102597.6011
102597.6011
102597.6011
102597.5373
102597.5373
102597.5373
102597.5373
102597.5373
102597.5372
102597.5372
102597.5372
102597.5372
102597.5372
102597.5372
102597.5372
102597.5373
102597.5373
102597.5373
102597.5374
102597.5374
102597.5375
102597.5376
102597.5377
102597.5377
102597.5378
102597.5379
102597.538
102597.5381
102597.5382
102597.5383
102597.5384
102597.5384
102597.5385
102597.5386
102597.5387
102597.5387
102597.5388
102597.5388
102597.5388
102597.5389
102597.5389
102597.5389
102597.5389
102597.4751
102597.4751
102597.4751
102597.4751
102597.4751
102597.4751
102597.4751
102597.4751
102597.4751
102597.4751
102597.4751
102597.4751
102597.4752
102597.4752
102597.4752
102597.4753
102597.4753
102597.4754
102597.4755
102597.4755
102597.4756
102597.4757
102597.4758
102597.4759
102597.476
102597.476
102597.4761
102597.4762
102597.4763
102597.4764
102597.4764
102597.4765
102597.4765
102597.4766
102597.4766
102597.4766
102597.4767
102597.4767
102597.4767
102597.4767
102597.413
102597.413
102597.413
102597.413
102597.413
102597.413
102597.413
102597.413
102597.413
102597.413
102597.413
102597.413
102597.4131
102597.4131
102597.4131
102597.4132
102597.4132
102597.4133
102597.4134
102597.4134
102597.4135
102597.4136
102597.4137
102597.4137
102597.4138
102597.4139
102597.414
102597.4141
102597.4141
102597.4142
102597.4142
102597.4143
102597.4144
102597.4144
102597.4144
102597.4145
102597.4145
102597.4145
102597.4145
102597.4145
102597.3509
102597.3509
102597.3509
102597.3509
102597.3509
102597.3509
102597.3509
102597.3509
102597.3509
102597.3509
102597.3509
102597.3509
102597.3509
102597.351
102597.351
102597.3511
102597.3511
102597.3512
102597.3512
102597.3513
102597.3514
102597.3514
102597.3515
102597.3516
102597.3517
102597.3518
102597.3518
102597.3519
102597.352
102597.352
102597.3521
102597.3521
102597.3522
102597.3522
102597.3523
102597.3523
102597.3523
102597.3523
102597.3523
102597.3523
102597.2887
102597.2887
102597.2887
102597.2887
102597.2887
102597.2887
102597.2887
102597.2887
102597.2888
102597.2888
102597.2888
102597.2888
102597.2888
102597.2889
102597.2889
102597.2889
102597.289
102597.2891
102597.2891
102597.2892
102597.2892
102597.2893
102597.2894
102597.2895
102597.2895
102597.2896
102597.2897
102597.2897
102597.2898
102597.2899
102597.2899
102597.29
102597.29
102597.29
102597.2901
102597.2901
102597.2901
102597.2902
102597.2902
102597.2902
102597.2266
102597.2266
102597.2266
102597.2266
102597.2266
102597.2266
102597.2266
102597.2266
102597.2266
102597.2266
102597.2267
102597.2267
102597.2267
102597.2267
102597.2268
102597.2268
102597.2269
102597.2269
102597.227
102597.2271
102597.2271
102597.2272
102597.2273
102597.2273
102597.2274
102597.2275
102597.2275
102597.2276
102597.2276
102597.2277
102597.2277
102597.2278
102597.2278
102597.2279
102597.2279
102597.2279
102597.228
102597.228
102597.228
102597.228
102597.1645
102597.1645
102597.1645
102597.1645
102597.1645
102597.1645
102597.1645
102597.1645
102597.1645
102597.1645
102597.1645
102597.1646
102597.1646
102597.1646
102597.1647
102597.1647
102597.1648
102597.1648
102597.1649
102597.1649
102597.165
102597.165
102597.1651
102597.1652
102597.1652
102597.1653
102597.1654
102597.1654
102597.1655
102597.1655
102597.1656
102597.1656
102597.1657
102597.1657
102597.1657
102597.1658
102597.1658
102597.1658
102597.1658
102597.1658
102597.1023
102597.1023
102597.1023
102597.1023
102597.1023
102597.1024
102597.1024
102597.1024
102597.1024
102597.1024
102597.1024
102597.1024
102597.1025
102597.1025
102597.1025
102597.1026
102597.1026
102597.1027
102597.1027
102597.1028
102597.1029
102597.1029
102597.103
102597.103
102597.1031
102597.1032
102597.1032
102597.1033
102597.1033
102597.1034
102597.1034
102597.1035
102597.1035
102597.1035
102597.1036
102597.1036
102597.1036
102597.1036
102597.1036
102597.1036
102597.0402
102597.0402
102597.0402
102597.0402
102597.0402
102597.0402
102597.0402
102597.0402
102597.0403
102597.0403
102597.0403
102597.0403
102597.0403
102597.0404
102597.0404
102597.0405
102597.0405
102597.0406
102597.0406
102597.0407
102597.0407
102597.0408
102597.0408
102597.0409
102597.0409
102597.041
102597.0411
102597.0411
102597.0412
102597.0412
102597.0413
102597.0413
102597.0413
102597.0414
102597.0414
102597.0414
102597.0414
102597.0415
102597.0415
102597.0415
102596.9781
102596.9781
102596.9781
102596.9781
102596.9781
102596.9781
102596.9781
102596.9781
102596.9781
102596.9781
102596.9782
102596.9782
102596.9782
102596.9782
102596.9783
102596.9783
102596.9784
102596.9784
102596.9785
102596.9785
102596.9786
102596.9786
102596.9787
102596.9787
102596.9788
102596.9789
102596.9789
102596.979
102596.979
102596.9791
102596.9791
102596.9791
102596.9792
102596.9792
102596.9792
102596.9793
102596.9793
102596.9793
102596.9793
102596.9793
102596.9159
102596.9159
102596.9159
102596.9159
102596.9159
102596.9159
102596.916
102596.916
102596.916
102596.916
102596.916
102596.9161
102596.9161
102596.9161
102596.9162
102596.9162
102596.9162
102596.9163
102596.9163
102596.9164
102596.9164
102596.9165
102596.9165
102596.9166
102596.9167
102596.9167
102596.9168
102596.9168
102596.9169
102596.9169
102596.9169
102596.917
102596.917
102596.917
102596.9171
102596.9171
102596.9171
102596.9171
102596.9171
102596.9171
102596.8538
102596.8538
102596.8538
102596.8538
102596.8538
102596.8538
102596.8538
102596.8538
102596.8538
102596.8539
102596.8539
102596.8539
102596.8539
102596.854
102596.854
102596.8541
102596.8541
102596.8541
102596.8542
102596.8542
102596.8543
102596.8543
102596.8544
102596.8544
102596.8545
102596.8546
102596.8546
102596.8547
102596.8547
102596.8547
102596.8548
102596.8548
102596.8549
102596.8549
102596.8549
102596.8549
102596.855
102596.855
102596.855
102596.855
102596.7916
102596.7916
102596.7916
102596.7917
102596.7917
102596.7917
102596.7917
102596.7917
102596.7917
102596.7917
102596.7918
102596.7918
102596.7918
102596.7918
102596.7919
102596.7919
102596.792
102596.792
102596.792
102596.7921
102596.7921
102596.7922
102596.7922
102596.7923
102596.7924
102596.7924
102596.7925
102596.7925
102596.7925
102596.7926
102596.7926
102596.7927
102596.7927
102596.7927
102596.7928
102596.7928
102596.7928
102596.7928
102596.7928
102596.7928
102596.7295
102596.7295
102596.7295
102596.7295
102596.7295
102596.7295
102596.7295
102596.7296
102596.7296
102596.7296
102596.7296
102596.7296
102596.7297
102596.7297
102596.7297
102596.7298
102596.7298
102596.7299
102596.7299
102596.7299
102596.73
102596.73
102596.7301
102596.7302
102596.7302
102596.7303
102596.7303
102596.7303
102596.7304
102596.7304
102596.7305
102596.7305
102596.7305
102596.7306
102596.7306
102596.7306
102596.7306
102596.7306
102596.7307
102596.7307
102596.6674
102596.6674
102596.6674
102596.6674
102596.6674
102596.6674
102596.6674
102596.6674
102596.6674
102596.6674
102596.6675
102596.6675
102596.6675
102596.6676
102596.6676
102596.6676
102596.6677
102596.6677
102596.6678
102596.6678
102596.6679
102596.6679
102596.668
102596.668
102596.6681
102596.6681
102596.6681
102596.6682
102596.6682
102596.6683
102596.6683
102596.6684
102596.6684
102596.6684
102596.6684
102596.6685
102596.6685
102596.6685
102596.6685
102596.6685
102596.6052
102596.6052
102596.6052
102596.6052
102596.6052
102596.6052
102596.6052
102596.6053
102596.6053
102596.6053
102596.6053
102596.6053
102596.6054
102596.6054
102596.6054
102596.6055
102596.6055
102596.6056
102596.6056
102596.6057
102596.6057
102596.6058
102596.6058
102596.6059
102596.6059
102596.6059
102596.606
102596.606
102596.6061
102596.6061
102596.6062
102596.6062
102596.6062
102596.6063
102596.6063
102596.6063
102596.6063
102596.6063
102596.6063
102596.6063
102596.5431
102596.5431
102596.5431
102596.5431
102596.5431
102596.5431
102596.5431
102596.5431
102596.5431
102596.5431
102596.5432
102596.5432
102596.5432
102596.5433
102596.5433
102596.5433
102596.5434
102596.5434
102596.5435
102596.5435
102596.5436
102596.5436
102596.5436
102596.5437
102596.5437
102596.5438
102596.5438
102596.5439
102596.5439
102596.544
102596.544
102596.544
102596.5441
102596.5441
102596.5441
102596.5441
102596.5442
102596.5442
102596.5442
102596.5442
)
;

boundaryField
{
    front
    {
        type            wedge;
    }
    back
    {
        type            wedge;
    }
    tankWall
    {
        type            calculated;
        value           nonuniform List<scalar> 
120
(
103461.0041
103446.3461
103431.6276
103416.9186
103402.2126
103387.5073
103372.8025
103358.096
103343.3883
103328.6803
103313.9716
103299.2621
103284.5518
103269.8406
103255.1283
103240.4146
103225.6993
103210.9826
103196.2643
103181.5445
103166.8231
103152.0999
103137.3747
103122.6475
103107.9185
103093.1881
103078.4563
103063.7226
103048.9863
103034.2471
103019.5051
103004.7607
102990.0143
102975.2661
102960.5158
102945.7627
102931.006
102916.2457
102901.4818
102886.7144
102871.9438
102857.1706
102842.396
102827.6209
102812.8468
102798.0756
102783.3112
102768.5592
102753.8307
102739.1521
102724.5802
102710.2153
102696.2284
102682.8265
102670.2384
102658.6923
102648.2924
102638.8873
102629.9631
102620.8115
102611.1792
102603.3899
102600.0905
102600.0291
102599.9668
102599.9045
102599.8423
102599.78
102599.7178
102599.6555
102599.5933
102599.531
102599.4687
102599.4064
102599.3441
102599.2819
102599.2196
102599.1573
102599.095
102599.0327
102598.9704
102598.9081
102598.8458
102598.7835
102598.7212
102598.659
102598.5967
102598.5344
102598.4722
102598.4099
102598.3477
102598.2854
102598.2232
102598.161
102598.0987
102598.0365
102597.9743
102597.9121
102597.8499
102597.7877
102597.7255
102597.6633
102597.6011
102597.5389
102597.4767
102597.4145
102597.3523
102597.2902
102597.228
102597.1658
102597.1036
102597.0415
102596.9793
102596.9171
102596.855
102596.7928
102596.7307
102596.6685
102596.6063
102596.5442
)
;
    }
    bottom
    {
        type            calculated;
        value           nonuniform List<scalar> 
40
(
103465.434
103465.4321
103465.4274
103465.42
103465.4102
103465.398
103465.3835
103465.3669
103465.3482
103465.3277
103465.3056
103465.2819
103465.257
103465.231
103465.2041
103465.1766
103465.1487
103465.1205
103465.0924
103465.0644
103465.0368
103465.0099
103464.9836
103464.9583
103464.9341
103464.911
103464.8893
103464.8689
103464.85
103464.8326
103464.8167
103464.8024
103464.7896
103464.7783
103464.7684
103464.7594
103464.7524
103464.7412
103464.7497
103464.6283
)
;
    }
    top
    {
        type            calculated;
        value           nonuniform List<scalar> 
40
(
102596.5277
102596.5277
102596.5277
102596.5277
102596.5277
102596.5277
102596.5277
102596.5278
102596.5278
102596.5278
102596.5278
102596.5278
102596.5279
102596.5279
102596.5279
102596.528
102596.528
102596.5281
102596.5281
102596.5281
102596.5282
102596.5282
102596.5283
102596.5283
102596.5284
102596.5284
102596.5285
102596.5285
102596.5286
102596.5286
102596.5287
102596.5287
102596.5287
102596.5287
102596.5288
102596.5288
102596.5288
102596.5288
102596.5288
102596.5288
)
;
    }
    axis
    {
        type            empty;
    }
}


// ************************************************************************* //
