/*--------------------------------*- C++ -*----------------------------------*\
| =========                 |                                                 |
| \\      /  F ield         | OpenFOAM: The Open Source CFD Toolbox           |
|  \\    /   O peration     | Version:  v1912                                 |
|   \\  /    A nd           | Website:  www.openfoam.com                      |
|    \\/     M anipulation  |                                                 |
\*---------------------------------------------------------------------------*/
FoamFile
{
    version     2.0;
    format      ascii;
    class       volScalarField;
    location    "0.9";
    object      p_rgh_0;
}
// * * * * * * * * * * * * * * * * * * * * * * * * * * * * * * * * * * * * * //

dimensions      [1 -1 -2 0 0 0 0];


internalField   nonuniform List<scalar> 
4800
(
103461.7184
103461.7165
103461.7118
103461.7045
103461.6947
103461.6825
103461.6681
103461.6515
103461.6329
103461.6124
103461.5903
103461.5667
103461.5419
103461.5159
103461.4891
103461.4616
103461.4338
103461.4057
103461.3775
103461.3496
103461.3221
103461.2952
103461.269
103461.2437
103461.2195
103461.1964
103461.1747
103461.1543
103461.1354
103461.118
103461.1021
103461.0878
103461.075
103461.0637
103461.0537
103461.0447
103461.0377
103461.0265
103461.035
103460.9136
103454.3635
103454.3616
103454.3569
103454.3496
103454.3397
103454.3275
103454.313
103454.2964
103454.2777
103454.2572
103454.235
103454.2113
103454.1863
103454.1603
103454.1334
103454.1058
103454.0779
103454.0497
103454.0215
103453.9935
103453.9658
103453.9388
103453.9125
103453.8872
103453.8629
103453.8398
103453.818
103453.7975
103453.7786
103453.7612
103453.7453
103453.731
103453.7182
103453.7069
103453.697
103453.6882
103453.6811
103453.6719
103453.6741
103453.4554
103447.01
103447.0082
103447.0035
103446.9961
103446.9862
103446.9739
103446.9593
103446.9425
103446.9237
103446.9031
103446.8807
103446.8569
103446.8317
103446.8055
103446.7784
103446.7507
103446.7225
103446.6941
103446.6657
103446.6375
103446.6097
103446.5825
103446.556
103446.5305
103446.5061
103446.4828
103446.4609
103446.4404
103446.4213
103446.4038
103446.3879
103446.3736
103446.3608
103446.3495
103446.3398
103446.3312
103446.3245
103446.3173
103446.3114
103445.8556
103439.6581
103439.6563
103439.6516
103439.6442
103439.6342
103439.6217
103439.607
103439.59
103439.571
103439.5501
103439.5275
103439.5034
103439.478
103439.4515
103439.4241
103439.396
103439.3675
103439.3388
103439.3101
103439.2817
103439.2536
103439.2261
103439.1994
103439.1736
103439.149
103439.1255
103439.1034
103439.0827
103439.0635
103439.0459
103439.0299
103439.0155
103439.0028
103438.9916
103438.982
103438.9737
103438.9674
103438.9617
103438.9443
103438.1959
103432.3076
103432.306
103432.3012
103432.2937
103432.2835
103432.2709
103432.2559
103432.2387
103432.2194
103432.1982
103432.1753
103432.1509
103432.1251
103432.0982
103432.0704
103432.042
103432.0131
103431.984
103431.9549
103431.926
103431.8975
103431.8697
103431.8426
103431.8165
103431.7915
103431.7678
103431.7455
103431.7246
103431.7052
103431.6874
103431.6713
103431.6569
103431.6441
103431.633
103431.6236
103431.6155
103431.6096
103431.6048
103431.5689
103430.488
103424.9587
103424.9572
103424.9523
103424.9447
103424.9344
103424.9216
103424.9063
103424.8888
103424.8691
103424.8476
103424.8242
103424.7993
103424.7731
103424.7457
103424.7174
103424.6885
103424.6591
103424.6295
103424.5998
103424.5705
103424.5415
103424.5132
103424.4857
103424.4592
103424.4338
103424.4098
103424.3871
103424.3659
103424.3463
103424.3284
103424.3121
103424.2976
103424.2848
103424.2737
103424.2644
103424.2566
103424.2509
103424.2468
103424.1881
103422.7391
103417.6114
103417.6099
103417.605
103417.5972
103417.5867
103417.5736
103417.558
103417.5402
103417.5201
103417.498
103417.4742
103417.4488
103417.422
103417.394
103417.3651
103417.3355
103417.3055
103417.2753
103417.2451
103417.2151
103417.1855
103417.1567
103417.1286
103417.1016
103417.0758
103417.0513
103417.0282
103417.0067
103416.9869
103416.9687
103416.9523
103416.9376
103416.9248
103416.9137
103416.9045
103416.8969
103416.8913
103416.8875
103416.7989
103414.9551
103410.2656
103410.2642
103410.2593
103410.2513
103410.2406
103410.2271
103410.2112
103410.1929
103410.1723
103410.1497
103410.1253
103410.0992
103410.0717
103410.0431
103410.0135
103409.9832
103409.9524
103409.9215
103409.8905
103409.8598
103409.8296
103409.8001
103409.7714
103409.7438
103409.7174
103409.6924
103409.6689
103409.647
103409.6268
103409.6084
103409.5917
103409.5769
103409.564
103409.553
103409.5438
103409.5364
103409.5309
103409.5275
103409.3936
103407.1431
103402.9215
103402.9202
103402.9152
103402.907
103402.896
103402.8822
103402.8658
103402.8469
103402.8258
103402.8026
103402.7774
103402.7506
103402.7224
103402.6929
103402.6625
103402.6314
103402.5998
103402.568
103402.5362
103402.5047
103402.4737
103402.4434
103402.414
103402.3857
103402.3587
103402.3331
103402.3091
103402.2867
103402.2661
103402.2474
103402.2305
103402.2155
103402.2025
103402.1914
103402.1824
103402.175
103402.1698
103402.1667
103401.9792
103399.306
103395.579
103395.5778
103395.5727
103395.5643
103395.5529
103395.5387
103395.5218
103395.5024
103395.4806
103395.4566
103395.4307
103395.4031
103395.374
103395.3436
103395.3123
103395.2802
103395.2476
103395.2148
103395.1821
103395.1497
103395.1177
103395.0866
103395.0564
103395.0273
103394.9996
103394.9734
103394.9487
103394.9259
103394.9048
103394.8857
103394.8686
103394.8534
103394.8402
103394.8291
103394.8201
103394.8129
103394.8078
103394.805
103394.5569
103391.4483
103388.2382
103388.2372
103388.2319
103388.2232
103388.2115
103388.1968
103388.1793
103388.1592
103388.1367
103388.112
103388.0852
103388.0566
103388.0265
103387.9951
103387.9627
103387.9295
103387.8959
103387.8621
103387.8282
103387.7948
103387.7618
103387.7297
103387.6985
103387.6686
103387.6401
103387.6131
103387.5878
103387.5644
103387.5429
103387.5233
103387.5058
103387.4904
103387.4771
103387.466
103387.457
103387.4498
103387.445
103387.4424
103387.1264
103383.5717
103380.8992
103380.8982
103380.8928
103380.8839
103380.8717
103380.8565
103380.8384
103380.8176
103380.7942
103380.7685
103380.7408
103380.7112
103380.68
103380.6474
103380.6139
103380.5795
103380.5446
103380.5096
103380.4746
103380.4399
103380.4059
103380.3726
103380.3404
103380.3096
103380.2801
103380.2523
103380.2263
103380.2023
103380.1802
103380.1602
103380.1423
103380.1267
103380.1132
103380.1019
103380.0929
103380.0858
103380.0812
103380.0788
103379.6875
103375.6779
103373.562
103373.5611
103373.5555
103373.5462
103373.5336
103373.5178
103373.499
103373.4774
103373.4531
103373.4264
103373.3976
103373.3668
103373.3344
103373.3006
103373.2657
103373.23
103373.1938
103373.1574
103373.1211
103373.0852
103373.0498
103373.0154
103372.9821
103372.9501
103372.9197
103372.891
103372.8642
103372.8394
103372.8167
103372.7962
103372.778
103372.762
103372.7483
103372.737
103372.7279
103372.7209
103372.7164
103372.7141
103372.2401
103367.7681
103366.2265
103366.2258
103366.22
103366.2104
103366.1973
103366.1809
103366.1613
103366.1387
103366.1135
103366.0857
103366.0556
103366.0236
103365.9898
103365.9546
103365.9183
103365.8811
103365.8435
103365.8056
103365.7678
103365.7305
103365.6937
103365.658
103365.6234
103365.5903
103365.5588
103365.5291
103365.5014
103365.4758
103365.4525
103365.4314
103365.4127
103365.3964
103365.3825
103365.371
103365.362
103365.355
103365.3508
103365.3482
103364.7838
103359.8437
103358.893
103358.8924
103358.8864
103358.8764
103358.8628
103358.8456
103358.8252
103358.8017
103358.7753
103358.7463
103358.7149
103358.6815
103358.6462
103358.6095
103358.5716
103358.5328
103358.4936
103358.4541
103358.4147
103358.3758
103358.3375
103358.3003
103358.2644
103358.23
103358.1973
103358.1665
103358.1379
103358.1115
103358.0874
103358.0657
103358.0466
103358.0299
103358.0158
103358.0041
103357.995
103357.9881
103357.9841
103357.981
103357.3181
103351.9058
103351.5615
103351.561
103351.5548
103351.5444
103351.5301
103351.5122
103351.4908
103351.4662
103351.4386
103351.4083
103351.3755
103351.3405
103351.3037
103351.2653
103351.2256
103351.1851
103351.1441
103351.1028
103351.0617
103351.0211
103350.9812
103350.9424
103350.905
103350.8692
103350.8352
103350.8033
103350.7736
103350.7462
103350.7214
103350.6991
103350.6794
103350.6623
103350.6479
103350.6361
103350.627
103350.6202
103350.6163
103350.6122
103349.8431
103343.9552
103344.2319
103344.2316
103344.2252
103344.2143
103344.1993
103344.1806
103344.1582
103344.1324
103344.1035
103344.0717
103344.0374
103344.0007
103343.9621
103343.9219
103343.8804
103343.838
103343.795
103343.7518
103343.7088
103343.6663
103343.6247
103343.5841
103343.5451
103343.5078
103343.4724
103343.4392
103343.4084
103343.3801
103343.3544
103343.3314
103343.3111
103343.2937
103343.279
103343.267
103343.2579
103343.2511
103343.2473
103343.2419
103342.3587
103335.992
103336.9044
103336.9043
103336.8976
103336.8862
103336.8706
103336.8509
103336.8274
103336.8004
103336.77
103336.7367
103336.7006
103336.6621
103336.6216
103336.5794
103336.5359
103336.4914
103336.4463
103336.4011
103336.356
103336.3115
103336.2679
103336.2255
103336.1847
103336.1457
103336.1089
103336.0743
103336.0423
103336.0129
103335.9863
103335.9626
103335.9418
103335.9239
103335.9089
103335.8968
103335.8875
103335.8808
103335.8772
103335.8701
103334.8652
103328.0169
103329.5791
103329.5791
103329.5722
103329.5603
103329.5439
103329.5232
103329.4985
103329.4701
103329.4382
103329.4031
103329.3652
103329.3248
103329.2822
103329.2378
103329.1921
103329.1453
103329.098
103329.0505
103329.0032
103328.9565
103328.9108
103328.8664
103328.8237
103328.783
103328.7445
103328.7085
103328.6752
103328.6447
103328.6172
103328.5926
103328.5712
103328.5528
103328.5376
103328.5253
103328.516
103328.5093
103328.506
103328.4969
103327.3625
103320.0302
103322.2561
103322.2563
103322.2491
103322.2365
103322.2193
103322.1975
103322.1715
103322.1416
103322.108
103322.0711
103322.0312
103321.9886
103321.9438
103321.8971
103321.849
103321.7998
103321.75
103321.7001
103321.6504
103321.6013
103321.5534
103321.5068
103321.4621
103321.4195
103321.3792
103321.3417
103321.307
103321.2753
103321.2467
103321.2214
103321.1993
103321.1805
103321.1649
103321.1524
103321.1431
103321.1365
103321.1334
103321.1221
103319.8507
103312.0323
103314.9353
103314.9358
103314.9282
103314.9151
103314.8969
103314.8739
103314.8466
103314.815
103314.7796
103314.7407
103314.6986
103314.6538
103314.6065
103314.5573
103314.5066
103314.4548
103314.4024
103314.3498
103314.2975
103314.2459
103314.1955
103314.1466
103314.0997
103314.055
103314.0129
103313.9737
103313.9375
103313.9046
103313.875
103313.8488
103313.826
103313.8067
103313.7908
103313.7782
103313.7688
103313.7623
103313.7594
103313.7453
103312.3305
103304.0241
103307.617
103307.6177
103307.6098
103307.5959
103307.5767
103307.5526
103307.5237
103307.4904
103307.453
103307.4119
103307.3675
103307.3202
103307.2703
103307.2184
103307.1649
103307.1103
103307.055
103306.9995
103306.9444
103306.8901
103306.8371
103306.7857
103306.7364
103306.6895
103306.6455
103306.6045
103306.5667
103306.5324
103306.5017
103306.4746
103306.4512
103306.4314
103306.4152
103306.4025
103306.3931
103306.3866
103306.3838
103306.3662
103304.8018
103296.0056
103300.3011
103300.3021
103300.2938
103300.2792
103300.259
103300.2334
103300.2029
103300.1677
103300.1282
103300.0848
103300.0379
103299.9879
103299.9352
103299.8804
103299.8238
103299.7661
103299.7078
103299.6493
103299.5912
103299.5339
103299.478
103299.4239
103299.3721
103299.3229
103299.2767
103299.2338
103299.1944
103299.1587
103299.1269
103299.0989
103299.0748
103299.0545
103299.038
103299.0251
103299.0158
103299.0095
103299.0068
103298.9854
103297.264
103287.977
103292.9878
103292.9891
103292.9805
103292.9651
103292.9437
103292.9166
103292.8843
103292.8471
103292.8053
103292.7594
103292.7097
103292.6568
103292.6011
103292.5431
103292.4834
103292.4224
103292.3608
103292.299
103292.2376
103292.1772
103292.1182
103292.0612
103292.0067
103291.955
103291.9065
103291.8616
103291.8205
103291.7833
103291.7502
103291.7213
103291.6965
103291.6758
103291.6591
103291.6461
103291.6368
103291.6308
103291.6284
103291.6027
103289.7173
103279.9385
103285.6772
103285.6788
103285.6698
103285.6535
103285.6308
103285.6022
103285.568
103285.5286
103285.4843
103285.4357
103285.3831
103285.3271
103285.2681
103285.2068
103285.1435
103285.079
103285.0138
103284.9484
103284.8836
103284.8197
103284.7575
103284.6974
103284.64
103284.5856
103284.5347
103284.4877
103284.4447
103284.406
103284.3717
103284.3418
103284.3163
103284.2952
103284.2782
103284.2653
103284.2562
103284.2504
103284.2485
103284.218
103282.1618
103271.8904
103278.3694
103278.3714
103278.3619
103278.3447
103278.3207
103278.2903
103278.254
103278.2122
103278.1653
103278.1137
103278.058
103277.9986
103277.9362
103277.8711
103277.8042
103277.7358
103277.6668
103277.5976
103277.529
103277.4615
103277.3957
103277.3323
103277.2718
103277.2145
103277.1611
103277.1118
103277.0668
103277.0265
103276.9909
103276.9601
103276.934
103276.9125
103276.8954
103276.8825
103276.8736
103276.8683
103276.8671
103276.8317
103274.5972
103263.8334
103271.0644
103271.0668
103271.0569
103271.0386
103271.0132
103270.981
103270.9424
103270.8981
103270.8483
103270.7936
103270.7344
103270.6715
103270.6052
103270.5362
103270.4652
103270.3928
103270.3196
103270.2464
103270.1737
103270.1023
103270.0327
103269.9657
103269.9018
103269.8416
103269.7854
103269.7337
103269.6867
103269.6447
103269.6078
103269.576
103269.5493
103269.5274
103269.5103
103269.4976
103269.489
103269.4841
103269.4833
103269.4423
103267.0253
103255.7686
103263.7624
103263.7654
103263.7549
103263.7355
103263.7085
103263.6742
103263.6333
103263.5862
103263.5333
103263.4752
103263.4124
103263.3455
103263.2752
103263.202
103263.1267
103263.0498
103262.9722
103262.8945
103262.8175
103262.7419
103262.6683
103262.5975
103262.53
103262.4665
103262.4074
103262.3531
103262.304
103262.2603
103262.222
103262.1893
103262.162
103262.1399
103262.1228
103262.1104
103262.1022
103262.0979
103262.0972
103262.0496
103259.4463
103247.6966
103256.4636
103256.467
103256.456
103256.4354
103256.4067
103256.3703
103256.3267
103256.2766
103256.2203
103256.1585
103256.0918
103256.0207
103255.946
103255.8683
103255.7883
103255.7068
103255.6244
103255.542
103255.4603
103255.3801
103255.3022
103255.2272
103255.1559
103255.0889
103255.0267
103254.9698
103254.9184
103254.8729
103254.8333
103254.7996
103254.7718
103254.7496
103254.7327
103254.7207
103254.7131
103254.7094
103254.7094
103254.6551
103251.8582
103239.6171
103249.168
103249.172
103249.1603
103249.1385
103249.1079
103249.0691
103249.0227
103248.9693
103248.9094
103248.8437
103248.7727
103248.6971
103248.6177
103248.5351
103248.4501
103248.3635
103248.276
103248.1885
103248.1018
103248.0167
103247.9341
103247.8547
103247.7793
103247.7086
103247.6431
103247.5833
103247.5296
103247.4822
103247.4412
103247.4067
103247.3784
103247.3562
103247.3397
103247.3283
103247.3214
103247.3187
103247.3195
103247.258
103244.2614
103231.5299
103241.8758
103241.8804
103241.8681
103241.8448
103241.8121
103241.7708
103241.7213
103241.6644
103241.6006
103241.5306
103241.455
103241.3746
103241.2901
103241.2022
103241.1118
103241.0197
103240.9268
103240.8338
103240.7417
103240.6514
103240.5637
103240.4796
103240.3998
103240.3251
103240.2561
103240.1933
103240.1371
103240.0878
103240.0454
103240.0101
103239.9815
103239.9595
103239.9435
103239.9329
103239.927
103239.9255
103239.9274
103239.8584
103236.6559
103223.4351
103234.5872
103234.5925
103234.5793
103234.5545
103234.5196
103234.4755
103234.4227
103234.3619
103234.2938
103234.2192
103234.1386
103234.053
103233.963
103233.8695
103233.7734
103233.6754
103233.5765
103233.4777
103233.3797
103233.2838
103233.1907
103233.1015
103233.017
103232.938
103232.8653
103232.7993
103232.7405
103232.6892
103232.6454
103232.6093
103232.5806
103232.5589
103232.5437
103232.5341
103232.5294
103232.5295
103232.533
103232.4564
103229.0415
103215.3325
103227.3022
103227.3083
103227.2943
103227.2678
103227.2305
103227.1832
103227.1268
103227.0618
103226.9891
103226.9095
103226.8236
103226.7323
103226.6364
103226.5368
103226.4345
103226.3302
103226.2249
103226.1197
103226.0156
103225.9136
103225.8147
103225.7199
103225.6304
103225.5469
103225.4701
103225.4008
103225.3393
103225.2859
103225.2408
103225.2039
103225.1752
103225.1541
103225.1398
103225.1315
103225.1286
103225.1306
103225.1363
103225.0525
103221.4181
103207.222
103220.0213
103220.0281
103220.0132
103219.9848
103219.9448
103219.8942
103219.8337
103219.7642
103219.6865
103219.6013
103219.5096
103219.4122
103219.31
103219.2039
103219.0948
103218.9838
103218.8717
103218.7597
103218.6489
103218.5403
103218.4351
103218.3345
103218.2395
103218.1511
103218.0701
103217.9972
103217.9328
103217.8773
103217.8307
103217.7933
103217.7647
103217.7444
103217.7314
103217.7248
103217.7239
103217.728
103217.7357
103217.6442
103213.7893
103199.105
103212.7444
103212.7521
103212.7361
103212.7056
103212.6627
103212.6084
103212.5435
103212.469
103212.3858
103212.2947
103212.1967
103212.0927
103211.9837
103211.8705
103211.7542
103211.6359
103211.5165
103211.3972
103211.279
103211.1634
103211.0514
103210.9445
103210.8437
103210.7501
103210.6646
103210.5879
103210.5205
103210.4627
103210.4147
103210.3767
103210.3484
103210.3293
103210.3178
103210.3135
103210.3152
103210.3219
103210.3315
103210.2305
103206.1564
103190.982
103205.4721
103205.4806
103205.4634
103205.4306
103205.3844
103205.326
103205.2563
103205.1763
103205.0871
103204.9895
103204.8847
103204.7735
103204.6571
103204.5363
103204.4123
103204.2861
103204.1588
103204.0316
103203.9057
103203.7824
103203.6631
103203.5493
103203.4423
103203.3431
103203.2529
103203.1722
103203.1016
103203.0413
103202.9918
103202.9533
103202.9255
103202.9077
103202.8983
103202.8969
103202.9018
103202.9119
103202.9245
103202.8148
103198.5151
103182.8521
103198.2046
103198.2139
103198.1953
103198.1599
103198.11
103198.0471
103197.9721
103197.8861
103197.7902
103197.6856
103197.5733
103197.4544
103197.3299
103197.2009
103197.0686
103196.9339
103196.7981
103196.6624
103196.5281
103196.3965
103196.2694
103196.1482
103196.0345
103195.9295
103195.8342
103195.7493
103195.6752
103195.6124
103195.5612
103195.5221
103195.495
103195.4789
103195.4721
103195.4743
103195.4833
103195.4975
103195.5139
103195.3958
103190.8666
103174.7154
103190.9422
103190.9525
103190.9322
103190.8938
103190.8399
103190.7719
103190.6909
103190.5983
103190.4951
103190.3828
103190.2623
103190.135
103190.0018
103189.864
103189.7226
103189.5789
103189.4339
103189.289
103189.1455
103189.0051
103188.8694
103188.7402
103188.6194
103188.5082
103188.4076
103188.3182
103188.2405
103188.1748
103188.1217
103188.0819
103188.0557
103188.0414
103188.0381
103188.0448
103188.0589
103188.0784
103188.0993
103187.9733
103183.2111
103166.5721
103183.6857
103183.6967
103183.6745
103183.6327
103183.5743
103183.5006
103183.413
103183.3129
103183.2017
103183.0808
103182.9514
103182.8149
103182.6723
103182.5248
103182.3738
103182.2202
103182.0654
103181.9106
103181.7572
103181.607
103181.462
103181.3244
103181.196
103181.0783
103180.9723
103180.8783
103180.7966
103180.7276
103180.6721
103180.6314
103180.6061
103180.594
103180.595
103180.6073
103180.6278
103180.6537
103180.6803
103180.5471
103175.5484
103158.422
103176.4356
103176.4473
103176.4227
103176.377
103176.3134
103176.2334
103176.1383
103176.0299
103175.9097
103175.7794
103175.6403
103175.4936
103175.3407
103175.1829
103175.0214
103174.8573
103174.6918
103174.5262
103174.362
103174.2013
103174.0462
103173.8994
103173.763
103173.6387
103173.5272
103173.4285
103173.3425
103173.2695
103173.2111
103173.1689
103173.1441
103173.1347
103173.1409
103173.1603
103173.1888
103173.223
103173.2566
103173.1179
103167.8792
103150.2652
103169.1928
103169.205
103169.1775
103169.1272
103169.0578
103168.9705
103168.867
103168.7492
103168.6191
103168.4783
103168.3283
103168.1707
103168.0067
103167.8377
103167.6649
103167.4896
103167.3127
103167.1355
103166.9595
103166.787
103166.6209
103166.4642
103166.3195
103166.1887
103166.0718
103165.9682
103165.8774
103165.7996
103165.7368
103165.6921
103165.6675
103165.6612
103165.6736
103165.7019
103165.7408
103165.7855
103165.8279
103165.6845
103160.2039
103142.1018
103161.9583
103161.9706
103161.9394
103161.884
103161.8078
103161.7122
103161.5991
103161.4709
103161.3296
103161.1773
103161.0156
103160.846
103160.6698
103160.4886
103160.3036
103160.1159
103159.9264
103159.7363
103159.547
103159.3614
103159.183
103159.0159
103158.863
103158.7262
103158.6048
103158.4968
103158.4005
103158.3164
103158.2475
103158.1986
103158.173
103158.17
103158.1903
103158.2299
103158.282
103158.3401
103158.3939
103158.2486
103152.5228
103133.9317
103154.7334
103154.7452
103154.7096
103154.6481
103154.5642
103154.4592
103154.3353
103154.1953
103154.0418
103153.8766
103153.7017
103153.5189
103153.3296
103153.1353
103152.9372
103152.7362
103152.5327
103152.3277
103152.123
103151.9222
103151.7299
103151.5516
103151.3909
103151.2495
103151.1249
103151.0128
103150.9104
103150.8178
103150.7401
103150.6843
103150.6562
103150.6568
103150.6866
103150.7409
103150.8106
103150.8862
103150.9547
103150.8111
103144.8377
103125.7556
103147.5196
103147.5304
103147.4894
103147.4209
103147.3283
103147.2126
103147.0763
103146.923
103146.7557
103146.5766
103146.3873
103146.1896
103145.9853
103145.7763
103145.5637
103145.3479
103145.129
103144.9071
103144.6845
103144.4658
103144.2578
103144.0679
103143.9009
103143.7576
103143.6322
103143.517
103143.4067
103143.3026
103143.2114
103143.1438
103143.1104
103143.1147
103143.1568
103143.2307
103143.3238
103143.4227
103143.5103
103143.3695
103137.1499
103117.5751
103140.3196
103140.3284
103140.2807
103140.2041
103140.1014
103139.9736
103139.8235
103139.6551
103139.4718
103139.2763
103139.0706
103138.8567
103138.637
103138.4137
103138.1875
103137.9581
103137.7237
103137.4837
103137.2405
103137.0006
103136.7743
103136.572
103136.4006
103136.2591
103136.1363
103136.0186
103135.8971
103135.774
103135.6602
103135.5723
103135.5273
103135.5341
103135.592
103135.6928
103135.8186
103135.949
103136.0615
103135.9286
103129.4619
103109.392
103133.1383
103133.1421
103133.0863
103133.0006
103132.8866
103132.7439
103132.5771
103132.3912
103132.1901
103131.9772
103131.7551
103131.5267
103131.295
103131.0618
103130.8267
103130.5868
103130.3382
103130.0785
103129.8108
103129.5448
103129.2952
103129.078
103128.9031
103128.7661
103128.6484
103128.5278
103128.3903
103128.2397
103128.091
103127.9688
103127.9005
103127.9047
103127.9815
103128.1186
103128.2905
103128.4643
103128.6096
103128.4884
103121.7719
103101.2089
103125.981
103125.9762
103125.9114
103125.8146
103125.6856
103125.5251
103125.3397
103125.1361
103124.9191
103124.6919
103124.4574
103124.2185
103123.9786
103123.7395
103123.499
103123.2517
103122.9904
103122.7097
103122.4135
103122.1153
103121.836
103121.5994
103121.4213
103121.2924
103121.1827
103121.0584
103120.8997
103120.7103
103120.5109
103120.3365
103120.2279
103120.2183
103120.3148
103120.4994
103120.7359
103120.9698
103121.1563
103121.0489
103114.0836
103093.0295
103118.8577
103118.8392
103118.762
103118.6499
103118.5036
103118.3257
103118.1242
103117.9062
103117.6764
103117.4376
103117.1924
103116.9446
103116.6992
103116.4585
103116.2181
103115.9685
103115.6977
103115.3969
103115.0705
103114.7361
103114.4222
103114.1635
103113.983
103113.864
103113.7626
103113.6316
103113.4454
103113.2054
103112.9387
103112.6907
103112.5152
103112.4713
103112.5832
103112.8287
103113.1546
103113.47
103113.7084
103113.6179
103106.3943
103084.8587
103111.7838
103111.739
103111.6452
103111.518
103111.3565
103111.1628
103110.9465
103110.7146
103110.471
103110.2187
103109.9607
103109.7029
103109.4531
103109.2156
103108.9828
103108.7353
103108.4553
103108.132
103107.7759
103107.4125
103107.0766
103106.8061
103106.6255
103106.5119
103106.4112
103106.2651
103106.0387
103105.7252
103105.3567
103104.9987
103104.7283
103104.6398
103104.7744
103105.1103
103105.5577
103105.975
103106.2736
103106.1992
103098.7018
103076.7039
103104.774
103104.6888
103104.5759
103104.4301
103104.2461
103104.0306
103103.7931
103103.5374
103103.2671
103102.9903
103102.7184
103102.4593
103102.2179
103101.9872
103101.7535
103101.4921
103101.1892
103100.8477
103100.4894
103100.1473
103099.8316
103099.5678
103099.3824
103099.2531
103099.1216
103098.9126
103098.5764
103098.1168
103097.6158
103097.1658
103096.8273
103096.6827
103096.8621
103097.3556
103097.9776
103098.5097
103098.8645
103098.7967
103091
103068.5849
103097.762
103097.6497
103097.4839
103097.2755
103097.0402
103096.7928
103096.5224
103096.2261
103095.9168
103095.6161
103095.3426
103095.1039
103094.8843
103094.6649
103094.4028
103094.1008
103093.7843
103093.4656
103093.1854
103092.9306
103092.6643
103092.4158
103092.2099
103092.0169
103091.7588
103091.3955
103090.9258
103090.3886
103089.8615
103089.3993
103089.0347
103088.8323
103088.9535
103089.6322
103090.4647
103091.1141
103091.5021
103091.4202
103083.2704
103060.5371
103090.3161
103090.1952
103089.8634
103089.5208
103089.266
103089.0492
103088.7816
103088.4714
103088.1728
103087.9136
103087.7017
103087.5101
103087.3004
103087.0587
103086.74
103086.434
103086.1565
103085.9552
103085.8369
103085.6779
103085.4435
103085.1838
103084.9138
103084.557
103084.1754
103083.7655
103083.3338
103082.8664
103082.3767
103081.9168
103081.5231
103081.2899
103081.3684
103082.0677
103083.0955
103083.8299
103084.213
103084.0811
103075.4633
103052.618
103081.1707
103081.1279
103080.6336
103080.3001
103080.3235
103080.3529
103080.2545
103080.0853
103079.9162
103079.7775
103079.6479
103079.483
103079.2679
103078.9713
103078.6679
103078.4149
103078.2483
103078.2595
103078.2817
103078.1723
103077.9412
103077.6629
103077.2707
103076.8748
103076.5488
103076.2382
103075.9321
103075.5889
103075.1277
103074.6126
103074.1591
103073.9291
103074.1173
103074.8988
103075.9327
103076.6662
103077.0012
103076.7705
103067.3634
103045.0174
103068.9054
103069.1259
103068.8553
103069.0608
103069.8815
103070.4886
103070.8161
103070.9723
103071.0429
103071.0523
103070.9831
103070.8253
103070.6047
103070.3305
103070.1039
103069.9419
103069.9697
103070.1439
103070.2353
103070.1549
103069.9361
103069.6508
103069.266
103068.9812
103068.7467
103068.5973
103068.4419
103068.1685
103067.7431
103067.2021
103066.7158
103066.4902
103066.7931
103067.7697
103068.9648
103069.6396
103069.8481
103069.4537
103058.8115
103037.9262
103052.7355
103053.5479
103054.1124
103055.5649
103057.6061
103059.1577
103060.2026
103060.8669
103061.2606
103061.4425
103061.4539
103061.348
103061.1834
103061.0111
103060.8939
103060.8746
103061.0461
103061.284
103061.3956
103061.3396
103061.1391
103060.8298
103060.409
103060.1058
103059.8388
103059.6517
103059.5284
103059.3329
103058.9557
103058.3676
103057.7661
103057.5615
103058.1899
103059.6786
103061.4885
103062.5288
103062.7249
103061.7896
103049.835
103031.4802
103032.3763
103034.1208
103036.042
103039.0232
103042.5089
103045.3469
103047.4256
103048.8293
103049.7131
103050.2207
103050.4746
103050.5764
103050.6024
103050.6041
103050.6202
103050.7135
103050.94
103051.1766
103051.2661
103051.1637
103050.8984
103050.1516
103049.2047
103048.284
103047.4014
103046.6504
103046.0047
103045.2797
103044.178
103042.5254
103040.6821
103039.3934
103041.1688
103045.4833
103050.1843
103053.5122
103054.8533
103052.8646
103040.6833
103025.7416
103007.4064
103010.1469
103013.3352
103017.3443
103021.919
103026.0467
103029.3688
103031.8273
103033.583
103034.8512
103035.799
103036.5093
103037.0083
103037.3194
103037.5017
103037.6519
103037.8509
103038.0409
103038.0815
103037.9193
103037.2222
103035.3756
103033.1538
103030.5553
103027.6763
103024.6418
103021.3387
103017.3581
103012.0727
103005.0547
102997.1599
102991.1141
102989.2075
103006.5794
103025.0738
103037.4813
103041.7784
103042.6858
103031.8137
103020.5042
102976.5601
102979.7209
102983.0082
102986.0386
102989.6248
102993.4373
102997.049
103000.2404
103003.0037
103005.4606
103007.6984
103009.6745
103011.2497
103012.3161
103012.8948
103013.1448
103013.2577
103013.3527
103013.4373
103013.3576
103012.4274
103009.8437
103006.2979
103001.6254
102995.9055
102989.0299
102980.5618
102969.4436
102954.0105
102932.7956
102907.3469
102885.216
102875.2006
102899.4421
102956.9119
103005.1236
103026.5577
103031.5975
103023.7963
103014.9321
102936.2106
102938.1133
102938.7718
102936.5841
102933.8339
102931.8173
102930.7435
102930.6138
102931.0926
102931.9774
102933.1538
102934.5946
102936.2064
102937.7413
102938.8724
102939.4786
102939.6525
102939.5205
102939.5007
102939.9212
102940.6735
102940.9533
102939.1538
102936.0412
102931.8515
102926.2245
102918.5401
102906.5563
102886.9537
102856.2668
102815.7125
102775.8969
102751.0234
102746.4689
102812.2728
102914.9656
102993.5157
103018.7293
103015.8111
103006.8157
102875.3296
102871.8127
102865.2022
102854.4945
102842.27
102830.1002
102818.695
102808.5465
102799.899
102792.4626
102786.0985
102780.9558
102777.1782
102774.6565
102773.0452
102771.8854
102770.6407
102769.0152
102767.3928
102766.413
102766.1244
102767.432
102770.1478
102773.9631
102779.6926
102787.2013
102796.1899
102803.4591
102805.8881
102790.9849
102765.3266
102731.3192
102693.8308
102673.2451
102673.0026
102752.1301
102888.8056
102986.7772
103005.2399
102990.8241
102751.738
102739.6533
102728.1664
102721.6963
102718.1985
102714.3429
102709.1067
102702.5111
102694.9126
102686.7812
102678.8873
102671.8699
102666.1461
102661.7776
102658.5716
102656.3462
102654.8313
102653.4861
102651.5564
102648.5891
102644.9145
102641.0534
102637.4669
102635.0706
102634.3492
102639.2663
102649.0492
102663.3999
102680.6822
102694.3773
102699.0167
102689.5851
102672.3638
102655.5207
102632.7527
102632.4079
102709.0998
102863.383
102962.8671
102953.8801
102611.6483
102612.8176
102613.9736
102615.9949
102619.157
102623.4413
102627.7785
102631.2657
102633.1004
102633.2395
102632.3397
102630.3785
102627.9433
102625.5048
102623.3236
102621.4408
102619.6929
102617.7794
102615.4265
102612.688
102609.9465
102607.27
102604.5055
102602.153
102600.8069
102600.3603
102601.055
102602.7659
102605.992
102611.5154
102619.1221
102626.1374
102629.3892
102625.484
102619.3675
102608.7405
102608.5384
102650.5878
102738.2345
102795.3473
102598.6841
102598.6787
102598.8058
102599.0528
102599.4212
102599.9644
102600.7277
102601.7344
102603.0723
102604.6596
102606.2648
102607.6545
102608.6222
102609.0894
102609.2086
102609.2646
102609.3471
102609.2068
102608.1999
102605.7317
102602.6679
102600.6187
102599.3909
102598.6559
102598.3936
102598.3205
102598.3001
102598.2983
102598.298
102598.305
102598.3498
102598.5336
102598.9942
102599.984
102601.5308
102600.9884
102599.3282
102598.3896
102598.2881
102598.2941
102598.5741
102598.4733
102598.424
102598.4053
102598.4056
102598.4229
102598.4677
102598.5532
102598.6929
102598.8999
102599.192
102599.5826
102600.1
102600.7138
102601.3834
102602.1951
102603.3081
102604.3628
102604.3831
102603.1714
102600.6285
102598.9823
102598.4821
102598.3216
102598.2828
102598.2717
102598.2695
102598.269
102598.2683
102598.2668
102598.2656
102598.2644
102598.264
102598.2613
102598.2584
102598.2637
102598.26
102598.2603
102598.2661
102598.2647
102598.509
102598.3994
102598.35
102598.329
102598.3208
102598.3195
102598.3269
102598.346
102598.3792
102598.4308
102598.5079
102598.6211
102598.7836
102599.0136
102599.3446
102599.8474
102600.6266
102601.5704
102601.8564
102601.1153
102599.3124
102598.4165
102598.2877
102598.2588
102598.2464
102598.24
102598.2373
102598.2363
102598.2359
102598.2355
102598.2346
102598.234
102598.2335
102598.2335
102598.2345
102598.2332
102598.2333
102598.234
102598.2315
102598.2325
102598.4582
102598.3468
102598.2954
102598.2746
102598.2634
102598.2587
102598.26
102598.2677
102598.2815
102598.3039
102598.3383
102598.3919
102598.4739
102598.5963
102598.7796
102599.0601
102599.472
102599.8932
102599.9198
102599.2812
102598.4301
102598.234
102598.2248
102598.2196
102598.2123
102598.2069
102598.2048
102598.2042
102598.2038
102598.203
102598.2022
102598.2014
102598.201
102598.201
102598.2009
102598.2014
102598.2013
102598.2007
102598.2012
102598.2008
102598.4138
102598.3013
102598.249
102598.2264
102598.2137
102598.2074
102598.2048
102598.2055
102598.2081
102598.2137
102598.2245
102598.2443
102598.2777
102598.328
102598.3988
102598.4919
102598.591
102598.6516
102598.5555
102598.3118
102598.1737
102598.1763
102598.1828
102598.1816
102598.1769
102598.1736
102598.1726
102598.1723
102598.172
102598.1716
102598.1711
102598.1706
102598.1702
102598.1697
102598.1694
102598.1693
102598.1693
102598.1692
102598.1693
102598.1698
102598.3738
102598.2607
102598.2068
102598.1836
102598.1719
102598.1662
102598.1627
102598.1598
102598.1573
102598.1553
102598.1543
102598.1545
102598.1558
102598.1585
102598.1618
102598.1641
102598.1612
102598.1515
102598.1254
102598.1105
102598.123
102598.1379
102598.1437
102598.1442
102598.1422
102598.1409
102598.1405
102598.1402
102598.1399
102598.1395
102598.139
102598.1387
102598.1384
102598.1383
102598.1383
102598.1382
102598.1382
102598.138
102598.1377
102598.1376
102598.3357
102598.2229
102598.1675
102598.1452
102598.1357
102598.1313
102598.1279
102598.1243
102598.1204
102598.1163
102598.112
102598.1073
102598.102
102598.0957
102598.088
102598.0789
102598.0701
102598.0644
102598.0664
102598.0775
102598.0924
102598.1023
102598.1072
102598.1087
102598.1087
102598.1085
102598.1083
102598.1082
102598.108
102598.1077
102598.1074
102598.1072
102598.1069
102598.1067
102598.1065
102598.1065
102598.1064
102598.1065
102598.1066
102598.1066
102598.298
102598.187
102598.1305
102598.1096
102598.1018
102598.098
102598.0947
102598.0911
102598.0871
102598.0828
102598.0783
102598.0733
102598.0678
102598.0615
102598.0546
102598.0475
102598.0418
102598.0397
102598.0435
102598.0523
102598.0618
102598.0687
102598.0729
102598.075
102598.0757
102598.0761
102598.0761
102598.0761
102598.076
102598.0758
102598.0756
102598.0754
102598.0753
102598.0751
102598.075
102598.075
102598.0749
102598.0748
102598.0747
102598.0748
102598.2601
102598.1525
102598.095
102598.0754
102598.0684
102598.0648
102598.0614
102598.0578
102598.0539
102598.0497
102598.0453
102598.0407
102598.0357
102598.0304
102598.0249
102598.0199
102598.0163
102598.0157
102598.0189
102598.0248
102598.0312
102598.0362
102598.0398
102598.042
102598.0431
102598.0437
102598.044
102598.0441
102598.0441
102598.044
102598.0439
102598.0437
102598.0436
102598.0435
102598.0434
102598.0434
102598.0434
102598.0434
102598.0434
102598.0433
102598.2214
102598.1189
102598.0605
102598.0416
102598.035
102598.0314
102598.028
102598.0244
102598.0205
102598.0166
102598.0125
102598.0083
102598.004
102597.9996
102597.9954
102597.9918
102597.9896
102597.9895
102597.9918
102597.9958
102598.0003
102598.0043
102598.0074
102598.0095
102598.0107
102598.0114
102598.0119
102598.0121
102598.0121
102598.0122
102598.0121
102598.012
102598.012
102598.0119
102598.0118
102598.0118
102598.0118
102598.0117
102598.0117
102598.0117
102598.1818
102598.086
102598.0266
102598.008
102598.0015
102597.9978
102597.9944
102597.9908
102597.987
102597.9833
102597.9795
102597.9757
102597.972
102597.9685
102597.9652
102597.9626
102597.961
102597.961
102597.9628
102597.9658
102597.9694
102597.9726
102597.9753
102597.9772
102597.9785
102597.9793
102597.9798
102597.9801
102597.9803
102597.9803
102597.9804
102597.9803
102597.9803
102597.9803
102597.9802
102597.9802
102597.9802
102597.9802
102597.9802
102597.9802
102598.1407
102598.0537
102597.9932
102597.9744
102597.9678
102597.9642
102597.9607
102597.957
102597.9534
102597.9497
102597.9461
102597.9427
102597.9395
102597.9366
102597.934
102597.9321
102597.9311
102597.9314
102597.933
102597.9355
102597.9384
102597.9412
102597.9434
102597.9452
102597.9464
102597.9472
102597.9478
102597.9482
102597.9484
102597.9485
102597.9486
102597.9486
102597.9486
102597.9486
102597.9486
102597.9486
102597.9486
102597.9486
102597.9486
102597.9486
102598.0977
102598.0232
102597.9604
102597.9408
102597.934
102597.9304
102597.9269
102597.9233
102597.9197
102597.9161
102597.9127
102597.9096
102597.9068
102597.9044
102597.9025
102597.9012
102597.9008
102597.9014
102597.903
102597.9051
102597.9075
102597.9098
102597.9117
102597.9133
102597.9145
102597.9153
102597.9159
102597.9163
102597.9166
102597.9168
102597.9169
102597.9169
102597.917
102597.917
102597.917
102597.917
102597.917
102597.917
102597.917
102597.917
102598.0516
102597.9945
102597.9283
102597.9074
102597.9002
102597.8967
102597.8932
102597.8896
102597.886
102597.8825
102597.8793
102597.8765
102597.8743
102597.8725
102597.8712
102597.8706
102597.8706
102597.8714
102597.8728
102597.8746
102597.8766
102597.8785
102597.8801
102597.8815
102597.8826
102597.8834
102597.8841
102597.8845
102597.8848
102597.885
102597.8852
102597.8853
102597.8853
102597.8854
102597.8854
102597.8854
102597.8854
102597.8854
102597.8854
102597.8854
102598.0012
102597.9663
102597.8969
102597.8742
102597.8665
102597.863
102597.8594
102597.8558
102597.8523
102597.849
102597.8462
102597.8439
102597.8423
102597.8411
102597.8404
102597.8402
102597.8405
102597.8412
102597.8424
102597.8439
102597.8456
102597.8472
102597.8486
102597.8499
102597.8509
102597.8517
102597.8523
102597.8527
102597.853
102597.8533
102597.8535
102597.8536
102597.8537
102597.8537
102597.8538
102597.8538
102597.8538
102597.8538
102597.8538
102597.8538
102597.9468
102597.9363
102597.8661
102597.841
102597.8329
102597.8292
102597.8256
102597.822
102597.8186
102597.8158
102597.8136
102597.812
102597.8109
102597.8102
102597.8099
102597.8099
102597.8102
102597.8109
102597.8119
102597.8132
102597.8146
102597.8159
102597.8172
102597.8183
102597.8192
102597.8199
102597.8205
102597.821
102597.8213
102597.8216
102597.8218
102597.8219
102597.822
102597.8221
102597.8222
102597.8222
102597.8222
102597.8222
102597.8223
102597.8223
102597.8919
102597.9011
102597.8348
102597.8072
102597.7995
102597.7955
102597.7917
102597.7882
102597.7853
102597.7831
102597.7816
102597.7806
102597.7799
102597.7795
102597.7794
102597.7794
102597.7798
102597.7804
102597.7813
102597.7824
102597.7835
102597.7847
102597.7858
102597.7868
102597.7876
102597.7883
102597.7889
102597.7893
102597.7896
102597.7899
102597.7901
102597.7903
102597.7904
102597.7905
102597.7905
102597.7906
102597.7906
102597.7907
102597.7907
102597.7907
102597.8388
102597.8571
102597.8023
102597.7719
102597.7659
102597.7616
102597.7578
102597.7548
102597.7527
102597.7512
102597.7502
102597.7496
102597.7491
102597.7489
102597.7488
102597.7489
102597.7492
102597.7498
102597.7505
102597.7515
102597.7524
102597.7534
102597.7544
102597.7553
102597.756
102597.7567
102597.7572
102597.7576
102597.758
102597.7583
102597.7585
102597.7586
102597.7588
102597.7589
102597.7589
102597.759
102597.759
102597.7591
102597.7591
102597.7591
102597.7846
102597.806
102597.768
102597.7372
102597.732
102597.7277
102597.7244
102597.7222
102597.7208
102597.7198
102597.7192
102597.7187
102597.7184
102597.7182
102597.7181
102597.7182
102597.7185
102597.719
102597.7197
102597.7205
102597.7213
102597.7222
102597.723
102597.7238
102597.7245
102597.7251
102597.7256
102597.726
102597.7264
102597.7266
102597.7269
102597.727
102597.7272
102597.7273
102597.7273
102597.7274
102597.7275
102597.7275
102597.7275
102597.7275
102597.7255
102597.7488
102597.7265
102597.7028
102597.6978
102597.6942
102597.6918
102597.6903
102597.6894
102597.6887
102597.6882
102597.6878
102597.6875
102597.6874
102597.6873
102597.6875
102597.6878
102597.6882
102597.6888
102597.6895
102597.6902
102597.691
102597.6917
102597.6924
102597.693
102597.6936
102597.694
102597.6944
102597.6948
102597.695
102597.6952
102597.6954
102597.6956
102597.6957
102597.6958
102597.6958
102597.6959
102597.6959
102597.6959
102597.6959
102597.6756
102597.6888
102597.6794
102597.668
102597.6639
102597.6614
102597.6599
102597.6589
102597.6583
102597.6577
102597.6573
102597.6569
102597.6567
102597.6565
102597.6565
102597.6566
102597.6569
102597.6573
102597.6578
102597.6584
102597.659
102597.6597
102597.6604
102597.661
102597.6615
102597.662
102597.6625
102597.6629
102597.6632
102597.6634
102597.6637
102597.6638
102597.664
102597.6641
102597.6642
102597.6642
102597.6643
102597.6643
102597.6644
102597.6644
102597.637
102597.6404
102597.638
102597.6335
102597.6308
102597.6293
102597.6284
102597.6277
102597.6271
102597.6266
102597.6262
102597.6259
102597.6257
102597.6256
102597.6256
102597.6257
102597.626
102597.6263
102597.6268
102597.6273
102597.6279
102597.6284
102597.629
102597.6296
102597.6301
102597.6305
102597.631
102597.6313
102597.6316
102597.6319
102597.6321
102597.6322
102597.6324
102597.6325
102597.6326
102597.6327
102597.6327
102597.6328
102597.6328
102597.6328
102597.6018
102597.603
102597.6022
102597.6
102597.5986
102597.5978
102597.5971
102597.5965
102597.596
102597.5955
102597.5952
102597.5949
102597.5947
102597.5946
102597.5947
102597.5948
102597.595
102597.5953
102597.5957
102597.5962
102597.5967
102597.5972
102597.5977
102597.5982
102597.5986
102597.5991
102597.5994
102597.5998
102597.6001
102597.6003
102597.6005
102597.6007
102597.6008
102597.6009
102597.601
102597.6011
102597.6012
102597.6012
102597.6012
102597.6012
102597.5682
102597.5687
102597.5685
102597.5676
102597.5669
102597.5663
102597.5658
102597.5653
102597.5648
102597.5644
102597.5641
102597.5638
102597.5637
102597.5636
102597.5636
102597.5638
102597.564
102597.5642
102597.5646
102597.565
102597.5654
102597.5659
102597.5663
102597.5668
102597.5672
102597.5676
102597.5679
102597.5683
102597.5685
102597.5688
102597.569
102597.5691
102597.5693
102597.5694
102597.5695
102597.5695
102597.5696
102597.5696
102597.5697
102597.5697
102597.5359
102597.5361
102597.5361
102597.5358
102597.5354
102597.5349
102597.5344
102597.534
102597.5336
102597.5332
102597.5329
102597.5327
102597.5326
102597.5325
102597.5326
102597.5327
102597.5329
102597.5331
102597.5334
102597.5338
102597.5342
102597.5346
102597.535
102597.5354
102597.5358
102597.5361
102597.5365
102597.5367
102597.537
102597.5372
102597.5374
102597.5376
102597.5377
102597.5378
102597.5379
102597.538
102597.538
102597.5381
102597.5381
102597.5381
102597.5042
102597.5043
102597.5044
102597.5042
102597.5039
102597.5035
102597.5031
102597.5027
102597.5023
102597.502
102597.5018
102597.5016
102597.5015
102597.5014
102597.5015
102597.5016
102597.5017
102597.502
102597.5023
102597.5026
102597.5029
102597.5033
102597.5037
102597.504
102597.5044
102597.5047
102597.505
102597.5052
102597.5055
102597.5057
102597.5059
102597.506
102597.5062
102597.5063
102597.5064
102597.5064
102597.5065
102597.5065
102597.5066
102597.5066
102597.4727
102597.4727
102597.4728
102597.4727
102597.4724
102597.4721
102597.4717
102597.4714
102597.471
102597.4708
102597.4706
102597.4704
102597.4703
102597.4703
102597.4703
102597.4704
102597.4706
102597.4708
102597.471
102597.4713
102597.4716
102597.472
102597.4723
102597.4726
102597.4729
102597.4732
102597.4735
102597.4738
102597.474
102597.4742
102597.4744
102597.4745
102597.4746
102597.4747
102597.4748
102597.4749
102597.4749
102597.475
102597.475
102597.475
102597.4412
102597.4412
102597.4413
102597.4412
102597.4409
102597.4406
102597.4403
102597.44
102597.4398
102597.4395
102597.4393
102597.4392
102597.4391
102597.4391
102597.4392
102597.4393
102597.4394
102597.4396
102597.4398
102597.4401
102597.4403
102597.4406
102597.4409
102597.4412
102597.4415
102597.4418
102597.442
102597.4423
102597.4425
102597.4427
102597.4428
102597.443
102597.4431
102597.4432
102597.4433
102597.4434
102597.4434
102597.4434
102597.4435
102597.4435
102597.4097
102597.4097
102597.4097
102597.4096
102597.4094
102597.4092
102597.4089
102597.4087
102597.4084
102597.4083
102597.4081
102597.408
102597.4079
102597.4079
102597.408
102597.4081
102597.4082
102597.4084
102597.4086
102597.4088
102597.409
102597.4093
102597.4096
102597.4098
102597.4101
102597.4104
102597.4106
102597.4108
102597.411
102597.4112
102597.4113
102597.4115
102597.4116
102597.4117
102597.4118
102597.4118
102597.4119
102597.4119
102597.4119
102597.4119
102597.3782
102597.3782
102597.3782
102597.3781
102597.3779
102597.3777
102597.3775
102597.3773
102597.3771
102597.377
102597.3768
102597.3767
102597.3767
102597.3767
102597.3767
102597.3768
102597.3769
102597.3771
102597.3773
102597.3775
102597.3777
102597.378
102597.3782
102597.3785
102597.3787
102597.3789
102597.3791
102597.3793
102597.3795
102597.3797
102597.3798
102597.38
102597.3801
102597.3802
102597.3802
102597.3803
102597.3803
102597.3804
102597.3804
102597.3804
102597.3467
102597.3467
102597.3467
102597.3466
102597.3465
102597.3463
102597.3461
102597.3459
102597.3458
102597.3457
102597.3456
102597.3455
102597.3454
102597.3455
102597.3455
102597.3456
102597.3457
102597.3458
102597.346
102597.3462
102597.3464
102597.3466
102597.3468
102597.3471
102597.3473
102597.3475
102597.3477
102597.3479
102597.348
102597.3482
102597.3483
102597.3484
102597.3486
102597.3486
102597.3487
102597.3488
102597.3488
102597.3489
102597.3489
102597.3489
102597.3152
102597.3152
102597.3152
102597.3151
102597.315
102597.3149
102597.3147
102597.3146
102597.3144
102597.3143
102597.3143
102597.3142
102597.3142
102597.3142
102597.3142
102597.3143
102597.3144
102597.3145
102597.3147
102597.3149
102597.3151
102597.3153
102597.3155
102597.3157
102597.3159
102597.316
102597.3162
102597.3164
102597.3166
102597.3167
102597.3168
102597.3169
102597.317
102597.3171
102597.3172
102597.3173
102597.3173
102597.3173
102597.3174
102597.3174
102597.2838
102597.2838
102597.2837
102597.2837
102597.2836
102597.2834
102597.2833
102597.2832
102597.2831
102597.283
102597.2829
102597.2829
102597.2829
102597.2829
102597.2829
102597.283
102597.2831
102597.2832
102597.2834
102597.2835
102597.2837
102597.2839
102597.2841
102597.2843
102597.2844
102597.2846
102597.2848
102597.2849
102597.2851
102597.2852
102597.2853
102597.2855
102597.2856
102597.2856
102597.2857
102597.2858
102597.2858
102597.2858
102597.2859
102597.2859
102597.2523
102597.2523
102597.2523
102597.2522
102597.2521
102597.252
102597.2519
102597.2518
102597.2517
102597.2517
102597.2516
102597.2516
102597.2516
102597.2516
102597.2516
102597.2517
102597.2518
102597.2519
102597.252
102597.2522
102597.2523
102597.2525
102597.2527
102597.2529
102597.253
102597.2532
102597.2533
102597.2535
102597.2536
102597.2538
102597.2539
102597.254
102597.2541
102597.2541
102597.2542
102597.2543
102597.2543
102597.2543
102597.2543
102597.2544
102597.2208
102597.2208
102597.2208
102597.2208
102597.2207
102597.2206
102597.2205
102597.2205
102597.2204
102597.2203
102597.2203
102597.2203
102597.2203
102597.2203
102597.2203
102597.2204
102597.2205
102597.2206
102597.2207
102597.2208
102597.221
102597.2211
102597.2213
102597.2214
102597.2216
102597.2218
102597.2219
102597.222
102597.2222
102597.2223
102597.2224
102597.2225
102597.2226
102597.2226
102597.2227
102597.2228
102597.2228
102597.2228
102597.2228
102597.2229
102597.1894
102597.1894
102597.1894
102597.1893
102597.1893
102597.1892
102597.1891
102597.1891
102597.189
102597.189
102597.1889
102597.1889
102597.1889
102597.189
102597.189
102597.1891
102597.1891
102597.1892
102597.1894
102597.1895
102597.1896
102597.1897
102597.1899
102597.19
102597.1902
102597.1903
102597.1905
102597.1906
102597.1907
102597.1908
102597.1909
102597.191
102597.1911
102597.1911
102597.1912
102597.1913
102597.1913
102597.1913
102597.1913
102597.1913
102597.1579
102597.1579
102597.1579
102597.1579
102597.1578
102597.1578
102597.1577
102597.1577
102597.1576
102597.1576
102597.1576
102597.1576
102597.1576
102597.1576
102597.1577
102597.1577
102597.1578
102597.1579
102597.158
102597.1581
102597.1582
102597.1584
102597.1585
102597.1586
102597.1588
102597.1589
102597.159
102597.1591
102597.1592
102597.1593
102597.1594
102597.1595
102597.1596
102597.1597
102597.1597
102597.1598
102597.1598
102597.1598
102597.1598
102597.1599
102597.1265
102597.1265
102597.1265
102597.1265
102597.1264
102597.1264
102597.1263
102597.1263
102597.1263
102597.1262
102597.1262
102597.1262
102597.1262
102597.1263
102597.1263
102597.1264
102597.1264
102597.1265
102597.1266
102597.1267
102597.1268
102597.127
102597.1271
102597.1272
102597.1273
102597.1275
102597.1276
102597.1277
102597.1278
102597.1279
102597.128
102597.128
102597.1281
102597.1282
102597.1282
102597.1283
102597.1283
102597.1283
102597.1284
102597.1284
102597.0951
102597.0951
102597.095
102597.095
102597.095
102597.095
102597.0949
102597.0949
102597.0949
102597.0949
102597.0949
102597.0949
102597.0949
102597.0949
102597.095
102597.095
102597.0951
102597.0952
102597.0953
102597.0954
102597.0955
102597.0956
102597.0957
102597.0958
102597.0959
102597.096
102597.0961
102597.0962
102597.0963
102597.0964
102597.0965
102597.0966
102597.0966
102597.0967
102597.0967
102597.0968
102597.0968
102597.0968
102597.0969
102597.0969
102597.0636
102597.0636
102597.0636
102597.0636
102597.0636
102597.0636
102597.0635
102597.0635
102597.0635
102597.0635
102597.0635
102597.0635
102597.0635
102597.0635
102597.0636
102597.0636
102597.0637
102597.0638
102597.0639
102597.064
102597.0641
102597.0642
102597.0643
102597.0644
102597.0645
102597.0646
102597.0647
102597.0648
102597.0649
102597.065
102597.065
102597.0651
102597.0652
102597.0652
102597.0653
102597.0653
102597.0653
102597.0654
102597.0654
102597.0654
102597.0322
102597.0322
102597.0322
102597.0322
102597.0322
102597.0321
102597.0321
102597.0321
102597.0321
102597.0321
102597.0321
102597.0321
102597.0321
102597.0322
102597.0322
102597.0323
102597.0323
102597.0324
102597.0325
102597.0326
102597.0327
102597.0328
102597.0329
102597.033
102597.0331
102597.0332
102597.0332
102597.0333
102597.0334
102597.0335
102597.0336
102597.0336
102597.0337
102597.0337
102597.0338
102597.0338
102597.0339
102597.0339
102597.0339
102597.0339
102597.0008
102597.0008
102597.0008
102597.0008
102597.0008
102597.0007
102597.0007
102597.0007
102597.0007
102597.0007
102597.0007
102597.0007
102597.0008
102597.0008
102597.0008
102597.0009
102597.0009
102597.001
102597.0011
102597.0012
102597.0013
102597.0013
102597.0014
102597.0015
102597.0016
102597.0017
102597.0018
102597.0019
102597.002
102597.002
102597.0021
102597.0022
102597.0022
102597.0023
102597.0023
102597.0024
102597.0024
102597.0024
102597.0024
102597.0024
102596.9694
102596.9694
102596.9694
102596.9693
102596.9693
102596.9693
102596.9693
102596.9693
102596.9693
102596.9693
102596.9693
102596.9694
102596.9694
102596.9694
102596.9695
102596.9695
102596.9696
102596.9696
102596.9697
102596.9698
102596.9699
102596.9699
102596.97
102596.9701
102596.9702
102596.9703
102596.9704
102596.9704
102596.9705
102596.9706
102596.9707
102596.9707
102596.9708
102596.9708
102596.9709
102596.9709
102596.9709
102596.9709
102596.9709
102596.9709
102596.9379
102596.9379
102596.9379
102596.9379
102596.9379
102596.9379
102596.9379
102596.9379
102596.9379
102596.9379
102596.9379
102596.938
102596.938
102596.938
102596.9381
102596.9381
102596.9382
102596.9382
102596.9383
102596.9384
102596.9384
102596.9385
102596.9386
102596.9387
102596.9388
102596.9388
102596.9389
102596.939
102596.9391
102596.9391
102596.9392
102596.9393
102596.9393
102596.9393
102596.9394
102596.9394
102596.9394
102596.9395
102596.9395
102596.9395
102596.9065
102596.9065
102596.9065
102596.9065
102596.9065
102596.9065
102596.9065
102596.9065
102596.9065
102596.9065
102596.9065
102596.9066
102596.9066
102596.9066
102596.9067
102596.9067
102596.9068
102596.9068
102596.9069
102596.907
102596.907
102596.9071
102596.9072
102596.9073
102596.9073
102596.9074
102596.9075
102596.9076
102596.9076
102596.9077
102596.9077
102596.9078
102596.9078
102596.9079
102596.9079
102596.9079
102596.908
102596.908
102596.908
102596.908
102596.8751
102596.8751
102596.8751
102596.8751
102596.8751
102596.8751
102596.8751
102596.8751
102596.8751
102596.8751
102596.8751
102596.8752
102596.8752
102596.8752
102596.8753
102596.8753
102596.8754
102596.8754
102596.8755
102596.8755
102596.8756
102596.8757
102596.8758
102596.8758
102596.8759
102596.876
102596.876
102596.8761
102596.8762
102596.8762
102596.8763
102596.8763
102596.8764
102596.8764
102596.8765
102596.8765
102596.8765
102596.8765
102596.8765
102596.8765
102596.8437
102596.8437
102596.8437
102596.8437
102596.8437
102596.8437
102596.8437
102596.8437
102596.8437
102596.8437
102596.8437
102596.8438
102596.8438
102596.8438
102596.8439
102596.8439
102596.844
102596.844
102596.8441
102596.8441
102596.8442
102596.8443
102596.8443
102596.8444
102596.8445
102596.8445
102596.8446
102596.8447
102596.8447
102596.8448
102596.8448
102596.8449
102596.8449
102596.845
102596.845
102596.845
102596.845
102596.8451
102596.8451
102596.8451
102596.8123
102596.8123
102596.8123
102596.8123
102596.8123
102596.8123
102596.8123
102596.8123
102596.8123
102596.8123
102596.8123
102596.8124
102596.8124
102596.8124
102596.8125
102596.8125
102596.8125
102596.8126
102596.8127
102596.8127
102596.8128
102596.8128
102596.8129
102596.813
102596.813
102596.8131
102596.8132
102596.8132
102596.8133
102596.8133
102596.8134
102596.8134
102596.8135
102596.8135
102596.8135
102596.8136
102596.8136
102596.8136
102596.8136
102596.8136
102596.7808
102596.7808
102596.7808
102596.7808
102596.7808
102596.7808
102596.7809
102596.7809
102596.7809
102596.7809
102596.7809
102596.7809
102596.781
102596.781
102596.781
102596.7811
102596.7811
102596.7812
102596.7812
102596.7813
102596.7814
102596.7814
102596.7815
102596.7815
102596.7816
102596.7817
102596.7817
102596.7818
102596.7818
102596.7819
102596.7819
102596.782
102596.782
102596.782
102596.7821
102596.7821
102596.7821
102596.7821
102596.7821
102596.7821
102596.7494
102596.7494
102596.7494
102596.7494
102596.7494
102596.7494
102596.7494
102596.7494
102596.7495
102596.7495
102596.7495
102596.7495
102596.7496
102596.7496
102596.7496
102596.7497
102596.7497
102596.7498
102596.7498
102596.7499
102596.7499
102596.75
102596.75
102596.7501
102596.7502
102596.7502
102596.7503
102596.7503
102596.7504
102596.7504
102596.7505
102596.7505
102596.7506
102596.7506
102596.7506
102596.7506
102596.7507
102596.7507
102596.7507
102596.7507
102596.718
102596.718
102596.718
102596.718
102596.718
102596.718
102596.718
102596.718
102596.718
102596.7181
102596.7181
102596.7181
102596.7181
102596.7182
102596.7182
102596.7182
102596.7183
102596.7183
102596.7184
102596.7184
102596.7185
102596.7186
102596.7186
102596.7187
102596.7187
102596.7188
102596.7188
102596.7189
102596.7189
102596.719
102596.719
102596.7191
102596.7191
102596.7191
102596.7192
102596.7192
102596.7192
102596.7192
102596.7192
102596.7192
102596.6866
102596.6866
102596.6866
102596.6866
102596.6866
102596.6866
102596.6866
102596.6866
102596.6866
102596.6866
102596.6867
102596.6867
102596.6867
102596.6867
102596.6868
102596.6868
102596.6869
102596.6869
102596.687
102596.687
102596.6871
102596.6871
102596.6872
102596.6872
102596.6873
102596.6873
102596.6874
102596.6874
102596.6875
102596.6875
102596.6876
102596.6876
102596.6877
102596.6877
102596.6877
102596.6877
102596.6878
102596.6878
102596.6878
102596.6878
102596.6551
102596.6551
102596.6551
102596.6551
102596.6551
102596.6551
102596.6552
102596.6552
102596.6552
102596.6552
102596.6552
102596.6553
102596.6553
102596.6553
102596.6554
102596.6554
102596.6554
102596.6555
102596.6555
102596.6556
102596.6556
102596.6557
102596.6557
102596.6558
102596.6559
102596.6559
102596.656
102596.656
102596.6561
102596.6561
102596.6561
102596.6562
102596.6562
102596.6562
102596.6563
102596.6563
102596.6563
102596.6563
102596.6563
102596.6563
102596.6237
102596.6237
102596.6237
102596.6237
102596.6237
102596.6237
102596.6237
102596.6237
102596.6238
102596.6238
102596.6238
102596.6238
102596.6239
102596.6239
102596.6239
102596.624
102596.624
102596.6241
102596.6241
102596.6242
102596.6242
102596.6243
102596.6243
102596.6244
102596.6244
102596.6245
102596.6245
102596.6246
102596.6246
102596.6247
102596.6247
102596.6247
102596.6248
102596.6248
102596.6248
102596.6248
102596.6249
102596.6249
102596.6249
102596.6249
102596.5923
102596.5923
102596.5923
102596.5923
102596.5923
102596.5923
102596.5923
102596.5923
102596.5923
102596.5924
102596.5924
102596.5924
102596.5924
102596.5925
102596.5925
102596.5925
102596.5926
102596.5926
102596.5927
102596.5927
102596.5928
102596.5928
102596.5929
102596.5929
102596.593
102596.593
102596.5931
102596.5931
102596.5932
102596.5932
102596.5932
102596.5933
102596.5933
102596.5933
102596.5934
102596.5934
102596.5934
102596.5934
102596.5934
102596.5934
102596.5608
102596.5608
102596.5608
102596.5608
102596.5608
102596.5609
102596.5609
102596.5609
102596.5609
102596.5609
102596.5609
102596.561
102596.561
102596.561
102596.5611
102596.5611
102596.5611
102596.5612
102596.5612
102596.5613
102596.5613
102596.5614
102596.5614
102596.5615
102596.5615
102596.5616
102596.5616
102596.5617
102596.5617
102596.5618
102596.5618
102596.5618
102596.5619
102596.5619
102596.5619
102596.5619
102596.562
102596.562
102596.562
102596.562
102596.5294
102596.5294
102596.5294
102596.5294
102596.5294
102596.5294
102596.5294
102596.5294
102596.5295
102596.5295
102596.5295
102596.5295
102596.5296
102596.5296
102596.5296
102596.5297
102596.5297
102596.5298
102596.5298
102596.5298
102596.5299
102596.5299
102596.53
102596.53
102596.5301
102596.5301
102596.5302
102596.5302
102596.5303
102596.5303
102596.5304
102596.5304
102596.5304
102596.5305
102596.5305
102596.5305
102596.5305
102596.5305
102596.5305
102596.5305
102596.4979
102596.498
102596.498
102596.498
102596.498
102596.498
102596.498
102596.498
102596.498
102596.498
102596.4981
102596.4981
102596.4981
102596.4982
102596.4982
102596.4982
102596.4983
102596.4983
102596.4984
102596.4984
102596.4985
102596.4985
102596.4986
102596.4986
102596.4987
102596.4987
102596.4987
102596.4988
102596.4988
102596.4989
102596.4989
102596.499
102596.499
102596.499
102596.499
102596.4991
102596.4991
102596.4991
102596.4991
102596.4991
)
;

boundaryField
{
    front
    {
        type            wedge;
    }
    back
    {
        type            wedge;
    }
    tankWall
    {
        type            fixedFluxPressure;
        gradient        uniform 0;
        value           nonuniform List<scalar> 
120
(
103460.9136
103453.4554
103445.8556
103438.1959
103430.488
103422.7391
103414.9551
103407.1431
103399.306
103391.4483
103383.5717
103375.6779
103367.7681
103359.8437
103351.9058
103343.9552
103335.992
103328.0169
103320.0302
103312.0323
103304.0241
103296.0056
103287.977
103279.9385
103271.8904
103263.8334
103255.7686
103247.6966
103239.6171
103231.5299
103223.4351
103215.3325
103207.222
103199.105
103190.982
103182.8521
103174.7154
103166.5721
103158.422
103150.2652
103142.1018
103133.9317
103125.7556
103117.5751
103109.392
103101.2089
103093.0295
103084.8587
103076.7039
103068.5849
103060.5371
103052.618
103045.0174
103037.9262
103031.4802
103025.7416
103020.5042
103014.9321
103006.8157
102990.8241
102953.8801
102795.3473
102598.2941
102598.2647
102598.2325
102598.2008
102598.1698
102598.1376
102598.1066
102598.0748
102598.0433
102598.0117
102597.9802
102597.9486
102597.917
102597.8854
102597.8538
102597.8223
102597.7907
102597.7591
102597.7275
102597.6959
102597.6644
102597.6328
102597.6012
102597.5697
102597.5381
102597.5066
102597.475
102597.4435
102597.4119
102597.3804
102597.3489
102597.3174
102597.2859
102597.2544
102597.2229
102597.1913
102597.1599
102597.1284
102597.0969
102597.0654
102597.0339
102597.0024
102596.9709
102596.9395
102596.908
102596.8765
102596.8451
102596.8136
102596.7821
102596.7507
102596.7192
102596.6878
102596.6563
102596.6249
102596.5934
102596.562
102596.5305
102596.4991
)
;
    }
    bottom
    {
        type            fixedFluxPressure;
        gradient        uniform 0;
        value           nonuniform List<scalar> 
40
(
103461.7184
103461.7165
103461.7118
103461.7045
103461.6947
103461.6825
103461.6681
103461.6515
103461.6329
103461.6124
103461.5903
103461.5667
103461.5419
103461.5159
103461.4891
103461.4616
103461.4338
103461.4057
103461.3775
103461.3496
103461.3221
103461.2952
103461.269
103461.2437
103461.2195
103461.1964
103461.1747
103461.1543
103461.1354
103461.118
103461.1021
103461.0878
103461.075
103461.0637
103461.0537
103461.0447
103461.0377
103461.0265
103461.035
103460.9136
)
;
    }
    top
    {
        type            fixedFluxPressure;
        gradient        uniform 0;
        value           nonuniform List<scalar> 
40
(
102596.4979
102596.498
102596.498
102596.498
102596.498
102596.498
102596.498
102596.498
102596.498
102596.498
102596.4981
102596.4981
102596.4981
102596.4982
102596.4982
102596.4982
102596.4983
102596.4983
102596.4984
102596.4984
102596.4985
102596.4985
102596.4986
102596.4986
102596.4987
102596.4987
102596.4987
102596.4988
102596.4988
102596.4989
102596.4989
102596.499
102596.499
102596.499
102596.499
102596.4991
102596.4991
102596.4991
102596.4991
102596.4991
)
;
    }
    axis
    {
        type            empty;
    }
}


// ************************************************************************* //
