/*--------------------------------*- C++ -*----------------------------------*\
| =========                 |                                                 |
| \\      /  F ield         | OpenFOAM: The Open Source CFD Toolbox           |
|  \\    /   O peration     | Version:  v1912                                 |
|   \\  /    A nd           | Website:  www.openfoam.com                      |
|    \\/     M anipulation  |                                                 |
\*---------------------------------------------------------------------------*/
FoamFile
{
    version     2.0;
    format      ascii;
    class       volScalarField;
    location    "0.6";
    object      p;
}
// * * * * * * * * * * * * * * * * * * * * * * * * * * * * * * * * * * * * * //

dimensions      [1 -1 -2 0 0 0 0];


internalField   nonuniform List<scalar> 
4800
(
102571.9726
102571.9712
102571.9682
102571.9635
102571.9573
102571.9496
102571.9403
102571.9297
102571.9177
102571.9044
102571.8899
102571.8743
102571.8577
102571.8401
102571.8217
102571.8026
102571.7829
102571.7627
102571.7422
102571.7214
102571.7005
102571.6797
102571.6591
102571.6387
102571.6188
102571.5994
102571.5807
102571.5628
102571.5457
102571.5297
102571.5147
102571.5009
102571.4883
102571.477
102571.4669
102571.458
102571.4509
102571.4404
102571.452
102571.3698
102557.2599
102557.2586
102557.2555
102557.2509
102557.2446
102557.2368
102557.2276
102557.2169
102557.2049
102557.1915
102557.177
102557.1613
102557.1446
102557.127
102557.1085
102557.0893
102557.0695
102557.0493
102557.0286
102557.0078
102556.9869
102556.966
102556.9452
102556.9248
102556.9048
102556.8853
102556.8665
102556.8485
102556.8314
102556.8153
102556.8003
102556.7864
102556.7738
102556.7624
102556.7524
102556.7435
102556.7361
102556.7271
102556.7329
102556.6802
102542.5485
102542.5472
102542.5441
102542.5394
102542.5331
102542.5253
102542.516
102542.5052
102542.4931
102542.4797
102542.465
102542.4492
102542.4324
102542.4146
102542.396
102542.3767
102542.3568
102542.3364
102542.3156
102542.2946
102542.2735
102542.2524
102542.2315
102542.2109
102542.1908
102542.1711
102542.1522
102542.134
102542.1168
102542.1005
102542.0854
102542.0714
102542.0587
102542.0473
102542.0372
102542.0284
102542.021
102542.0139
102542.0163
102541.9311
102527.8384
102527.8371
102527.834
102527.8293
102527.8229
102527.815
102527.8056
102527.7947
102527.7825
102527.7689
102527.7541
102527.7381
102527.7211
102527.7032
102527.6843
102527.6648
102527.6447
102527.624
102527.603
102527.5818
102527.5604
102527.5391
102527.518
102527.4971
102527.4767
102527.4568
102527.4377
102527.4193
102527.4018
102527.3854
102527.37
102527.3559
102527.343
102527.3315
102527.3213
102527.3126
102527.3053
102527.2993
102527.3002
102527.1939
102513.1296
102513.1283
102513.1252
102513.1204
102513.1139
102513.1059
102513.0964
102513.0853
102513.0729
102513.0592
102513.0441
102513.028
102513.0107
102512.9925
102512.9734
102512.9536
102512.9331
102512.9122
102512.8909
102512.8693
102512.8476
102512.826
102512.8045
102512.7833
102512.7626
102512.7424
102512.7229
102512.7042
102512.6865
102512.6698
102512.6542
102512.6398
102512.6267
102512.615
102512.6048
102512.596
102512.5887
102512.5834
102512.5827
102512.4608
102498.4221
102498.4208
102498.4176
102498.4128
102498.4062
102498.3981
102498.3883
102498.3771
102498.3645
102498.3505
102498.3352
102498.3188
102498.3012
102498.2827
102498.2633
102498.2431
102498.2222
102498.2009
102498.1792
102498.1572
102498.1351
102498.1131
102498.0912
102498.0696
102498.0484
102498.0279
102498.008
102497.9889
102497.9708
102497.9537
102497.9378
102497.9231
102497.9098
102497.8979
102497.8874
102497.8786
102497.8712
102497.8663
102497.8644
102497.728
102483.716
102483.7147
102483.7115
102483.7065
102483.6998
102483.6915
102483.6816
102483.6702
102483.6573
102483.643
102483.6274
102483.6106
102483.5927
102483.5737
102483.5539
102483.5333
102483.512
102483.4902
102483.468
102483.4455
102483.4229
102483.4004
102483.378
102483.3559
102483.3343
102483.3132
102483.2928
102483.2733
102483.2548
102483.2373
102483.221
102483.2059
102483.1923
102483.1801
102483.1694
102483.1604
102483.1528
102483.1479
102483.1443
102482.9961
102469.0113
102469.0099
102469.0066
102469.0015
102468.9947
102468.9862
102468.9761
102468.9644
102468.9512
102468.9366
102468.9206
102468.9034
102468.885
102468.8657
102468.8453
102468.8242
102468.8024
102468.78
102468.7573
102468.7342
102468.7111
102468.6879
102468.665
102468.6423
102468.6201
102468.5984
102468.5775
102468.5574
102468.5384
102468.5204
102468.5036
102468.4881
102468.4741
102468.4615
102468.4506
102468.4413
102468.4335
102468.4286
102468.4232
102468.2649
102454.308
102454.3066
102454.3032
102454.298
102454.291
102454.2823
102454.2719
102454.2599
102454.2463
102454.2313
102454.2149
102454.1973
102454.1784
102454.1585
102454.1376
102454.1159
102454.0935
102454.0705
102454.0471
102454.0234
102453.9996
102453.9757
102453.9521
102453.9287
102453.9058
102453.8835
102453.862
102453.8413
102453.8216
102453.803
102453.7857
102453.7697
102453.7552
102453.7423
102453.731
102453.7214
102453.7133
102453.7087
102453.7025
102453.5334
102439.6061
102439.6047
102439.6013
102439.5959
102439.5887
102439.5797
102439.569
102439.5567
102439.5427
102439.5273
102439.5104
102439.4922
102439.4728
102439.4523
102439.4308
102439.4084
102439.3853
102439.3616
102439.3374
102439.313
102439.2884
102439.2638
102439.2394
102439.2152
102439.1916
102439.1685
102439.1463
102439.1249
102439.1045
102439.0853
102439.0673
102439.0508
102439.0357
102439.0223
102439.0106
102439.0007
102438.9924
102438.9878
102438.9814
102438.8018
102424.9057
102424.9044
102424.9008
102424.8952
102424.8878
102424.8786
102424.8675
102424.8548
102424.8404
102424.8245
102424.8071
102424.7883
102424.7683
102424.7471
102424.7248
102424.7017
102424.6778
102424.6533
102424.6283
102424.603
102424.5776
102424.5521
102424.5268
102424.5019
102424.4773
102424.4535
102424.4304
102424.4082
102424.387
102424.3671
102424.3484
102424.3312
102424.3156
102424.3016
102424.2893
102424.2791
102424.2704
102424.2659
102424.2594
102424.0696
102410.207
102410.2055
102410.2018
102410.1961
102410.1885
102410.1789
102410.1675
102410.1543
102410.1395
102410.123
102410.105
102410.0855
102410.0648
102410.0428
102410.0198
102409.9959
102409.9711
102409.9457
102409.9198
102409.8936
102409.8672
102409.8408
102409.8145
102409.7886
102409.7631
102409.7383
102409.7143
102409.6912
102409.6692
102409.6484
102409.629
102409.6111
102409.5947
102409.5801
102409.5673
102409.5565
102409.5475
102409.5427
102409.5361
102409.3369
102395.5098
102395.5083
102395.5045
102395.4986
102395.4906
102395.4808
102395.4689
102395.4553
102395.4399
102395.4228
102395.4042
102395.384
102395.3625
102395.3397
102395.3158
102395.2909
102395.2652
102395.2388
102395.2119
102395.1846
102395.1572
102395.1297
102395.1024
102395.0754
102395.0489
102395.023
102394.998
102394.9739
102394.951
102394.9293
102394.909
102394.8903
102394.8732
102394.8578
102394.8443
102394.8329
102394.8234
102394.8181
102394.8115
102394.6032
102380.8143
102380.8128
102380.8088
102380.8027
102380.7945
102380.7842
102380.7719
102380.7578
102380.7418
102380.7241
102380.7047
102380.6837
102380.6613
102380.6377
102380.6128
102380.5869
102380.5602
102380.5327
102380.5047
102380.4762
102380.4476
102380.419
102380.3905
102380.3623
102380.3347
102380.3077
102380.2816
102380.2564
102380.2325
102380.2098
102380.1886
102380.1689
102380.1509
102380.1347
102380.1205
102380.1084
102380.0983
102380.0924
102380.0854
102379.8685
102366.1205
102366.119
102366.1149
102366.1085
102366.1
102366.0893
102366.0766
102366.0618
102366.0452
102366.0268
102366.0066
102365.9848
102365.9615
102365.9368
102365.9109
102365.8839
102365.856
102365.8273
102365.7981
102365.7684
102365.7385
102365.7086
102365.6789
102365.6494
102365.6205
102365.5923
102365.565
102365.5387
102365.5136
102365.4898
102365.4675
102365.4469
102365.428
102365.4109
102365.3958
102365.3829
102365.372
102365.3654
102365.3577
102365.1327
102351.4286
102351.427
102351.4228
102351.4161
102351.4072
102351.3961
102351.3829
102351.3675
102351.3502
102351.331
102351.3099
102351.2872
102351.2629
102351.2372
102351.2101
102351.1819
102351.1528
102351.1228
102351.0922
102351.0612
102351.03
102350.9987
102350.9675
102350.9367
102350.9064
102350.8768
102350.8482
102350.8206
102350.7943
102350.7694
102350.746
102350.7243
102350.7043
102350.6863
102350.6702
102350.6564
102350.6445
102350.6369
102350.6282
102350.3962
102336.7386
102336.737
102336.7325
102336.7256
102336.7163
102336.7047
102336.6909
102336.6749
102336.6569
102336.6368
102336.6148
102336.5911
102336.5657
102336.5388
102336.5105
102336.4811
102336.4505
102336.4192
102336.3872
102336.3547
102336.3219
102336.2891
102336.2564
102336.2241
102336.1924
102336.1613
102336.1313
102336.1023
102336.0747
102336.0485
102336.0239
102336.001
102335.98
102335.9609
102335.9438
102335.9289
102335.916
102335.9073
102335.8968
102335.6586
102322.0506
102322.0489
102322.0443
102322.037
102322.0274
102322.0153
102322.0009
102321.9842
102321.9653
102321.9443
102321.9214
102321.8965
102321.87
102321.8418
102321.8122
102321.7813
102321.7494
102321.7165
102321.6829
102321.6488
102321.6144
102321.58
102321.5457
102321.5117
102321.4784
102321.4458
102321.4142
102321.3838
102321.3547
102321.3271
102321.3012
102321.2771
102321.2549
102321.2347
102321.2165
102321.2005
102321.1865
102321.1765
102321.1636
102320.92
102307.3647
102307.3629
102307.3581
102307.3505
102307.3404
102307.3278
102307.3127
102307.2953
102307.2755
102307.2536
102307.2296
102307.2036
102307.1758
102307.1463
102307.1152
102307.0828
102307.0493
102307.0148
102306.9795
102306.9437
102306.9075
102306.8713
102306.8353
102306.7996
102306.7645
102306.7302
102306.697
102306.6649
102306.6344
102306.6053
102306.578
102306.5526
102306.5291
102306.5077
102306.4883
102306.4711
102306.4559
102306.4446
102306.4289
102306.1805
102292.681
102292.6791
102292.674
102292.6662
102292.6556
102292.6424
102292.6266
102292.6084
102292.5877
102292.5648
102292.5396
102292.5124
102292.4832
102292.4522
102292.4196
102292.3856
102292.3504
102292.3141
102292.277
102292.2393
102292.2013
102292.1632
102292.1252
102292.0876
102292.0507
102292.0146
102291.9796
102291.9459
102291.9136
102291.8831
102291.8543
102291.8275
102291.8027
102291.78
102291.7594
102291.741
102291.7245
102291.7116
102291.6929
102291.4403
102277.9996
102277.9976
102277.9923
102277.9841
102277.973
102277.9592
102277.9427
102277.9236
102277.902
102277.8779
102277.8515
102277.8229
102277.7923
102277.7598
102277.7255
102277.6898
102277.6527
102277.6145
102277.5755
102277.5358
102277.4958
102277.4556
102277.4156
102277.376
102277.337
102277.2989
102277.262
102277.2265
102277.1925
102277.1603
102277.13
102277.1017
102277.0755
102277.0515
102277.0297
102277.01
102276.9922
102276.9777
102276.9559
102276.6998
102263.3206
102263.3185
102263.313
102263.3044
102263.2928
102263.2783
102263.2611
102263.241
102263.2184
102263.1931
102263.1654
102263.1354
102263.1032
102263.0691
102263.033
102262.9954
102262.9564
102262.9162
102262.875
102262.8332
102262.7909
102262.7486
102262.7064
102262.6645
102262.6234
102262.5833
102262.5443
102262.5068
102262.471
102262.437
102262.405
102262.3752
102262.3476
102262.3222
102262.2991
102262.2782
102262.2593
102262.2432
102262.2181
102261.9594
102248.6442
102248.642
102248.6362
102248.6271
102248.615
102248.5999
102248.5818
102248.5608
102248.537
102248.5105
102248.4814
102248.4499
102248.4161
102248.3801
102248.3422
102248.3026
102248.2615
102248.219
102248.1756
102248.1315
102248.0869
102248.0422
102247.9976
102247.9534
102247.91
102247.8676
102247.8264
102247.7868
102247.749
102247.7132
102247.6795
102247.6481
102247.619
102247.5922
102247.5679
102247.5458
102247.5258
102247.5084
102247.4794
102247.2193
102233.9704
102233.9681
102233.962
102233.9526
102233.9399
102233.924
102233.905
102233.883
102233.8581
102233.8303
102233.7997
102233.7666
102233.731
102233.6931
102233.6532
102233.6114
102233.568
102233.5233
102233.4774
102233.4308
102233.3837
102233.3364
102233.2893
102233.2426
102233.1967
102233.1518
102233.1084
102233.0666
102233.0266
102232.9888
102232.9533
102232.9202
102232.8896
102232.8615
102232.8358
102232.8125
102232.7914
102232.7726
102232.7411
102232.4799
102219.2994
102219.297
102219.2906
102219.2807
102219.2675
102219.2508
102219.2309
102219.2079
102219.1817
102219.1525
102219.1204
102219.0855
102219.048
102219.0082
102218.9661
102218.922
102218.8762
102218.8289
102218.7805
102218.7312
102218.6814
102218.6314
102218.5815
102218.5321
102218.4835
102218.4361
102218.3901
102218.3459
102218.3037
102218.2638
102218.2264
102218.1916
102218.1594
102218.1299
102218.1029
102218.0785
102218.0561
102218.0359
102218.0032
102217.7411
102204.6314
102204.6289
102204.6222
102204.6118
102204.5979
102204.5805
102204.5597
102204.5354
102204.508
102204.4773
102204.4435
102204.4068
102204.3674
102204.3254
102204.281
102204.2345
102204.1861
102204.1361
102204.0849
102204.0328
102203.98
102203.9271
102203.8742
102203.8219
102203.7704
102203.7202
102203.6716
102203.6249
102203.5803
102203.5382
102203.4987
102203.4621
102203.4283
102203.3974
102203.3693
102203.3438
102203.3204
102203.2992
102203.2645
102203.0027
102189.9665
102189.9638
102189.9568
102189.946
102189.9314
102189.9132
102189.8913
102189.8659
102189.8371
102189.8048
102189.7694
102189.7308
102189.6892
102189.6449
102189.5981
102189.5489
102189.4978
102189.445
102189.3908
102189.3355
102189.2797
102189.2235
102189.1675
102189.1121
102189.0575
102189.0043
102188.9528
102188.9034
102188.8563
102188.8118
102188.7703
102188.7317
102188.6963
102188.664
102188.6348
102188.6083
102188.5842
102188.5623
102188.5255
102188.2645
102175.3049
102175.3021
102175.2947
102175.2834
102175.2681
102175.249
102175.2261
102175.1995
102175.1692
102175.1354
102175.098
102175.0574
102175.0136
102174.9669
102174.9175
102174.8655
102174.8115
102174.7555
102174.6981
102174.6396
102174.5804
102174.5208
102174.4614
102174.4026
102174.3448
102174.2884
102174.2338
102174.1814
102174.1316
102174.0847
102174.0408
102174.0004
102173.9633
102173.9297
102173.8993
102173.8721
102173.8475
102173.825
102173.7862
102173.5267
102160.6467
102160.6437
102160.636
102160.6242
102160.6082
102160.5882
102160.5642
102160.5363
102160.5045
102160.469
102160.4297
102160.387
102160.3408
102160.2915
102160.2393
102160.1844
102160.1272
102160.068
102160.0071
102159.9451
102159.8822
102159.819
102159.756
102159.6935
102159.6321
102159.5722
102159.5144
102159.4589
102159.4062
102159.3566
102159.3104
102159.2679
102159.2291
102159.1941
102159.1628
102159.135
102159.1101
102159.0873
102159.0466
102158.7892
102145.9921
102145.9889
102145.9809
102145.9685
102145.9518
102145.9309
102145.9058
102145.8766
102145.8432
102145.8059
102145.7646
102145.7196
102145.671
102145.619
102145.5638
102145.5058
102145.4452
102145.3824
102145.3179
102145.252
102145.1853
102145.1182
102145.0512
102144.9848
102144.9196
102144.856
102144.7945
102144.7357
102144.6799
102144.6275
102144.5788
102144.5341
102144.4936
102144.4573
102144.4251
102144.3969
102144.372
102144.3492
102144.3065
102144.0519
102131.3413
102131.3379
102131.3295
102131.3166
102131.2992
102131.2773
102131.2511
102131.2204
102131.1855
102131.1463
102131.1029
102131.0555
102131.0043
102130.9494
102130.8911
102130.8297
102130.7656
102130.699
102130.6306
102130.5606
102130.4897
102130.4183
102130.3471
102130.2765
102130.2071
102130.1395
102130.0743
102130.0118
102129.9527
102129.8972
102129.8459
102129.7989
102129.7566
102129.7189
102129.686
102129.6576
102129.6331
102129.6107
102129.5659
102129.315
102116.6944
102116.6908
102116.6821
102116.6686
102116.6504
102116.6276
102116.6002
102116.5681
102116.5315
102116.4904
102116.4448
102116.395
102116.341
102116.2831
102116.2214
102116.1565
102116.0885
102116.0179
102115.9452
102115.8709
102115.7955
102115.7195
102115.6437
102115.5686
102115.4947
102115.4228
102115.3534
102115.2871
102115.2243
102115.1656
102115.1114
102115.0621
102115.0178
102114.9788
102114.9452
102114.9167
102114.8933
102114.8722
102114.8242
102114.5785
102102.0516
102102.0479
102102.0388
102102.0247
102102.0058
102101.982
102101.9534
102101.9199
102101.8816
102101.8385
102101.7906
102101.7382
102101.6813
102101.6202
102101.555
102101.4863
102101.4142
102101.3393
102101.2621
102101.183
102101.1027
102101.0219
102100.9411
102100.861
102100.7824
102100.7058
102100.6319
102100.5614
102100.4948
102100.4326
102100.3753
102100.3233
102100.277
102100.2366
102100.2022
102100.1737
102100.151
102100.1313
102100.084
102099.8424
102087.4132
102087.4092
102087.3998
102087.3852
102087.3655
102087.3408
102087.3109
102087.276
102087.2359
102087.1907
102087.1405
102087.0854
102087.0255
102086.9609
102086.8921
102086.8193
102086.7429
102086.6634
102086.5812
102086.4971
102086.4116
102086.3254
102086.2393
102086.1539
102086.07
102085.9884
102085.9097
102085.8346
102085.7638
102085.6978
102085.6372
102085.5825
102085.5339
102085.492
102085.4568
102085.4283
102085.4061
102085.3879
102085.3441
102085.1056
102072.7792
102072.7751
102072.7652
102072.7501
102072.7297
102072.704
102072.673
102072.6365
102072.5947
102072.5474
102072.4948
102072.4368
102072.3737
102072.3057
102072.2329
102072.1558
102072.0748
102071.9903
102071.9029
102071.8133
102071.7222
102071.6303
102071.5383
102071.4472
102071.3576
102071.2705
102071.1866
102071.1066
102071.0312
102070.9611
102070.8969
102070.8391
102070.7882
102070.7446
102070.7086
102070.6802
102070.6591
102070.6432
102070.601
102070.3664
102058.1499
102058.1456
102058.1354
102058.1197
102058.0986
102058.072
102058.0398
102058.0019
102057.9582
102057.9088
102057.8537
102057.7929
102057.7265
102057.6547
102057.5778
102057.4961
102057.4101
102057.3203
102057.2273
102057.1319
102057.0346
102056.9364
102056.8382
102056.7408
102056.6451
102056.552
102056.4624
102056.3771
102056.2968
102056.2222
102056.1541
102056.0929
102056.0393
102055.9939
102055.957
102055.9288
102055.909
102055.8959
102055.855
102055.6238
102043.5254
102043.5209
102043.5104
102043.4942
102043.4724
102043.4449
102043.4115
102043.3722
102043.3268
102043.2753
102043.2176
102043.1538
102043.0839
102043.0082
102042.927
102042.8405
102042.7492
102042.6537
102042.5547
102042.4529
102042.349
102042.2441
102042.139
102042.0348
102041.9324
102041.8328
102041.7371
102041.6459
102041.5603
102041.4809
102041.4084
102041.3435
102041.287
102041.2394
102041.2014
102041.1734
102041.1551
102041.1448
102041.105
102040.8769
102028.9059
102028.9011
102028.8903
102028.8738
102028.8514
102028.823
102028.7886
102028.7478
102028.7007
102028.647
102028.5867
102028.5198
102028.4464
102028.3667
102028.2808
102028.1892
102028.0923
102027.9908
102027.8852
102027.7765
102027.6655
102027.5533
102027.4408
102027.3291
102027.2194
102027.1128
102027.0103
102026.9129
102026.8214
102026.7367
102026.6594
102026.5904
102026.5305
102026.4805
102026.4412
102026.4132
102026.3964
102026.3891
102026.3502
102026.1244
102014.2915
102014.2865
102014.2755
102014.2586
102014.2356
102014.2065
102014.1711
102014.129
102014.0802
102014.0244
102013.9615
102013.8915
102013.8144
102013.7304
102013.6397
102013.5427
102013.4399
102013.3318
102013.2192
102013.1031
102012.9844
102012.8641
102012.7435
102012.6237
102012.5061
102012.3917
102012.2819
102012.1776
102012.0798
102011.9893
102011.9068
102011.8332
102011.7694
102011.7164
102011.6754
102011.6472
102011.6319
102011.6275
102011.5891
102011.365
101999.6822
101999.6771
101999.6659
101999.6487
101999.6253
101999.5956
101999.5593
101999.516
101999.4655
101999.4077
101999.3422
101999.2691
101999.1883
101999.0999
101999.0041
101998.9014
101998.7922
101998.6771
101998.557
101998.4329
101998.3057
101998.1767
101998.0472
101997.9186
101997.7922
101997.6694
101997.5516
101997.4398
101997.3351
101997.2382
101997.1501
101997.0713
101997.003
101996.9463
101996.903
101996.8743
101996.8603
101996.8589
101996.8203
101996.5971
101985.0783
101985.0731
101985.0617
101985.0443
101985.0207
101984.9905
101984.9534
101984.9091
101984.8571
101984.7973
101984.7293
101984.6531
101984.5684
101984.4755
101984.3744
101984.2656
101984.1496
101984.0271
101983.8989
101983.766
101983.6297
101983.4912
101983.352
101983.2136
101983.0776
101982.9456
101982.819
101982.699
101982.5868
101982.4831
101982.3887
101982.3041
101982.2304
101982.1693
101982.1228
101982.093
101982.0801
101982.0818
101982.0423
101981.8192
101970.4797
101970.4743
101970.463
101970.4455
101970.4217
101970.3913
101970.3537
101970.3085
101970.2553
101970.1936
101970.1232
101970.0438
101969.9553
101969.8577
101969.7511
101969.636
101969.5128
101969.3823
101969.2453
101969.103
101968.9567
101968.8078
101968.6579
101968.5088
101968.3622
101968.2199
101968.0837
101967.9548
101967.8345
101967.7234
101967.6221
101967.5309
101967.451
101967.3841
101967.3333
101967.3016
101967.2893
101967.2941
101967.2534
101967.0296
101955.8863
101955.8809
101955.8696
101955.8523
101955.8287
101955.7982
101955.7603
101955.7145
101955.6602
101955.597
101955.5243
101955.4418
101955.3494
101955.247
101955.1348
101955.013
101954.8821
101954.743
101954.5966
101954.4441
101954.2868
101954.1265
101953.9649
101953.8039
101953.6456
101953.492
101953.3452
101953.2066
101953.0775
101952.9586
101952.8498
101952.7513
101952.6637
101952.5894
101952.5324
101952.4976
101952.4851
101952.4934
101952.4513
101952.226
101941.2981
101941.2927
101941.2817
101941.2648
101941.2415
101941.2113
101941.1735
101941.1274
101941.0724
101941.0078
101940.933
101940.8476
101940.7514
101940.6441
101940.526
101940.3971
101940.2582
101940.1099
101939.9533
101939.7897
101939.6206
101939.4477
101939.2731
101939.0989
101938.9276
101938.7614
101938.6028
101938.4536
101938.3151
101938.1878
101938.0712
101937.9644
101937.8676
101937.7835
101937.7177
101937.6778
101937.6647
101937.6767
101937.6334
101937.4053
101926.7149
101926.7096
101926.699
101926.6827
101926.6602
101926.6306
101926.5933
101926.5474
101926.492
101926.4264
101926.3498
101926.2617
101926.1617
101926.0496
101925.9253
101925.7892
101925.6417
101925.4836
101925.316
101925.1403
101924.9582
101924.7715
101924.5825
101924.3937
101924.2077
101924.0275
101923.8557
101923.6949
101923.5464
101923.4106
101923.2859
101923.17
101923.0618
101922.9642
101922.8853
101922.8376
101922.8225
101922.8387
101922.7947
101922.5629
101912.1364
101912.1313
101912.1214
101912.106
101912.0846
101912.0562
101912.0199
101911.9747
101911.9194
101911.8532
101911.7751
101911.6846
101911.581
101911.464
101911.3336
101911.1898
101911.0333
101910.8647
101910.6853
101910.4965
101910.3001
101910.0982
101909.8932
101909.688
101909.4855
101909.2894
101909.1029
101908.9292
101908.7703
101908.626
101908.4936
101908.368
101908.2455
101908.1289
101908.0294
101907.9677
101907.9486
101907.9703
101907.9279
101907.6924
101897.5622
101897.5574
101897.5484
101897.5344
101897.5146
101897.488
101897.4533
101897.4094
101897.3549
101897.2886
101897.2095
101897.1168
101897.0099
101896.8881
101896.7514
101896.5998
101896.4338
101896.254
101896.0619
101895.8588
101895.6469
101895.4282
101895.2054
101894.9816
101894.7605
101894.5462
101894.343
101894.1551
101893.9853
101893.8334
101893.6943
101893.5583
101893.4173
101893.2732
101893.1403
101893.0537
101893.027
101893.057
101893.0227
101892.7864
101882.9918
101882.9875
101882.9797
101882.9675
101882.95
101882.9258
101882.8936
101882.8517
101882.7986
101882.733
101882.6535
101882.5591
101882.4491
101882.3228
101882.1798
101882.0201
101881.844
101881.6524
101881.4465
101881.228
101880.999
101880.7618
101880.5192
101880.2745
101880.032
101879.7968
101879.5744
101879.3707
101879.1906
101879.0336
101878.8902
101878.742
101878.5744
101878.3884
101878.1987
101878.0668
101878.0283
101878.0765
101878.0654
101877.8383
101868.4243
101868.4207
101868.4145
101868.4048
101868.3902
101868.3693
101868.3404
101868.3016
101868.251
101868.1867
101868.1074
101868.0119
101867.8993
101867.7686
101867.6195
101867.4516
101867.265
101867.0607
101866.8401
101866.6049
101866.3574
101866.0998
101865.835
101865.5667
101865.2996
101865.0399
101864.7948
101864.5732
101864.384
101864.2299
101864.0923
101863.9345
101863.7246
101863.4606
101863.1665
101862.9492
101862.8985
101862.995
101863.0382
101862.8462
101853.859
101853.8562
101853.8521
101853.8454
101853.8346
101853.8181
101853.7938
101853.7592
101853.712
101853.6502
101853.5719
101853.476
101853.3612
101853.2266
101853.0715
101852.8953
101852.6979
101852.4801
101852.2435
101851.9903
101851.7227
101851.4429
101851.1536
101850.8582
101850.5621
101850.2723
101849.9984
101849.7558
101849.5644
101849.4315
101849.3216
101849.1645
101848.8962
101848.4869
101847.9884
101847.6032
101847.5508
101847.7654
101847.9196
101847.8248
101839.2946
101839.2929
101839.2914
101839.2884
101839.2825
101839.2716
101839.2532
101839.2243
101839.182
101839.1237
101839.0474
101838.9518
101838.8356
101838.6977
101838.5369
101838.3523
101838.1436
101837.9115
101837.6577
101837.3851
101837.0959
101836.7921
101836.4754
101836.1493
101835.8192
101835.4927
101835.1824
101834.917
101834.7333
101834.6458
101834.5983
101834.4697
101834.1354
101833.5112
101832.6659
101831.9568
101831.8979
101832.3575
101832.7065
101832.8361
101824.7297
101824.7294
101824.7309
101824.7326
101824.7328
101824.729
101824.7182
101824.6968
101824.661
101824.6076
101824.5344
101824.4399
101824.3231
101824.1826
101824.0167
101823.8239
101823.6035
101823.356
101823.0837
101822.7901
101822.4778
101822.1481
101821.8023
101821.4442
101821.079
101820.7114
101820.3559
101820.0581
101819.8797
101819.8598
101819.9145
101819.844
101819.4868
101818.6175
101817.2559
101816.029
101815.9502
101816.8318
101817.4415
101818.0252
101810.1626
101810.1639
101810.1691
101810.1764
101810.184
101810.1891
101810.1881
101810.1765
101810.1492
101810.1023
101810.0332
101809.9409
101809.8245
101809.6824
101809.5122
101809.3115
101809.0789
101808.8147
101808.5219
101808.2057
101807.8696
101807.5142
101807.1417
101806.7568
101806.3608
101805.9481
101805.5322
101805.1821
101804.9992
101805.0657
101805.2304
101805.2298
101804.8597
101803.7494
101801.8419
101799.9974
101799.9087
101801.4018
101802.2508
101803.6595
101795.5913
101795.5946
101795.604
101795.6178
101795.6342
101795.6504
101795.6619
101795.6629
101795.6467
101795.608
101795.5442
101795.455
101795.3402
101795.1979
101795.0246
101794.8166
101794.5712
101794.2883
101793.9731
101793.6342
101793.2763
101792.8991
101792.5047
101792.1
101791.6814
101791.2254
101790.7446
101790.3424
101790.161
101790.3205
101790.5355
101790.5501
101790.0542
101788.7459
101786.5938
101784.3682
101784.4655
101786.405
101787.5527
101790.0524
101781.0137
101781.0192
101781.0332
101781.0544
101781.0812
101781.1108
101781.1381
101781.1556
101781.1538
101781.1254
101781.0677
101780.9824
101780.8705
101780.7301
101780.5557
101780.3416
101780.083
101779.7795
101779.4413
101779.0826
101778.7076
101778.3119
101777.9008
101777.4871
101777.0637
101776.5899
101776.0722
101775.6635
101775.5283
101775.771
101775.9209
101775.6995
101774.8711
101773.4288
101771.643
101769.9614
101770.3275
101772.1347
101773.8695
101777.5104
101766.4275
101766.4352
101766.4541
101766.4834
101766.522
101766.5677
101766.615
101766.654
101766.6713
101766.6554
101766.6041
101766.523
101766.416
101766.2806
101766.1082
101765.8908
101765.6202
101765.2954
101764.9343
101764.5594
101764.174
101763.7667
101763.35
101762.9478
101762.533
101762.0579
101761.5667
101761.2817
101761.3368
101761.6656
101761.6287
101760.8947
101759.501
101757.7772
101756.8757
101756.646
101757.3517
101758.8615
101761.5576
101766.2341
101751.8308
101751.8408
101751.8645
101751.9019
101751.9534
101752.0179
101752.0905
101752.1587
101752.2017
101752.2009
101752.1547
101752.0767
101751.9762
101751.8496
101751.6834
101751.4677
101751.1898
101750.8475
101750.4716
101750.0967
101749.7251
101749.3413
101748.9541
101748.5838
101748.1947
101747.7574
101747.4023
101747.3589
101747.7585
101748.2755
101748.1048
101746.8553
101744.7579
101742.7474
101742.4972
101743.6198
101745.2478
101746.9095
101750.7908
101756.1928
101737.2191
101737.2309
101737.2586
101737.3034
101737.3676
101737.4528
101737.5565
101737.6638
101737.7412
101737.7558
101737.7095
101737.6339
101737.5482
101737.4497
101737.3197
101737.1502
101736.9204
101736.6245
101736.3092
101736.0013
101735.6886
101735.3895
101735.1448
101734.8953
101734.5588
101734.1509
101733.9592
101734.1901
101734.9819
101735.8672
101735.9126
101734.6601
101732.2702
101730.0165
101729.3489
101731.2144
101734.2626
101736.7721
101741.5112
101747.0449
101722.748
101722.7604
101722.7911
101722.8418
101722.9175
101723.0252
101723.1716
101723.3522
101723.5274
101723.6459
101723.7102
101723.7717
101723.8561
101723.953
101724.0239
101724.051
101724.0055
101723.8594
101723.6639
101723.4732
101723.2998
101723.1773
101723.1281
101723.0403
101722.7786
101722.4124
101722.253
101722.6208
101723.604
101724.8399
101725.5853
101725.0448
101723.2248
101721.0279
101719.7091
101720.874
101724.2536
101728.0078
101733.1078
101738.1426
101713.2228
101713.23
101713.25
101713.2852
101713.3419
101713.4312
101713.5724
101713.7864
101714.0485
101714.2914
101714.5019
101714.7141
101714.9335
101715.1218
101715.2403
101715.2929
101715.2935
101715.2531
101715.1845
101715.099
101715.0211
101714.9847
101714.9979
101714.9967
101714.8527
101714.6092
101714.4459
101714.6282
101715.3185
101716.3412
101717.4113
101717.8339
101717.2186
101715.8619
101714.6544
101714.609
101716.3722
101719.9356
101724.8394
101728.7805
101710.734
101710.7358
101710.7412
101710.7518
101710.7713
101710.8077
101710.877
101711.0025
101711.1786
101711.347
101711.4812
101711.5903
101711.6776
101711.7306
101711.7497
101711.7424
101711.7156
101711.6749
101711.6231
101711.5664
101711.5189
101711.4903
101711.4856
101711.4812
101711.4338
101711.3404
101711.2534
101711.2462
101711.4593
101711.8535
101712.4161
101713.0147
101713.2472
101713.0357
101712.4697
101712.0302
101712.246
101713.7618
101716.7103
101719.0233
101710.575
101710.5761
101710.5785
101710.5825
101710.5885
101710.5967
101710.6063
101710.6214
101710.6574
101710.6979
101710.7254
101710.7401
101710.7458
101710.7433
101710.7357
101710.7228
101710.7053
101710.6854
101710.6652
101710.6455
101710.6289
101710.6179
101710.6111
101710.6067
101710.5971
101710.5807
101710.5633
101710.5577
101710.5712
101710.6149
101710.7071
101710.878
101711.0923
101711.2544
101711.2788
101711.0548
101710.9372
101711.024
101711.6586
101712.2747
101710.511
101710.5117
101710.5135
101710.5163
101710.5198
101710.5227
101710.5203
101710.5048
101710.4898
101710.4856
101710.4849
101710.4829
101710.4798
101710.4758
101710.4713
101710.4668
101710.4623
101710.4578
101710.454
101710.4508
101710.4484
101710.4469
101710.4462
101710.4458
101710.446
101710.4463
101710.4464
101710.4472
101710.4494
101710.4525
101710.4563
101710.4634
101710.4821
101710.5203
101710.5985
101710.5859
101710.5441
101710.4871
101710.4689
101710.4615
101710.4459
101710.4463
101710.4473
101710.4487
101710.4497
101710.449
101710.4426
101710.4276
101710.4064
101710.3914
101710.3839
101710.3805
101710.3787
101710.3775
101710.3766
101710.3761
101710.3758
101710.3756
101710.3756
101710.3758
101710.3762
101710.3769
101710.3781
101710.3794
101710.3809
101710.3819
101710.3825
101710.3839
101710.3864
101710.3886
101710.3895
101710.3894
101710.3888
101710.3876
101710.3875
101710.3891
101710.39
101710.3914
101710.3974
101710.3987
101710.3799
101710.3799
101710.3802
101710.3804
101710.3798
101710.3771
101710.3702
101710.3567
101710.3402
101710.3264
101710.3179
101710.3138
101710.312
101710.3113
101710.3112
101710.3114
101710.3119
101710.3123
101710.3126
101710.3129
101710.3135
101710.3146
101710.3162
101710.3179
101710.3194
101710.3203
101710.321
101710.3223
101710.3244
101710.3262
101710.3271
101710.3272
101710.3267
101710.3255
101710.3241
101710.324
101710.3256
101710.3292
101710.333
101710.3346
101710.3133
101710.3131
101710.3129
101710.3123
101710.3106
101710.3071
101710.3005
101710.2899
101710.2767
101710.2648
101710.2574
101710.2533
101710.2511
101710.2501
101710.2498
101710.2499
101710.2502
101710.2506
101710.2509
101710.2513
101710.252
101710.2533
101710.2548
101710.2564
101710.2578
101710.2588
101710.2597
101710.261
101710.2626
101710.264
101710.2648
101710.265
101710.2648
101710.2642
101710.2636
101710.264
101710.2653
101710.2675
101710.2698
101710.271
101710.2467
101710.2463
101710.2457
101710.2446
101710.2424
101710.2387
101710.2329
101710.2246
101710.2145
101710.2049
101710.1979
101710.1935
101710.191
101710.1897
101710.1892
101710.1891
101710.1893
101710.1896
101710.19
101710.1904
101710.1912
101710.1923
101710.1937
101710.1952
101710.1964
101710.1975
101710.1986
101710.1997
101710.201
101710.202
101710.2027
101710.203
101710.203
101710.2028
101710.2026
101710.203
101710.2041
101710.2056
101710.2071
101710.2079
101710.1802
101710.1798
101710.179
101710.1776
101710.1752
101710.1717
101710.1666
101710.16
101710.1523
101710.1447
101710.1386
101710.1343
101710.1316
101710.13
101710.1292
101710.1289
101710.129
101710.1292
101710.1295
101710.13
101710.1307
101710.1317
101710.1329
101710.1341
101710.1353
101710.1363
101710.1373
101710.1383
101710.1393
101710.1402
101710.1408
101710.1411
101710.1412
101710.1412
101710.1413
101710.1417
101710.1425
101710.1436
101710.1446
101710.1452
101710.114
101710.1136
101710.1127
101710.1112
101710.1089
101710.1057
101710.1014
101710.096
101710.0899
101710.0839
101710.0787
101710.0748
101710.0721
101710.0704
101710.0694
101710.0689
101710.0688
101710.0689
101710.0692
101710.0696
101710.0702
101710.0711
101710.0721
101710.0731
101710.0741
101710.075
101710.0759
101710.0768
101710.0776
101710.0784
101710.0789
101710.0793
101710.0795
101710.0796
101710.0798
101710.0802
101710.0808
101710.0816
101710.0823
101710.0827
101710.0483
101710.0478
101710.0469
101710.0455
101710.0434
101710.0405
101710.0368
101710.0323
101710.0275
101710.0226
101710.0183
101710.0149
101710.0124
101710.0106
101710.0095
101710.0089
101710.0086
101710.0086
101710.0088
101710.0091
101710.0097
101710.0104
101710.0112
101710.012
101710.0129
101710.0137
101710.0145
101710.0153
101710.016
101710.0166
101710.0171
101710.0175
101710.0177
101710.0179
101710.0182
101710.0186
101710.0191
101710.0196
101710.0201
101710.0204
101709.9829
101709.9826
101709.9817
101709.9803
101709.9784
101709.9758
101709.9727
101709.969
101709.965
101709.9611
101709.9575
101709.9545
101709.9522
101709.9505
101709.9494
101709.9487
101709.9483
101709.9482
101709.9483
101709.9486
101709.949
101709.9495
101709.9502
101709.9509
101709.9516
101709.9524
101709.9531
101709.9537
101709.9544
101709.9549
101709.9554
101709.9557
101709.956
101709.9562
101709.9565
101709.9568
101709.9572
101709.9577
101709.958
101709.9582
101709.918
101709.9177
101709.9169
101709.9156
101709.9139
101709.9117
101709.909
101709.9059
101709.9026
101709.8993
101709.8963
101709.8937
101709.8916
101709.8901
101709.889
101709.8882
101709.8878
101709.8876
101709.8876
101709.8878
101709.8881
101709.8886
101709.8891
101709.8897
101709.8904
101709.891
101709.8916
101709.8922
101709.8927
101709.8932
101709.8936
101709.894
101709.8942
101709.8945
101709.8948
101709.8951
101709.8954
101709.8957
101709.896
101709.8961
101709.8535
101709.8532
101709.8525
101709.8514
101709.8498
101709.8479
101709.8456
101709.843
101709.8402
101709.8375
101709.8349
101709.8327
101709.8308
101709.8294
101709.8283
101709.8276
101709.8271
101709.8269
101709.8268
101709.827
101709.8272
101709.8276
101709.828
101709.8285
101709.829
101709.8296
101709.8301
101709.8306
101709.8311
101709.8315
101709.8319
101709.8322
101709.8325
101709.8328
101709.833
101709.8333
101709.8336
101709.8338
101709.834
101709.8341
101709.7893
101709.7891
101709.7884
101709.7874
101709.7861
101709.7844
101709.7824
101709.7802
101709.7779
101709.7756
101709.7734
101709.7715
101709.7698
101709.7685
101709.7675
101709.7668
101709.7663
101709.766
101709.7659
101709.766
101709.7662
101709.7664
101709.7668
101709.7672
101709.7677
101709.7681
101709.7686
101709.769
101709.7695
101709.7698
101709.7702
101709.7705
101709.7708
101709.771
101709.7712
101709.7715
101709.7717
101709.7719
101709.7721
101709.7722
101709.7255
101709.7253
101709.7247
101709.7238
101709.7226
101709.7212
101709.7195
101709.7176
101709.7156
101709.7137
101709.7118
101709.7101
101709.7086
101709.7074
101709.7065
101709.7058
101709.7053
101709.705
101709.7049
101709.7049
101709.705
101709.7053
101709.7056
101709.7059
101709.7063
101709.7067
101709.7071
101709.7075
101709.7078
101709.7082
101709.7085
101709.7088
101709.709
101709.7092
101709.7095
101709.7097
101709.7099
101709.71
101709.7102
101709.7102
101709.6619
101709.6617
101709.6612
101709.6604
101709.6594
101709.6581
101709.6567
101709.6551
101709.6534
101709.6517
101709.6501
101709.6486
101709.6473
101709.6463
101709.6454
101709.6447
101709.6443
101709.644
101709.6438
101709.6438
101709.6438
101709.644
101709.6442
101709.6445
101709.6449
101709.6452
101709.6455
101709.6459
101709.6462
101709.6465
101709.6468
101709.647
101709.6473
101709.6475
101709.6477
101709.6479
101709.648
101709.6482
101709.6483
101709.6483
101709.5986
101709.5984
101709.598
101709.5973
101709.5964
101709.5953
101709.594
101709.5926
101709.5912
101709.5898
101709.5884
101709.5871
101709.5859
101709.585
101709.5842
101709.5836
101709.5831
101709.5828
101709.5826
101709.5826
101709.5826
101709.5827
101709.5829
101709.5831
101709.5834
101709.5837
101709.584
101709.5843
101709.5846
101709.5848
101709.5851
101709.5853
101709.5855
101709.5857
101709.5859
101709.5861
101709.5862
101709.5863
101709.5864
101709.5865
101709.5354
101709.5353
101709.5349
101709.5343
101709.5335
101709.5326
101709.5315
101709.5303
101709.529
101709.5278
101709.5266
101709.5255
101709.5244
101709.5236
101709.5228
101709.5223
101709.5218
101709.5215
101709.5214
101709.5213
101709.5213
101709.5214
101709.5215
101709.5217
101709.5219
101709.5222
101709.5224
101709.5227
101709.5229
101709.5231
101709.5234
101709.5236
101709.5238
101709.524
101709.5241
101709.5243
101709.5244
101709.5245
101709.5246
101709.5246
101709.4724
101709.4723
101709.472
101709.4715
101709.4708
101709.47
101709.469
101709.468
101709.4669
101709.4658
101709.4648
101709.4638
101709.4629
101709.4621
101709.4615
101709.4609
101709.4605
101709.4602
101709.46
101709.4599
101709.4599
101709.46
101709.4601
101709.4602
101709.4604
101709.4606
101709.4608
101709.461
101709.4613
101709.4615
101709.4617
101709.4619
101709.462
101709.4622
101709.4623
101709.4625
101709.4626
101709.4627
101709.4627
101709.4628
101709.4096
101709.4095
101709.4092
101709.4088
101709.4082
101709.4075
101709.4066
101709.4058
101709.4048
101709.4039
101709.403
101709.4021
101709.4013
101709.4006
101709.4
101709.3995
101709.3991
101709.3988
101709.3986
101709.3985
101709.3985
101709.3985
101709.3986
101709.3987
101709.3989
101709.399
101709.3992
101709.3994
101709.3996
101709.3998
101709.4
101709.4001
101709.4003
101709.4004
101709.4006
101709.4007
101709.4008
101709.4009
101709.4009
101709.4009
101709.3469
101709.3468
101709.3466
101709.3462
101709.3457
101709.3451
101709.3443
101709.3436
101709.3428
101709.3419
101709.3411
101709.3404
101709.3397
101709.339
101709.3385
101709.338
101709.3377
101709.3374
101709.3372
101709.3371
101709.337
101709.337
101709.3371
101709.3372
101709.3373
101709.3375
101709.3376
101709.3378
101709.3379
101709.3381
101709.3383
101709.3384
101709.3386
101709.3387
101709.3388
101709.3389
101709.339
101709.3391
101709.3391
101709.3391
101709.2844
101709.2843
101709.2841
101709.2837
101709.2833
101709.2827
101709.2821
101709.2814
101709.2807
101709.28
101709.2793
101709.2786
101709.278
101709.2774
101709.2769
101709.2765
101709.2762
101709.2759
101709.2757
101709.2756
101709.2755
101709.2755
101709.2756
101709.2756
101709.2757
101709.2759
101709.276
101709.2761
101709.2763
101709.2764
101709.2766
101709.2767
101709.2768
101709.2769
101709.277
101709.2771
101709.2772
101709.2773
101709.2773
101709.2773
101709.2219
101709.2218
101709.2216
101709.2213
101709.2209
101709.2205
101709.2199
101709.2193
101709.2187
101709.2181
101709.2174
101709.2168
101709.2163
101709.2158
101709.2153
101709.215
101709.2146
101709.2144
101709.2142
101709.2141
101709.214
101709.214
101709.214
101709.2141
101709.2142
101709.2142
101709.2144
101709.2145
101709.2146
101709.2147
101709.2149
101709.215
101709.2151
101709.2152
101709.2153
101709.2154
101709.2154
101709.2155
101709.2155
101709.2155
101709.1595
101709.1594
101709.1593
101709.159
101709.1587
101709.1582
101709.1578
101709.1572
101709.1567
101709.1561
101709.1556
101709.1551
101709.1546
101709.1541
101709.1537
101709.1534
101709.1531
101709.1528
101709.1527
101709.1526
101709.1525
101709.1524
101709.1525
101709.1525
101709.1525
101709.1526
101709.1527
101709.1528
101709.1529
101709.153
101709.1531
101709.1532
101709.1533
101709.1534
101709.1535
101709.1536
101709.1536
101709.1537
101709.1537
101709.1537
101709.0972
101709.0971
101709.097
101709.0967
101709.0964
101709.0961
101709.0957
101709.0952
101709.0947
101709.0942
101709.0937
101709.0933
101709.0928
101709.0924
101709.0921
101709.0917
101709.0915
101709.0913
101709.0911
101709.091
101709.0909
101709.0909
101709.0909
101709.0909
101709.0909
101709.091
101709.0911
101709.0912
101709.0912
101709.0913
101709.0914
101709.0915
101709.0916
101709.0917
101709.0918
101709.0918
101709.0919
101709.0919
101709.0919
101709.092
101709.0349
101709.0349
101709.0347
101709.0345
101709.0343
101709.034
101709.0336
101709.0332
101709.0328
101709.0323
101709.0319
101709.0315
101709.0311
101709.0307
101709.0304
101709.0301
101709.0299
101709.0297
101709.0295
101709.0294
101709.0293
101709.0293
101709.0292
101709.0293
101709.0293
101709.0293
101709.0294
101709.0295
101709.0296
101709.0296
101709.0297
101709.0298
101709.0299
101709.0299
101709.03
101709.0301
101709.0301
101709.0301
101709.0302
101709.0302
101708.9727
101708.9727
101708.9726
101708.9724
101708.9722
101708.9719
101708.9716
101708.9712
101708.9708
101708.9704
101708.9701
101708.9697
101708.9693
101708.969
101708.9687
101708.9684
101708.9682
101708.968
101708.9679
101708.9678
101708.9677
101708.9676
101708.9676
101708.9676
101708.9676
101708.9677
101708.9677
101708.9678
101708.9679
101708.9679
101708.968
101708.9681
101708.9681
101708.9682
101708.9683
101708.9683
101708.9683
101708.9684
101708.9684
101708.9684
101708.9106
101708.9105
101708.9104
101708.9103
101708.9101
101708.9098
101708.9095
101708.9092
101708.9089
101708.9086
101708.9082
101708.9079
101708.9076
101708.9073
101708.907
101708.9068
101708.9066
101708.9064
101708.9062
101708.9061
101708.9061
101708.906
101708.906
101708.906
101708.906
101708.906
101708.9061
101708.9061
101708.9062
101708.9062
101708.9063
101708.9063
101708.9064
101708.9065
101708.9065
101708.9065
101708.9066
101708.9066
101708.9066
101708.9066
101708.8485
101708.8484
101708.8484
101708.8482
101708.848
101708.8478
101708.8476
101708.8473
101708.847
101708.8467
101708.8464
101708.8461
101708.8458
101708.8455
101708.8453
101708.8451
101708.8449
101708.8447
101708.8446
101708.8445
101708.8444
101708.8444
101708.8443
101708.8443
101708.8443
101708.8443
101708.8444
101708.8444
101708.8445
101708.8445
101708.8446
101708.8446
101708.8447
101708.8447
101708.8448
101708.8448
101708.8448
101708.8448
101708.8449
101708.8449
101708.7864
101708.7864
101708.7863
101708.7862
101708.786
101708.7858
101708.7856
101708.7854
101708.7851
101708.7848
101708.7846
101708.7843
101708.784
101708.7838
101708.7836
101708.7834
101708.7832
101708.7831
101708.7829
101708.7828
101708.7828
101708.7827
101708.7827
101708.7827
101708.7827
101708.7827
101708.7827
101708.7827
101708.7828
101708.7828
101708.7828
101708.7829
101708.7829
101708.783
101708.783
101708.783
101708.7831
101708.7831
101708.7831
101708.7831
101708.7244
101708.7244
101708.7243
101708.7242
101708.724
101708.7239
101708.7237
101708.7234
101708.7232
101708.723
101708.7227
101708.7225
101708.7223
101708.7221
101708.7219
101708.7217
101708.7215
101708.7214
101708.7212
101708.7212
101708.7211
101708.721
101708.721
101708.721
101708.721
101708.721
101708.721
101708.721
101708.721
101708.7211
101708.7211
101708.7212
101708.7212
101708.7212
101708.7213
101708.7213
101708.7213
101708.7213
101708.7213
101708.7213
101708.6624
101708.6624
101708.6623
101708.6622
101708.6621
101708.6619
101708.6617
101708.6615
101708.6613
101708.6611
101708.6609
101708.6607
101708.6605
101708.6603
101708.6601
101708.6599
101708.6598
101708.6597
101708.6596
101708.6595
101708.6594
101708.6593
101708.6593
101708.6593
101708.6593
101708.6593
101708.6593
101708.6593
101708.6593
101708.6594
101708.6594
101708.6594
101708.6595
101708.6595
101708.6595
101708.6595
101708.6596
101708.6596
101708.6596
101708.6596
101708.6004
101708.6004
101708.6003
101708.6002
101708.6001
101708.6
101708.5998
101708.5997
101708.5995
101708.5993
101708.5991
101708.5989
101708.5987
101708.5985
101708.5984
101708.5982
101708.5981
101708.598
101708.5979
101708.5978
101708.5977
101708.5977
101708.5976
101708.5976
101708.5976
101708.5976
101708.5976
101708.5976
101708.5976
101708.5976
101708.5977
101708.5977
101708.5977
101708.5977
101708.5978
101708.5978
101708.5978
101708.5978
101708.5978
101708.5978
101708.5384
101708.5384
101708.5384
101708.5383
101708.5382
101708.5381
101708.5379
101708.5378
101708.5376
101708.5375
101708.5373
101708.5371
101708.5369
101708.5368
101708.5366
101708.5365
101708.5364
101708.5363
101708.5362
101708.5361
101708.536
101708.536
101708.5359
101708.5359
101708.5359
101708.5359
101708.5359
101708.5359
101708.5359
101708.5359
101708.5359
101708.536
101708.536
101708.536
101708.536
101708.536
101708.5361
101708.5361
101708.5361
101708.5361
101708.4765
101708.4765
101708.4765
101708.4764
101708.4763
101708.4762
101708.4761
101708.4759
101708.4758
101708.4756
101708.4755
101708.4753
101708.4752
101708.475
101708.4749
101708.4748
101708.4746
101708.4745
101708.4744
101708.4744
101708.4743
101708.4743
101708.4742
101708.4742
101708.4742
101708.4742
101708.4742
101708.4742
101708.4742
101708.4742
101708.4742
101708.4742
101708.4742
101708.4743
101708.4743
101708.4743
101708.4743
101708.4743
101708.4743
101708.4743
101708.4146
101708.4146
101708.4145
101708.4145
101708.4144
101708.4143
101708.4142
101708.4141
101708.4139
101708.4138
101708.4137
101708.4135
101708.4134
101708.4133
101708.4131
101708.413
101708.4129
101708.4128
101708.4127
101708.4127
101708.4126
101708.4125
101708.4125
101708.4125
101708.4125
101708.4125
101708.4124
101708.4125
101708.4125
101708.4125
101708.4125
101708.4125
101708.4125
101708.4125
101708.4125
101708.4126
101708.4126
101708.4126
101708.4126
101708.4126
101708.3527
101708.3527
101708.3527
101708.3526
101708.3525
101708.3524
101708.3523
101708.3522
101708.3521
101708.352
101708.3519
101708.3517
101708.3516
101708.3515
101708.3514
101708.3513
101708.3512
101708.3511
101708.351
101708.3509
101708.3509
101708.3508
101708.3508
101708.3508
101708.3507
101708.3507
101708.3507
101708.3507
101708.3507
101708.3507
101708.3507
101708.3508
101708.3508
101708.3508
101708.3508
101708.3508
101708.3508
101708.3508
101708.3508
101708.3508
101708.2908
101708.2908
101708.2908
101708.2907
101708.2907
101708.2906
101708.2905
101708.2904
101708.2903
101708.2902
101708.2901
101708.2899
101708.2898
101708.2897
101708.2896
101708.2895
101708.2894
101708.2893
101708.2893
101708.2892
101708.2892
101708.2891
101708.2891
101708.289
101708.289
101708.289
101708.289
101708.289
101708.289
101708.289
101708.289
101708.289
101708.289
101708.289
101708.2891
101708.2891
101708.2891
101708.2891
101708.2891
101708.2891
101708.2289
101708.2289
101708.2289
101708.2289
101708.2288
101708.2287
101708.2287
101708.2286
101708.2285
101708.2284
101708.2283
101708.2282
101708.2281
101708.228
101708.2279
101708.2278
101708.2277
101708.2276
101708.2275
101708.2275
101708.2274
101708.2274
101708.2274
101708.2273
101708.2273
101708.2273
101708.2273
101708.2273
101708.2273
101708.2273
101708.2273
101708.2273
101708.2273
101708.2273
101708.2273
101708.2273
101708.2273
101708.2273
101708.2273
101708.2273
101708.1671
101708.1671
101708.1671
101708.167
101708.167
101708.1669
101708.1668
101708.1667
101708.1667
101708.1666
101708.1665
101708.1664
101708.1663
101708.1662
101708.1661
101708.166
101708.1659
101708.1659
101708.1658
101708.1658
101708.1657
101708.1657
101708.1656
101708.1656
101708.1656
101708.1656
101708.1656
101708.1655
101708.1655
101708.1655
101708.1655
101708.1655
101708.1656
101708.1656
101708.1656
101708.1656
101708.1656
101708.1656
101708.1656
101708.1656
101708.1052
101708.1052
101708.1052
101708.1052
101708.1051
101708.1051
101708.105
101708.1049
101708.1049
101708.1048
101708.1047
101708.1046
101708.1045
101708.1044
101708.1043
101708.1043
101708.1042
101708.1041
101708.1041
101708.104
101708.104
101708.1039
101708.1039
101708.1039
101708.1038
101708.1038
101708.1038
101708.1038
101708.1038
101708.1038
101708.1038
101708.1038
101708.1038
101708.1038
101708.1038
101708.1038
101708.1038
101708.1038
101708.1038
101708.1038
101708.0434
101708.0434
101708.0434
101708.0433
101708.0433
101708.0432
101708.0432
101708.0431
101708.043
101708.043
101708.0429
101708.0428
101708.0427
101708.0427
101708.0426
101708.0425
101708.0424
101708.0424
101708.0423
101708.0423
101708.0422
101708.0422
101708.0422
101708.0421
101708.0421
101708.0421
101708.0421
101708.0421
101708.0421
101708.0421
101708.0421
101708.0421
101708.0421
101708.0421
101708.0421
101708.0421
101708.0421
101708.0421
101708.0421
101708.0421
101707.9816
101707.9816
101707.9815
101707.9815
101707.9815
101707.9814
101707.9814
101707.9813
101707.9813
101707.9812
101707.9811
101707.981
101707.981
101707.9809
101707.9808
101707.9808
101707.9807
101707.9806
101707.9806
101707.9805
101707.9805
101707.9805
101707.9804
101707.9804
101707.9804
101707.9804
101707.9804
101707.9803
101707.9803
101707.9803
101707.9803
101707.9803
101707.9803
101707.9803
101707.9803
101707.9803
101707.9803
101707.9803
101707.9803
101707.9803
101707.9197
101707.9197
101707.9197
101707.9197
101707.9197
101707.9196
101707.9196
101707.9195
101707.9195
101707.9194
101707.9193
101707.9193
101707.9192
101707.9191
101707.9191
101707.919
101707.919
101707.9189
101707.9188
101707.9188
101707.9188
101707.9187
101707.9187
101707.9187
101707.9186
101707.9186
101707.9186
101707.9186
101707.9186
101707.9186
101707.9186
101707.9186
101707.9186
101707.9186
101707.9186
101707.9186
101707.9186
101707.9186
101707.9186
101707.9186
101707.8579
101707.8579
101707.8579
101707.8579
101707.8579
101707.8578
101707.8578
101707.8577
101707.8577
101707.8576
101707.8576
101707.8575
101707.8574
101707.8574
101707.8573
101707.8573
101707.8572
101707.8572
101707.8571
101707.8571
101707.857
101707.857
101707.857
101707.8569
101707.8569
101707.8569
101707.8569
101707.8569
101707.8569
101707.8569
101707.8569
101707.8568
101707.8568
101707.8568
101707.8568
101707.8568
101707.8568
101707.8568
101707.8568
101707.8568
101707.7961
101707.7961
101707.7961
101707.7961
101707.7961
101707.796
101707.796
101707.7959
101707.7959
101707.7958
101707.7958
101707.7957
101707.7957
101707.7956
101707.7956
101707.7955
101707.7954
101707.7954
101707.7954
101707.7953
101707.7953
101707.7952
101707.7952
101707.7952
101707.7952
101707.7952
101707.7951
101707.7951
101707.7951
101707.7951
101707.7951
101707.7951
101707.7951
101707.7951
101707.7951
101707.7951
101707.7951
101707.7951
101707.7951
101707.7951
101707.7343
101707.7343
101707.7343
101707.7343
101707.7343
101707.7342
101707.7342
101707.7341
101707.7341
101707.7341
101707.734
101707.734
101707.7339
101707.7338
101707.7338
101707.7337
101707.7337
101707.7337
101707.7336
101707.7336
101707.7335
101707.7335
101707.7335
101707.7335
101707.7334
101707.7334
101707.7334
101707.7334
101707.7334
101707.7334
101707.7334
101707.7334
101707.7334
101707.7334
101707.7334
101707.7334
101707.7334
101707.7334
101707.7334
101707.7334
101707.6725
101707.6725
101707.6725
101707.6725
101707.6725
101707.6724
101707.6724
101707.6724
101707.6723
101707.6723
101707.6722
101707.6722
101707.6721
101707.6721
101707.672
101707.672
101707.6719
101707.6719
101707.6719
101707.6718
101707.6718
101707.6718
101707.6717
101707.6717
101707.6717
101707.6717
101707.6717
101707.6716
101707.6716
101707.6716
101707.6716
101707.6716
101707.6716
101707.6716
101707.6716
101707.6716
101707.6716
101707.6716
101707.6716
101707.6716
101707.6107
101707.6107
101707.6107
101707.6107
101707.6107
101707.6107
101707.6106
101707.6106
101707.6105
101707.6105
101707.6105
101707.6104
101707.6104
101707.6103
101707.6103
101707.6102
101707.6102
101707.6102
101707.6101
101707.6101
101707.6101
101707.61
101707.61
101707.61
101707.61
101707.6099
101707.6099
101707.6099
101707.6099
101707.6099
101707.6099
101707.6099
101707.6099
101707.6099
101707.6099
101707.6099
101707.6099
101707.6099
101707.6099
101707.6099
101707.5489
101707.5489
101707.5489
101707.5489
101707.5489
101707.5489
101707.5488
101707.5488
101707.5488
101707.5487
101707.5487
101707.5487
101707.5486
101707.5486
101707.5485
101707.5485
101707.5484
101707.5484
101707.5484
101707.5483
101707.5483
101707.5483
101707.5483
101707.5482
101707.5482
101707.5482
101707.5482
101707.5482
101707.5482
101707.5481
101707.5481
101707.5481
101707.5481
101707.5481
101707.5481
101707.5481
101707.5481
101707.5481
101707.5481
101707.5481
101707.4872
101707.4872
101707.4872
101707.4871
101707.4871
101707.4871
101707.4871
101707.487
101707.487
101707.487
101707.4869
101707.4869
101707.4868
101707.4868
101707.4868
101707.4867
101707.4867
101707.4867
101707.4866
101707.4866
101707.4866
101707.4865
101707.4865
101707.4865
101707.4865
101707.4864
101707.4864
101707.4864
101707.4864
101707.4864
101707.4864
101707.4864
101707.4864
101707.4864
101707.4864
101707.4864
101707.4864
101707.4864
101707.4864
101707.4864
101707.4254
101707.4254
101707.4254
101707.4254
101707.4253
101707.4253
101707.4253
101707.4253
101707.4252
101707.4252
101707.4252
101707.4251
101707.4251
101707.425
101707.425
101707.425
101707.4249
101707.4249
101707.4249
101707.4248
101707.4248
101707.4248
101707.4248
101707.4247
101707.4247
101707.4247
101707.4247
101707.4247
101707.4247
101707.4247
101707.4246
101707.4246
101707.4246
101707.4246
101707.4246
101707.4246
101707.4246
101707.4246
101707.4246
101707.4246
101707.3636
101707.3636
101707.3636
101707.3636
101707.3636
101707.3635
101707.3635
101707.3635
101707.3635
101707.3634
101707.3634
101707.3634
101707.3633
101707.3633
101707.3633
101707.3632
101707.3632
101707.3632
101707.3631
101707.3631
101707.3631
101707.363
101707.363
101707.363
101707.363
101707.363
101707.3629
101707.3629
101707.3629
101707.3629
101707.3629
101707.3629
101707.3629
101707.3629
101707.3629
101707.3629
101707.3629
101707.3629
101707.3629
101707.3629
101707.3018
101707.3018
101707.3018
101707.3018
101707.3018
101707.3018
101707.3018
101707.3017
101707.3017
101707.3017
101707.3016
101707.3016
101707.3016
101707.3015
101707.3015
101707.3015
101707.3014
101707.3014
101707.3014
101707.3013
101707.3013
101707.3013
101707.3013
101707.3012
101707.3012
101707.3012
101707.3012
101707.3012
101707.3012
101707.3012
101707.3012
101707.3011
101707.3011
101707.3011
101707.3011
101707.3011
101707.3011
101707.3011
101707.3011
101707.3011
101707.2401
101707.2401
101707.2401
101707.2401
101707.24
101707.24
101707.24
101707.24
101707.2399
101707.2399
101707.2399
101707.2398
101707.2398
101707.2398
101707.2397
101707.2397
101707.2397
101707.2397
101707.2396
101707.2396
101707.2396
101707.2395
101707.2395
101707.2395
101707.2395
101707.2395
101707.2395
101707.2394
101707.2394
101707.2394
101707.2394
101707.2394
101707.2394
101707.2394
101707.2394
101707.2394
101707.2394
101707.2394
101707.2394
101707.2394
101707.1783
101707.1783
101707.1783
101707.1783
101707.1783
101707.1783
101707.1782
101707.1782
101707.1782
101707.1782
101707.1781
101707.1781
101707.1781
101707.178
101707.178
101707.178
101707.1779
101707.1779
101707.1779
101707.1778
101707.1778
101707.1778
101707.1778
101707.1778
101707.1777
101707.1777
101707.1777
101707.1777
101707.1777
101707.1777
101707.1777
101707.1777
101707.1776
101707.1776
101707.1776
101707.1776
101707.1776
101707.1776
101707.1776
101707.1776
101707.1165
101707.1165
101707.1165
101707.1165
101707.1165
101707.1165
101707.1165
101707.1165
101707.1164
101707.1164
101707.1164
101707.1163
101707.1163
101707.1163
101707.1162
101707.1162
101707.1162
101707.1162
101707.1161
101707.1161
101707.1161
101707.116
101707.116
101707.116
101707.116
101707.116
101707.116
101707.1159
101707.1159
101707.1159
101707.1159
101707.1159
101707.1159
101707.1159
101707.1159
101707.1159
101707.1159
101707.1159
101707.1159
101707.1159
101707.0548
101707.0548
101707.0548
101707.0548
101707.0548
101707.0547
101707.0547
101707.0547
101707.0547
101707.0546
101707.0546
101707.0546
101707.0546
101707.0545
101707.0545
101707.0545
101707.0544
101707.0544
101707.0544
101707.0543
101707.0543
101707.0543
101707.0543
101707.0543
101707.0542
101707.0542
101707.0542
101707.0542
101707.0542
101707.0542
101707.0542
101707.0542
101707.0542
101707.0541
101707.0541
101707.0541
101707.0541
101707.0541
101707.0541
101707.0541
101706.993
101706.993
101706.993
101706.993
101706.993
101706.993
101706.993
101706.9929
101706.9929
101706.9929
101706.9929
101706.9928
101706.9928
101706.9928
101706.9927
101706.9927
101706.9927
101706.9927
101706.9926
101706.9926
101706.9926
101706.9926
101706.9925
101706.9925
101706.9925
101706.9925
101706.9925
101706.9924
101706.9924
101706.9924
101706.9924
101706.9924
101706.9924
101706.9924
101706.9924
101706.9924
101706.9924
101706.9924
101706.9924
101706.9924
101706.9313
101706.9313
101706.9313
101706.9313
101706.9312
101706.9312
101706.9312
101706.9312
101706.9312
101706.9311
101706.9311
101706.9311
101706.9311
101706.931
101706.931
101706.931
101706.9309
101706.9309
101706.9309
101706.9309
101706.9308
101706.9308
101706.9308
101706.9308
101706.9307
101706.9307
101706.9307
101706.9307
101706.9307
101706.9307
101706.9307
101706.9307
101706.9307
101706.9306
101706.9306
101706.9306
101706.9306
101706.9306
101706.9306
101706.9306
)
;

boundaryField
{
    front
    {
        type            wedge;
    }
    back
    {
        type            wedge;
    }
    tankWall
    {
        type            calculated;
        value           nonuniform List<scalar> 
120
(
102571.3857
102556.7248
102542.0032
102527.2925
102512.5851
102497.877
102483.1694
102468.4618
102453.753
102439.0433
102424.3323
102409.6202
102394.9064
102380.1909
102365.4738
102350.7552
102336.0351
102321.3133
102306.59
102291.8655
102277.1402
102262.4144
102247.6884
102232.9626
102218.2369
102203.5111
102188.7853
102174.0594
102159.3333
102144.6072
102129.8811
102115.1551
102100.4291
102085.7021
102070.9722
102056.2387
102041.5006
102026.7566
102012.0053
101997.2452
101982.4748
101967.6923
101952.8954
101938.0811
101923.2447
101908.3799
101893.4791
101878.5355
101863.5473
101848.529
101833.5422
101818.7315
101804.364
101790.7528
101778.2051
101766.9225
101756.8748
101747.7231
101738.8222
101729.476
101719.7621
101712.7875
101710.4675
101710.3988
101710.3346
101710.271
101710.2079
101710.1452
101710.0827
101710.0204
101709.9582
101709.8961
101709.8341
101709.7722
101709.7102
101709.6483
101709.5865
101709.5246
101709.4628
101709.4009
101709.3391
101709.2773
101709.2155
101709.1537
101709.092
101709.0302
101708.9684
101708.9066
101708.8449
101708.7831
101708.7213
101708.6596
101708.5978
101708.5361
101708.4743
101708.4126
101708.3508
101708.2891
101708.2273
101708.1656
101708.1038
101708.0421
101707.9803
101707.9186
101707.8568
101707.7951
101707.7334
101707.6716
101707.6099
101707.5481
101707.4864
101707.4246
101707.3629
101707.3011
101707.2394
101707.1776
101707.1159
101707.0541
101706.9924
101706.9306
)
;
    }
    bottom
    {
        type            calculated;
        value           nonuniform List<scalar> 
40
(
102575.6514
102575.6501
102575.647
102575.6424
102575.6361
102575.6284
102575.6192
102575.6085
102575.5965
102575.5833
102575.5688
102575.5531
102575.5365
102575.5189
102575.5005
102575.4814
102575.4617
102575.4415
102575.421
102575.4002
102575.3794
102575.3586
102575.3379
102575.3175
102575.2976
102575.2782
102575.2595
102575.2416
102575.2245
102575.2085
102575.1935
102575.1797
102575.1672
102575.1558
102575.1458
102575.1368
102575.1298
102575.1192
102575.1309
102575.0098
)
;
    }
    top
    {
        type            calculated;
        value           nonuniform List<scalar> 
40
(
101706.916
101706.916
101706.916
101706.916
101706.916
101706.916
101706.916
101706.9159
101706.9159
101706.9159
101706.9159
101706.9158
101706.9158
101706.9158
101706.9157
101706.9157
101706.9157
101706.9156
101706.9156
101706.9156
101706.9156
101706.9155
101706.9155
101706.9155
101706.9155
101706.9155
101706.9155
101706.9154
101706.9154
101706.9154
101706.9154
101706.9154
101706.9154
101706.9154
101706.9154
101706.9154
101706.9154
101706.9154
101706.9154
101706.9154
)
;
    }
    axis
    {
        type            empty;
    }
}


// ************************************************************************* //
