/*--------------------------------*- C++ -*----------------------------------*\
| =========                 |                                                 |
| \\      /  F ield         | OpenFOAM: The Open Source CFD Toolbox           |
|  \\    /   O peration     | Version:  v1912                                 |
|   \\  /    A nd           | Website:  www.openfoam.com                      |
|    \\/     M anipulation  |                                                 |
\*---------------------------------------------------------------------------*/
FoamFile
{
    version     2.0;
    format      ascii;
    class       volScalarField;
    location    "0.6";
    object      p_rgh;
}
// * * * * * * * * * * * * * * * * * * * * * * * * * * * * * * * * * * * * * //

dimensions      [1 -1 -2 0 0 0 0];


internalField   nonuniform List<scalar> 
4800
(
102575.6514
102575.6501
102575.647
102575.6424
102575.6361
102575.6284
102575.6192
102575.6085
102575.5965
102575.5833
102575.5688
102575.5531
102575.5365
102575.5189
102575.5005
102575.4814
102575.4617
102575.4415
102575.421
102575.4002
102575.3794
102575.3586
102575.3379
102575.3175
102575.2976
102575.2782
102575.2595
102575.2416
102575.2245
102575.2085
102575.1935
102575.1797
102575.1672
102575.1558
102575.1458
102575.1368
102575.1298
102575.1192
102575.1309
102575.0098
102568.2964
102568.2951
102568.292
102568.2874
102568.2811
102568.2733
102568.2641
102568.2534
102568.2414
102568.228
102568.2135
102568.1978
102568.1811
102568.1635
102568.145
102568.1258
102568.106
102568.0858
102568.0651
102568.0443
102568.0234
102568.0025
102567.9817
102567.9613
102567.9413
102567.9218
102567.903
102567.885
102567.8679
102567.8518
102567.8368
102567.8229
102567.8103
102567.7989
102567.7889
102567.7799
102567.7727
102567.7634
102567.7677
102567.55
102560.9427
102560.9414
102560.9383
102560.9336
102560.9273
102560.9195
102560.9101
102560.8994
102560.8873
102560.8738
102560.8592
102560.8434
102560.8266
102560.8088
102560.7902
102560.7709
102560.7509
102560.7305
102560.7097
102560.6887
102560.6676
102560.6466
102560.6257
102560.6051
102560.5849
102560.5653
102560.5463
102560.5282
102560.5109
102560.4947
102560.4796
102560.4656
102560.4529
102560.4414
102560.4313
102560.4225
102560.4153
102560.4078
102560.4033
102559.9494
102553.5902
102553.5889
102553.5858
102553.5811
102553.5747
102553.5668
102553.5574
102553.5465
102553.5343
102553.5207
102553.5059
102553.4899
102553.4729
102553.455
102553.4362
102553.4166
102553.3965
102553.3758
102553.3548
102553.3336
102553.3122
102553.2909
102553.2698
102553.2489
102553.2285
102553.2086
102553.1895
102553.1711
102553.1536
102553.1372
102553.1218
102553.1077
102553.0948
102553.0833
102553.0731
102553.0643
102553.0572
102553.0508
102553.0339
102552.2906
102546.2391
102546.2378
102546.2346
102546.2298
102546.2234
102546.2154
102546.2058
102546.1948
102546.1824
102546.1686
102546.1536
102546.1374
102546.1202
102546.102
102546.0829
102546.0631
102546.0426
102546.0217
102546.0003
102545.9788
102545.9571
102545.9355
102545.914
102545.8928
102545.8721
102545.8519
102545.8324
102545.8137
102545.796
102545.7792
102545.7636
102545.7493
102545.7362
102545.7245
102545.7142
102545.7054
102545.6983
102545.6925
102545.6573
102544.582
102538.8893
102538.888
102538.8848
102538.8799
102538.8733
102538.8652
102538.8555
102538.8443
102538.8316
102538.8176
102538.8024
102538.7859
102538.7684
102538.7498
102538.7304
102538.7102
102538.6894
102538.668
102538.6463
102538.6243
102538.6023
102538.5802
102538.5583
102538.5367
102538.5156
102538.495
102538.4751
102538.4561
102538.4379
102538.4209
102538.4049
102538.3903
102538.3769
102538.365
102538.3546
102538.3457
102538.3385
102538.333
102538.2744
102536.8318
102531.5408
102531.5395
102531.5363
102531.5313
102531.5246
102531.5163
102531.5064
102531.4949
102531.4821
102531.4678
102531.4522
102531.4354
102531.4175
102531.3985
102531.3787
102531.3581
102531.3368
102531.315
102531.2928
102531.2703
102531.2477
102531.2252
102531.2028
102531.1807
102531.1591
102531.138
102531.1176
102531.0981
102531.0796
102531.0621
102531.0457
102531.0307
102531.0171
102531.0049
102530.9942
102530.9851
102530.9777
102530.9723
102530.8857
102529.0448
102524.1937
102524.1924
102524.1891
102524.184
102524.1772
102524.1687
102524.1585
102524.1468
102524.1336
102524.119
102524.1031
102524.0859
102524.0675
102524.0481
102524.0278
102524.0067
102523.9849
102523.9625
102523.9397
102523.9167
102523.8935
102523.8704
102523.8474
102523.8247
102523.8025
102523.7809
102523.76
102523.7399
102523.7208
102523.7028
102523.686
102523.6706
102523.6565
102523.644
102523.633
102523.6237
102523.6161
102523.6106
102523.4829
102521.229
102516.8481
102516.8467
102516.8434
102516.8381
102516.8311
102516.8224
102516.812
102516.8
102516.7865
102516.7715
102516.7551
102516.7374
102516.7185
102516.6986
102516.6777
102516.656
102516.6336
102516.6106
102516.5872
102516.5635
102516.5397
102516.5159
102516.4922
102516.4689
102516.446
102516.4237
102516.4021
102516.3814
102516.3617
102516.3432
102516.3258
102516.3099
102516.2954
102516.2824
102516.2711
102516.2615
102516.2537
102516.2483
102516.0708
102513.3884
102509.5039
102509.5025
102509.499
102509.4937
102509.4865
102509.4775
102509.4668
102509.4545
102509.4405
102509.4251
102509.4082
102509.39
102509.3706
102509.3501
102509.3286
102509.3062
102509.2831
102509.2594
102509.2352
102509.2108
102509.1862
102509.1616
102509.1372
102509.113
102509.0894
102509.0663
102509.044
102509.0226
102509.0023
102508.9831
102508.9651
102508.9486
102508.9335
102508.9201
102508.9084
102508.8984
102508.8904
102508.8851
102508.6488
102505.5277
102502.1612
102502.1598
102502.1562
102502.1507
102502.1433
102502.134
102502.123
102502.1103
102502.0959
102502.0799
102502.0625
102502.0438
102502.0237
102502.0025
102501.9803
102501.9571
102501.9333
102501.9088
102501.8838
102501.8585
102501.833
102501.8076
102501.7823
102501.7573
102501.7328
102501.7089
102501.6858
102501.6636
102501.6425
102501.6225
102501.6039
102501.5867
102501.571
102501.557
102501.5448
102501.5345
102501.5261
102501.5208
102501.2186
102497.6485
102494.8201
102494.8186
102494.815
102494.8092
102494.8016
102494.792
102494.7806
102494.7675
102494.7526
102494.7361
102494.7181
102494.6987
102494.6779
102494.656
102494.6329
102494.609
102494.5842
102494.5588
102494.5329
102494.5067
102494.4803
102494.4539
102494.4276
102494.4017
102494.3762
102494.3514
102494.3274
102494.3043
102494.2823
102494.2615
102494.2421
102494.2242
102494.2078
102494.1932
102494.1804
102494.1696
102494.1608
102494.1552
102493.7796
102489.752
102487.4806
102487.4791
102487.4753
102487.4694
102487.4614
102487.4515
102487.4397
102487.4261
102487.4107
102487.3936
102487.3749
102487.3548
102487.3333
102487.3105
102487.2866
102487.2617
102487.236
102487.2096
102487.1827
102487.1554
102487.128
102487.1005
102487.0732
102487.0462
102487.0197
102486.9938
102486.9688
102486.9447
102486.9218
102486.9001
102486.8798
102486.8611
102486.8439
102486.8286
102486.8151
102486.8037
102486.7945
102486.7882
102486.3319
102481.8384
102480.1427
102480.1412
102480.1373
102480.1311
102480.1229
102480.1126
102480.1004
102480.0862
102480.0702
102480.0525
102480.0331
102480.0122
102479.9898
102479.9661
102479.9413
102479.9154
102479.8886
102479.8611
102479.8331
102479.8047
102479.7761
102479.7474
102479.7189
102479.6908
102479.6631
102479.6361
102479.61
102479.5849
102479.5609
102479.5382
102479.517
102479.4973
102479.4794
102479.4632
102479.449
102479.4368
102479.427
102479.4198
102478.8755
102473.9083
102472.8067
102472.8051
102472.801
102472.7946
102472.7861
102472.7754
102472.7627
102472.748
102472.7313
102472.7129
102472.6927
102472.6709
102472.6476
102472.6229
102472.597
102472.57
102472.5421
102472.5135
102472.4842
102472.4545
102472.4247
102472.3947
102472.365
102472.3355
102472.3066
102472.2784
102472.2511
102472.2248
102472.1997
102472.1759
102472.1537
102472.133
102472.1141
102472.097
102472.0819
102472.0689
102472.0583
102472.0498
102471.4101
102465.9626
102465.4724
102465.4708
102465.4665
102465.4599
102465.451
102465.4399
102465.4266
102465.4113
102465.394
102465.3748
102465.3537
102465.331
102465.3067
102465.2809
102465.2539
102465.2257
102465.1966
102465.1666
102465.136
102465.105
102465.0737
102465.0424
102465.0113
102464.9805
102464.9502
102464.9206
102464.892
102464.8644
102464.8381
102464.8132
102464.7898
102464.768
102464.7481
102464.7301
102464.714
102464.7001
102464.6885
102464.6781
102463.9359
102458.0021
102458.1401
102458.1384
102458.134
102458.1271
102458.1178
102458.1062
102458.0924
102458.0764
102458.0583
102458.0383
102458.0163
102457.9926
102457.9672
102457.9403
102457.912
102457.8825
102457.852
102457.8206
102457.7886
102457.7561
102457.7234
102457.6905
102457.6579
102457.6256
102457.5938
102457.5628
102457.5327
102457.5038
102457.4761
102457.4499
102457.4253
102457.4025
102457.3814
102457.3623
102457.3452
102457.3303
102457.3177
102457.305
102456.4522
102450.0274
102450.8097
102450.808
102450.8034
102450.7962
102450.7865
102450.7744
102450.76
102450.7433
102450.7244
102450.7034
102450.6805
102450.6557
102450.6291
102450.6009
102450.5713
102450.5404
102450.5085
102450.4756
102450.442
102450.4079
102450.3735
102450.3391
102450.3048
102450.2709
102450.2375
102450.2049
102450.1733
102450.1429
102450.1138
102450.0863
102450.0604
102450.0362
102450.014
102449.9938
102449.9756
102449.9595
102449.9458
102449.9304
102448.9589
102442.0388
102443.4815
102443.4797
102443.4748
102443.4673
102443.4572
102443.4446
102443.4295
102443.4121
102443.3923
102443.3704
102443.3464
102443.3204
102443.2926
102443.263
102443.232
102443.1996
102443.1661
102443.1315
102443.0963
102443.0605
102443.0243
102442.9881
102442.9521
102442.9164
102442.8813
102442.847
102442.8138
102442.7817
102442.7511
102442.7221
102442.6948
102442.6694
102442.6459
102442.6245
102442.6051
102442.5879
102442.5729
102442.5543
102441.4562
102434.037
102436.1555
102436.1536
102436.1485
102436.1406
102436.1301
102436.1169
102436.1011
102436.0829
102436.0622
102436.0392
102436.0141
102435.9868
102435.9576
102435.9267
102435.8941
102435.8601
102435.8248
102435.7885
102435.7515
102435.7138
102435.6758
102435.6377
102435.5997
102435.5621
102435.5251
102435.489
102435.454
102435.4203
102435.3881
102435.3575
102435.3288
102435.3019
102435.2771
102435.2544
102435.2339
102435.2154
102435.1992
102435.1767
102433.9445
102426.0227
102428.8317
102428.8297
102428.8244
102428.8162
102428.8052
102428.7913
102428.7749
102428.7557
102428.7341
102428.71
102428.6836
102428.6551
102428.6244
102428.5919
102428.5577
102428.5219
102428.4848
102428.4467
102428.4076
102428.3679
102428.3279
102428.2877
102428.2477
102428.2081
102428.1691
102428.1311
102428.0942
102428.0586
102428.0246
102427.9924
102427.9621
102427.9338
102427.9076
102427.8836
102427.8618
102427.8421
102427.8246
102427.798
102426.4242
102417.9969
102421.5104
102421.5083
102421.5028
102421.4942
102421.4826
102421.4681
102421.4509
102421.4308
102421.4082
102421.3829
102421.3552
102421.3252
102421.293
102421.2589
102421.2228
102421.1852
102421.1462
102421.106
102421.0648
102421.023
102420.9807
102420.9384
102420.8962
102420.8543
102420.8132
102420.7731
102420.7341
102420.6966
102420.6608
102420.6268
102420.5948
102420.565
102420.5374
102420.512
102420.489
102420.468
102420.4493
102420.4181
102418.8958
102409.9609
102414.1916
102414.1894
102414.1836
102414.1746
102414.1625
102414.1474
102414.1293
102414.1083
102414.0845
102414.058
102414.0289
102413.9974
102413.9636
102413.9276
102413.8897
102413.8501
102413.8089
102413.7665
102413.7231
102413.679
102413.6344
102413.5896
102413.545
102413.5009
102413.4575
102413.415
102413.3739
102413.3343
102413.2965
102413.2607
102413.227
102413.1955
102413.1664
102413.1397
102413.1153
102413.0932
102413.0734
102413.0375
102411.3593
102401.9162
102406.8755
102406.8732
102406.8671
102406.8577
102406.845
102406.8292
102406.8102
102406.7882
102406.7632
102406.7354
102406.7049
102406.6717
102406.6361
102406.5983
102406.5583
102406.5166
102406.4732
102406.4284
102406.3826
102406.336
102406.2889
102406.2416
102406.1944
102406.1477
102406.1018
102406.057
102406.0135
102405.9717
102405.9318
102405.894
102405.8584
102405.8253
102405.7947
102405.7666
102405.7409
102405.7176
102405.6967
102405.6554
102403.8163
102393.8646
102399.5623
102399.5598
102399.5534
102399.5436
102399.5303
102399.5136
102399.4938
102399.4707
102399.4445
102399.4153
102399.3832
102399.3483
102399.3109
102399.271
102399.2289
102399.1848
102399.139
102399.0918
102399.0433
102398.994
102398.9442
102398.8942
102398.8443
102398.7949
102398.7463
102398.6989
102398.6529
102398.6087
102398.5666
102398.5267
102398.4892
102398.4544
102398.4222
102398.3927
102398.3658
102398.3413
102398.3191
102398.2717
102396.2672
102385.8072
102392.2519
102392.2494
102392.2427
102392.2323
102392.2184
102392.201
102392.1801
102392.1559
102392.1284
102392.0978
102392.064
102392.0273
102391.9879
102391.9459
102391.9015
102391.855
102391.8066
102391.7566
102391.7054
102391.6533
102391.6005
102391.5475
102391.4947
102391.4424
102391.3909
102391.3407
102391.2921
102391.2453
102391.2008
102391.1587
102391.1192
102391.0826
102391.0488
102391.0179
102390.9898
102390.9642
102390.9411
102390.8874
102388.7111
102377.7452
102384.9447
102384.942
102384.935
102384.9242
102384.9096
102384.8913
102384.8695
102384.8441
102384.8152
102384.783
102384.7475
102384.7089
102384.6674
102384.6231
102384.5762
102384.5271
102384.476
102384.4231
102384.3689
102384.3137
102384.2578
102384.2017
102384.1457
102384.0902
102384.0357
102383.9825
102383.931
102383.8815
102383.8344
102383.79
102383.7484
102383.7099
102383.6745
102383.6422
102383.6129
102383.5865
102383.5625
102383.5022
102381.1487
102369.6797
102377.6407
102377.6379
102377.6306
102377.6192
102377.604
102377.5849
102377.562
102377.5353
102377.505
102377.4712
102377.4339
102377.3932
102377.3495
102377.3027
102377.2533
102377.2014
102377.1473
102377.0914
102377.034
102376.9754
102376.9162
102376.8567
102376.7973
102376.7384
102376.6806
102376.6242
102376.5696
102376.5172
102376.4674
102376.4205
102376.3767
102376.3362
102376.2991
102376.2655
102376.2352
102376.2079
102376.1834
102376.116
102373.5803
102361.6121
102370.3402
102370.3372
102370.3295
102370.3177
102370.3017
102370.2817
102370.2577
102370.2298
102370.198
102370.1625
102370.1232
102370.0805
102370.0343
102369.985
102369.9328
102369.8779
102369.8207
102369.7615
102369.7007
102369.6386
102369.5757
102369.5125
102369.4495
102369.387
102369.3256
102369.2658
102369.2079
102369.1524
102369.0997
102369.0501
102369.0039
102368.9614
102368.9226
102368.8876
102368.8564
102368.8285
102368.8037
102368.7286
102366.0058
102353.5435
102363.0433
102363.0401
102363.0321
102363.0197
102363.003
102362.9821
102362.957
102362.9277
102362.8944
102362.8571
102362.8158
102362.7708
102362.7222
102362.6701
102362.615
102362.5569
102362.4964
102362.4336
102362.3691
102362.3032
102362.2365
102362.1694
102362.1024
102362.036
102361.9708
102361.9072
102361.8457
102361.7869
102361.7311
102361.6787
102361.63
102361.5853
102361.5448
102361.5085
102361.4763
102361.4481
102361.4233
102361.3402
102358.4254
102345.4748
102355.7501
102355.7468
102355.7384
102355.7254
102355.708
102355.6862
102355.6599
102355.6293
102355.5943
102355.5551
102355.5118
102355.4644
102355.4132
102355.3583
102355.3
102355.2386
102355.1744
102355.1079
102355.0394
102354.9695
102354.8986
102354.8272
102354.7559
102354.6853
102354.616
102354.5484
102354.4831
102354.4207
102354.3615
102354.3061
102354.2547
102354.2078
102354.1654
102354.1278
102354.0949
102354.0665
102354.0421
102353.9507
102350.8392
102337.4068
102348.4609
102348.4574
102348.4486
102348.4351
102348.417
102348.3942
102348.3667
102348.3347
102348.2981
102348.2569
102348.2114
102348.1615
102348.1075
102348.0496
102347.988
102347.923
102347.855
102347.7845
102347.7118
102347.6374
102347.562
102347.4861
102347.4102
102347.3351
102347.2613
102347.1894
102347.12
102347.0536
102346.9909
102346.9322
102346.878
102346.8286
102346.7843
102346.7454
102346.7117
102346.6833
102346.6599
102346.5606
102343.247
102329.3405
102341.1758
102341.1721
102341.163
102341.1489
102341.13
102341.1062
102341.0776
102341.0441
102341.0058
102340.9627
102340.9148
102340.8624
102340.8055
102340.7444
102340.6792
102340.6105
102340.5384
102340.4635
102340.3863
102340.3072
102340.227
102340.1461
102340.0653
102339.9853
102339.9066
102339.83
102339.7562
102339.6856
102339.619
102339.5568
102339.4995
102339.4476
102339.4013
102339.3608
102339.3264
102339.298
102339.2753
102339.1676
102335.6518
102321.2777
102333.8951
102333.8911
102333.8816
102333.867
102333.8474
102333.8226
102333.7928
102333.7578
102333.7178
102333.6726
102333.6224
102333.5673
102333.5073
102333.4428
102333.374
102333.3012
102333.2248
102333.1453
102333.0631
102332.979
102332.8935
102332.8073
102332.7212
102332.6358
102332.5519
102332.4703
102332.3916
102332.3165
102332.2457
102332.1797
102332.1191
102332.0643
102332.0158
102331.9739
102331.9387
102331.9102
102331.888
102331.7706
102328.054
102313.2188
102326.6188
102326.6146
102326.6048
102326.5897
102326.5693
102326.5436
102326.5125
102326.4761
102326.4343
102326.387
102326.3344
102326.2764
102326.2133
102326.1452
102326.0725
102325.9954
102325.9143
102325.8299
102325.7425
102325.6529
102325.5618
102325.4698
102325.3779
102325.2867
102325.1972
102325.1101
102325.0261
102324.9462
102324.8708
102324.8007
102324.7365
102324.6787
102324.6278
102324.5842
102324.5482
102324.5198
102324.4986
102324.3717
102320.4501
102305.1626
102319.3471
102319.3428
102319.3326
102319.317
102319.2959
102319.2692
102319.237
102319.1991
102319.1555
102319.1061
102319.0509
102318.9901
102318.9237
102318.8519
102318.775
102318.6933
102318.6074
102318.5176
102318.4246
102318.3291
102318.2319
102318.1337
102318.0355
102317.938
102317.8424
102317.7493
102317.6597
102317.5743
102317.4941
102317.4195
102317.3513
102317.2902
102317.2366
102317.1912
102317.1543
102317.1261
102317.1062
102316.9695
102312.8406
102297.1084
102312.0803
102312.0758
102312.0653
102312.0491
102312.0274
102311.9998
102311.9665
102311.9271
102311.8817
102311.8302
102311.7725
102311.7087
102311.6388
102311.5631
102311.4819
102311.3954
102311.3041
102311.2087
102311.1096
102311.0078
102310.9039
102310.799
102310.6939
102310.5897
102310.4873
102310.3878
102310.292
102310.2009
102310.1152
102310.0358
102309.9633
102309.8984
102309.8419
102309.7943
102309.7564
102309.7284
102309.71
102309.5633
102305.2252
102289.0549
102304.8185
102304.8137
102304.8029
102304.7864
102304.764
102304.7356
102304.7012
102304.6604
102304.6133
102304.5596
102304.4993
102304.4325
102304.3591
102304.2793
102304.1934
102304.1018
102304.0049
102303.9034
102303.7978
102303.6891
102303.5781
102303.4659
102303.3534
102303.2417
102303.132
102303.0254
102302.9229
102302.8255
102302.734
102302.6493
102302.572
102302.5031
102302.4431
102302.3931
102302.3538
102302.3259
102302.3089
102302.1522
102297.6032
102281.0005
102297.5617
102297.5568
102297.5458
102297.5288
102297.5059
102297.4768
102297.4413
102297.3993
102297.3504
102297.2946
102297.2318
102297.1618
102297.0847
102297.0007
102296.91
102296.813
102296.7101
102296.6021
102296.4895
102296.3734
102296.2547
102296.1344
102296.0138
102295.894
102295.7764
102295.662
102295.5522
102295.4479
102295.3501
102295.2596
102295.1771
102295.1035
102295.0397
102294.9867
102294.9457
102294.9176
102294.902
102294.7354
102289.9739
102272.9432
102290.3102
102290.3051
102290.2939
102290.2766
102290.2533
102290.2236
102290.1872
102290.144
102290.0935
102290.0356
102289.9702
102289.8971
102289.8162
102289.7278
102289.6321
102289.5293
102289.4201
102289.3051
102289.185
102289.0608
102288.9337
102288.8047
102288.6752
102288.5466
102288.4202
102288.2974
102288.1795
102288.0678
102287.963
102287.8662
102287.778
102287.6993
102287.6309
102287.5743
102287.531
102287.5023
102287.4881
102287.3118
102282.3361
102264.8806
102283.0639
102283.0587
102283.0473
102283.0299
102283.0063
102282.9761
102282.939
102282.8947
102282.8428
102282.783
102282.715
102282.6387
102282.5541
102282.4611
102282.3601
102282.2513
102282.1353
102282.0128
102281.8846
102281.7517
102281.6154
102281.4769
102281.3377
102281.1993
102281.0633
102280.9312
102280.8046
102280.6847
102280.5725
102280.4688
102280.3743
102280.2897
102280.2161
102280.155
102280.1085
102280.0788
102280.0656
102279.8804
102274.689
102256.81
102275.823
102275.8176
102275.8063
102275.7888
102275.7651
102275.7346
102275.697
102275.6518
102275.5986
102275.5369
102275.4665
102275.3871
102275.2986
102275.201
102275.0945
102274.9793
102274.8561
102274.7256
102274.5886
102274.4463
102274.3
102274.1511
102274.0012
102273.8521
102273.7055
102273.5633
102273.427
102273.2982
102273.1778
102273.0668
102272.9654
102272.8743
102272.7943
102272.7275
102272.6766
102272.6451
102272.6324
102272.4393
102267.0325
102248.7285
102268.5873
102268.5819
102268.5706
102268.5533
102268.5297
102268.4992
102268.4613
102268.4155
102268.3612
102268.298
102268.2253
102268.1428
102268.0504
102267.9481
102267.8358
102267.714
102267.5831
102267.444
102267.2976
102267.1451
102266.9879
102266.8275
102266.6659
102266.5049
102266.3466
102266.1931
102266.0462
102265.9076
102265.7785
102265.6596
102265.5508
102265.4523
102265.3647
102265.2904
102265.2334
102265.1987
102265.1859
102264.9872
102259.3668
102240.6328
102261.3568
102261.3514
102261.3404
102261.3235
102261.3002
102261.27
102261.2322
102261.1861
102261.1311
102261.0665
102260.9917
102260.9063
102260.8101
102260.7028
102260.5846
102260.4558
102260.3169
102260.1686
102260.012
102259.8484
102259.6793
102259.5064
102259.3318
102259.1576
102258.9863
102258.8201
102258.6615
102258.5123
102258.3738
102258.2465
102258.1299
102258.0231
102257.9263
102257.8422
102257.7764
102257.7366
102257.7231
102257.5216
102251.6929
102232.5192
102254.1312
102254.1259
102254.1154
102254.0991
102254.0765
102254.047
102254.0097
102253.9638
102253.9084
102253.8427
102253.7662
102253.6781
102253.5781
102253.4659
102253.3417
102253.2056
102253.0581
102252.9
102252.7324
102252.5567
102252.3746
102252.1879
102251.9989
102251.81
102251.6241
102251.4438
102251.2721
102251.1113
102250.9628
102250.827
102250.7023
102250.5864
102250.4782
102250.3806
102250.3016
102250.2541
102250.2386
102250.037
102244.0123
102224.3848
102246.9104
102246.9053
102246.8954
102246.8801
102246.8586
102246.8303
102246.794
102246.7487
102246.6935
102246.6272
102246.5492
102246.4586
102246.355
102246.238
102246.1076
102245.9639
102245.8073
102245.6388
102245.4594
102245.2706
102245.0742
102244.8723
102244.6673
102244.462
102244.2596
102244.0634
102243.877
102243.7033
102243.5444
102243.4001
102243.2677
102243.1421
102243.0196
102242.903
102242.8034
102242.742
102242.7224
102242.5264
102236.3196
102216.2251
102239.6939
102239.6891
102239.6801
102239.6662
102239.6464
102239.6197
102239.5851
102239.5411
102239.4866
102239.4203
102239.3413
102239.2486
102239.1416
102239.0199
102238.8832
102238.7316
102238.5655
102238.3858
102238.1936
102237.9906
102237.7786
102237.5599
102237.3371
102237.1134
102236.8922
102236.6779
102236.4748
102236.2869
102236.117
102235.9652
102235.8261
102235.6901
102235.5491
102235.405
102235.272
102235.1857
102235.1585
102234.9766
102228.6366
102208.0384
102232.4812
102232.4769
102232.4691
102232.4569
102232.4394
102232.4152
102232.383
102232.3411
102232.2881
102232.2224
102232.1429
102232.0485
102231.9385
102231.8122
102231.6692
102231.5095
102231.3335
102231.1418
102230.9359
102230.7175
102230.4885
102230.2513
102230.0086
102229.764
102229.5215
102229.2862
102229.0638
102228.8601
102228.68
102228.523
102228.3796
102228.2314
102228.0638
102227.8779
102227.6881
102227.5565
102227.5175
102227.369
102220.9299
102199.8181
102225.2714
102225.2678
102225.2616
102225.2519
102225.2373
102225.2164
102225.1875
102225.1487
102225.0981
102225.0338
102224.9545
102224.859
102224.7464
102224.6157
102224.4666
102224.2987
102224.1122
102223.9078
102223.6872
102223.452
102223.2045
102222.9469
102222.6822
102222.4138
102222.1467
102221.8871
102221.6419
102221.4203
102221.2311
102221.077
102220.9395
102220.7816
102220.5717
102220.3078
102220.0107
102219.7969
102219.746
102219.666
102213.2036
102191.5704
102218.0638
102218.061
102218.0569
102218.0502
102218.0394
102218.0229
102217.9986
102217.964
102217.9168
102217.855
102217.7767
102217.6807
102217.566
102217.4314
102217.2763
102217.1001
102216.9027
102216.6849
102216.4483
102216.1951
102215.9275
102215.6477
102215.3584
102215.063
102214.7669
102214.4771
102214.2032
102213.9606
102213.7692
102213.6363
102213.5265
102213.3694
102213.0992
102212.6063
102211.8818
102211.6822
102211.7439
102211.8254
102205.4409
102183.3021
102210.8571
102210.8554
102210.8538
102210.8509
102210.845
102210.8341
102210.8157
102210.7868
102210.7445
102210.6862
102210.6099
102210.5142
102210.398
102210.2601
102210.0994
102209.9148
102209.7061
102209.4739
102209.2202
102208.9476
102208.6584
102208.3546
102208.0379
102207.7118
102207.3817
102207.0552
102206.7449
102206.4795
102206.2959
102206.2084
102206.161
102206.0292
102205.4367
102203.0428
102201.4232
102201.7086
102203.0525
102203.7317
102197.6381
102175.0658
102203.6498
102203.6495
102203.6511
102203.6528
102203.6529
102203.6492
102203.6384
102203.617
102203.5812
102203.5278
102203.4545
102203.3601
102203.2433
102203.1028
102202.9369
102202.7441
102202.5237
102202.2762
102202.0039
102201.7103
102201.398
102201.0683
102200.7225
102200.3644
102199.9992
102199.6316
102199.2762
102198.9783
102198.8001
102198.7805
102198.8316
102198.3716
102195.2168
102190.6301
102190.7681
102190.4114
102193.0607
102195.4141
102189.608
102166.9397
102196.4404
102196.4418
102196.447
102196.4543
102196.4618
102196.4669
102196.466
102196.4543
102196.427
102196.3801
102196.311
102196.2187
102196.1023
102195.9602
102195.79
102195.5893
102195.3567
102195.0925
102194.7998
102194.4836
102194.1474
102193.7921
102193.4195
102193.0347
102192.6387
102192.2242
102191.803
102191.4514
102191.2737
102191.3382
102191.0279
102186.9683
102182.3517
102182.1241
102183.6759
102182.5658
102183.7012
102187.0743
102181.3658
102159.1316
102189.2268
102189.2301
102189.2396
102189.2533
102189.2697
102189.2859
102189.2974
102189.2984
102189.2822
102189.2435
102189.1797
102189.0905
102188.9757
102188.8334
102188.6602
102188.4522
102188.2067
102187.9238
102187.6086
102187.2698
102186.9119
102186.5347
102186.14
102185.7331
102185.2954
102184.7627
102184.1978
102183.8103
102183.6969
102183.3781
102179.1782
102172.8626
102170.9816
102175.3425
102176.9772
102175.8624
102175.7539
102179.4045
102172.6819
102151.9907
102182.0069
102182.0124
102182.0265
102182.0477
102182.0745
102182.104
102182.1314
102182.1488
102182.147
102182.1186
102182.0609
102181.9756
102181.8637
102181.7233
102181.5489
102181.3348
102181.0762
102180.7728
102180.4345
102180.0755
102179.6985
102179.2939
102178.8535
102178.3246
102177.476
102176.3201
102175.5141
102175.2435
102175.1319
102171.5862
102163.9389
102158.9828
102157.9446
102164.9872
102169.1655
102169.1034
102169.7299
102172.194
102163.6777
102145.7222
102174.7784
102174.7861
102174.805
102174.8343
102174.8729
102174.9186
102174.9659
102175.0049
102175.0221
102175.0063
102174.955
102174.8739
102174.7669
102174.6315
102174.4591
102174.2416
102173.9705
102173.6421
102173.2652
102172.8382
102172.3177
102171.6347
102170.6689
102168.9703
102166.2817
102163.9497
102162.9191
102162.7053
102161.6441
102154.6329
102144.7819
102136.4018
102130.8914
102137.246
102154.2918
102161.1885
102163.6419
102164.9411
102154.5699
102140.3408
102167.5394
102167.5494
102167.5731
102167.6105
102167.662
102167.7265
102167.799
102167.8672
102167.9103
102167.9095
102167.8632
102167.7851
102167.6837
102167.5533
102167.3727
102167.1096
102166.6941
102166.0121
102164.9395
102163.3849
102161.3817
102159.0195
102155.8938
102151.2801
102146.1403
102142.4666
102140.8224
102140.4916
102139.8557
102131.1801
102116.4784
102097.4429
102080.4439
102076.2337
102118.1269
102145.0216
102154.1223
102156.408
102145.8107
102135.4626
102160.2768
102160.2894
102160.3172
102160.3618
102160.4253
102160.5092
102160.6101
102160.7112
102160.7736
102160.7491
102160.6058
102160.3185
102159.8103
102158.9038
102157.321
102154.8412
102151.2927
102146.5698
102140.9871
102135.3022
102130.2001
102125.7482
102121.0262
102114.6826
102107.4397
102101.9477
102099.9078
102101.9577
102104.9222
102098.1998
102073.3832
102037.609
101996.4473
101976.8546
102025.5804
102102.637
102137.8776
102145.5737
102137.8894
102129.9713
102143.5687
102143.5767
102143.5298
102143.4915
102143.4589
102143.4055
102143.1682
102142.2384
102139.6832
102134.7285
102127.5685
102119.0404
102109.6282
102099.5055
102089.1539
102079.7743
102071.2135
102062.4646
102054.2969
102048.1257
102044.0358
102041.6449
102039.6401
102033.9612
102024.8672
102016.8734
102013.8253
102024.1447
102037.7041
102044.1605
102016.4689
101970.0662
101910.2299
101873.1447
101874.7098
101992.3029
102093.7201
102129.8562
102130.1823
102121.1693
101854.503
101854.8183
101855.5596
101856.6682
101858.1926
101860.1441
101862.4939
101864.859
101865.9505
101864.861
101862.3852
101861.3877
101862.8345
101867.0828
101871.5057
101875.1136
101877.7492
101879.1001
101879.3645
101878.7153
101878.1707
101880.0912
101882.633
101883.7542
101875.2605
101865.5039
101859.9517
101873.1221
101902.6024
101932.3014
101945.2823
101912.6107
101858.6472
101796.7641
101774.6316
101829.0395
101966.409
102087.5305
102116.7791
102102.4683
101718.4282
101718.4265
101718.5547
101718.8547
101719.447
101720.6114
101723.1141
101728.1051
101734.6801
101740.5571
101745.6746
101750.7486
101755.4188
101758.7533
101760.4304
101760.9314
101760.9385
101760.4021
101759.1498
101757.5149
101756.2932
101756.0136
101757.4445
101758.4359
101755.8115
101749.8153
101745.0189
101744.2996
101760.538
101785.1947
101814.4346
101832.9285
101819.6913
101785.5431
101746.3391
101740.3834
101791.2712
101932.2823
102048.2158
102055.3093
101712.4971
101712.5087
101712.5182
101712.5326
101712.5613
101712.6361
101712.9861
101714.5875
101717.3883
101719.707
101721.2138
101722.2629
101722.9584
101723.2386
101723.2523
101722.9329
101722.3119
101721.5519
101720.6825
101719.7746
101719.0092
101718.5797
101718.4597
101718.4933
101717.9459
101716.577
101715.2189
101714.6408
101715.8236
101719.208
101726.021
101737.1547
101749.8774
101755.9328
101745.1708
101730.412
101722.3845
101741.9081
101799.2279
101847.4027
101712.4204
101712.4212
101712.4231
101712.4262
101712.4303
101712.4347
101712.443
101712.607
101713.3205
101714.1235
101714.4892
101714.5562
101714.513
101714.3929
101714.2296
101714.0296
101713.7995
101713.5598
101713.3243
101713.1074
101712.9316
101712.8145
101712.7489
101712.7105
101712.6583
101712.5389
101712.4281
101712.3797
101712.3787
101712.4379
101712.6084
101713.1566
101714.5717
101717.4762
101724.6609
101722.005
101718.5816
101714.4705
101712.5474
101712.3856
101712.3842
101712.3845
101712.3856
101712.3871
101712.3885
101712.3882
101712.3829
101712.3743
101712.4246
101712.5782
101712.6891
101712.7077
101712.6786
101712.6275
101712.5732
101712.5205
101712.4717
101712.4284
101712.3923
101712.3649
101712.3467
101712.3369
101712.3329
101712.3316
101712.3308
101712.328
101712.3248
101712.3235
101712.3242
101712.3248
101712.3247
101712.3254
101712.3322
101712.4169
101712.6527
101712.7476
101712.6443
101712.3786
101712.3338
101712.3315
101712.3481
101712.3481
101712.3484
101712.3487
101712.3482
101712.3457
101712.3392
101712.3266
101712.3128
101712.3109
101712.3214
101712.3283
101712.3272
101712.3212
101712.3138
101712.3068
101712.3009
101712.2959
101712.2919
101712.2891
101712.2879
101712.2878
101712.2887
101712.2899
101712.291
101712.2914
101712.2911
101712.2913
101712.2929
101712.2947
101712.2958
101712.2954
101712.2936
101712.2913
101712.2928
101712.2953
101712.2948
101712.2987
101712.3036
101712.3055
101712.3119
101712.3117
101712.3114
101712.3108
101712.3092
101712.3057
101712.2993
101712.289
101712.2764
101712.2654
101712.2594
101712.2568
101712.2556
101712.255
101712.2545
101712.2543
101712.2543
101712.2543
101712.2543
101712.2542
101712.2544
101712.255
101712.2559
101712.257
101712.2579
101712.2585
101712.2589
101712.2597
101712.2611
101712.2624
101712.2631
101712.2635
101712.2635
101712.2631
101712.2617
101712.2622
101712.264
101712.2647
101712.2662
101712.2678
101712.2757
101712.2753
101712.2747
101712.2736
101712.2714
101712.2678
101712.2619
101712.2537
101712.2438
101712.2345
101712.2279
101712.2239
101712.2218
101712.2209
101712.2206
101712.2207
101712.2209
101712.2212
101712.2214
101712.2216
101712.2221
101712.2228
101712.2238
101712.2249
101712.2259
101712.2268
101712.2277
101712.2287
101712.2299
101712.231
101712.2317
101712.232
101712.2319
101712.2317
101712.2317
101712.2321
101712.2329
101712.2353
101712.2372
101712.2376
101712.2397
101712.2393
101712.2385
101712.2371
101712.2347
101712.2312
101712.2262
101712.2195
101712.2119
101712.2043
101712.1983
101712.1941
101712.1916
101712.1902
101712.1896
101712.1893
101712.1894
101712.1896
101712.1898
101712.1902
101712.1908
101712.1916
101712.1927
101712.1938
101712.1949
101712.1958
101712.1968
101712.1978
101712.1988
101712.1997
101712.2003
101712.2006
101712.2007
101712.2007
101712.2008
101712.2012
101712.2021
101712.2028
101712.2037
101712.2044
101712.204
101712.2036
101712.2027
101712.2012
101712.1989
101712.1957
101712.1914
101712.186
101712.1799
101712.1739
101712.1688
101712.1649
101712.1622
101712.1606
101712.1596
101712.1592
101712.159
101712.1591
101712.1594
101712.1598
101712.1604
101712.1612
101712.1621
101712.1631
101712.1641
101712.1651
101712.166
101712.1668
101712.1677
101712.1684
101712.1689
101712.1693
101712.1695
101712.1696
101712.1698
101712.1702
101712.1708
101712.1717
101712.1724
101712.1728
101712.1688
101712.1684
101712.1675
101712.166
101712.1639
101712.161
101712.1573
101712.1529
101712.148
101712.1431
101712.1388
101712.1354
101712.1329
101712.1312
101712.1301
101712.1295
101712.1292
101712.1292
101712.1293
101712.1297
101712.1302
101712.1309
101712.1317
101712.1326
101712.1334
101712.1343
101712.135
101712.1358
101712.1365
101712.1371
101712.1376
101712.138
101712.1382
101712.1385
101712.1387
101712.1391
101712.1396
101712.1401
101712.1406
101712.1409
101712.134
101712.1336
101712.1327
101712.1314
101712.1294
101712.1269
101712.1237
101712.12
101712.1161
101712.1121
101712.1085
101712.1055
101712.1032
101712.1015
101712.1004
101712.0997
101712.0994
101712.0992
101712.0993
101712.0996
101712.1
101712.1006
101712.1012
101712.1019
101712.1027
101712.1034
101712.1041
101712.1048
101712.1054
101712.1059
101712.1064
101712.1067
101712.107
101712.1073
101712.1075
101712.1079
101712.1083
101712.1087
101712.1091
101712.1093
101712.0996
101712.0992
101712.0984
101712.0972
101712.0954
101712.0932
101712.0905
101712.0875
101712.0842
101712.0809
101712.0778
101712.0752
101712.0732
101712.0716
101712.0705
101712.0698
101712.0694
101712.0692
101712.0692
101712.0694
101712.0697
101712.0701
101712.0707
101712.0713
101712.0719
101712.0725
101712.0731
101712.0737
101712.0743
101712.0748
101712.0752
101712.0755
101712.0758
101712.076
101712.0763
101712.0766
101712.0769
101712.0773
101712.0775
101712.0777
101712.0656
101712.0653
101712.0645
101712.0634
101712.0619
101712.0599
101712.0576
101712.0551
101712.0523
101712.0496
101712.047
101712.0447
101712.0429
101712.0414
101712.0404
101712.0396
101712.0392
101712.0389
101712.0389
101712.039
101712.0392
101712.0396
101712.0401
101712.0406
101712.0411
101712.0416
101712.0422
101712.0427
101712.0431
101712.0436
101712.044
101712.0443
101712.0446
101712.0448
101712.0451
101712.0453
101712.0456
101712.0459
101712.0461
101712.0462
101712.0319
101712.0317
101712.031
101712.03
101712.0287
101712.027
101712.025
101712.0228
101712.0205
101712.0182
101712.016
101712.014
101712.0124
101712.0111
101712.0101
101712.0093
101712.0089
101712.0086
101712.0085
101712.0085
101712.0087
101712.009
101712.0094
101712.0098
101712.0102
101712.0107
101712.0112
101712.0116
101712.012
101712.0124
101712.0127
101712.013
101712.0133
101712.0136
101712.0138
101712.014
101712.0143
101712.0145
101712.0146
101712.0147
101711.9986
101711.9983
101711.9978
101711.9969
101711.9957
101711.9942
101711.9926
101711.9907
101711.9887
101711.9867
101711.9849
101711.9832
101711.9817
101711.9805
101711.9796
101711.9789
101711.9784
101711.9781
101711.978
101711.978
101711.9781
101711.9783
101711.9786
101711.979
101711.9794
101711.9797
101711.9801
101711.9805
101711.9809
101711.9812
101711.9816
101711.9818
101711.9821
101711.9823
101711.9825
101711.9827
101711.9829
101711.9831
101711.9832
101711.9833
101711.9655
101711.9653
101711.9648
101711.964
101711.963
101711.9617
101711.9603
101711.9587
101711.957
101711.9553
101711.9537
101711.9522
101711.9509
101711.9498
101711.949
101711.9483
101711.9479
101711.9475
101711.9474
101711.9474
101711.9474
101711.9476
101711.9478
101711.9481
101711.9484
101711.9488
101711.9491
101711.9495
101711.9498
101711.9501
101711.9504
101711.9506
101711.9508
101711.9511
101711.9513
101711.9514
101711.9516
101711.9518
101711.9519
101711.9519
101711.9326
101711.9325
101711.932
101711.9314
101711.9305
101711.9294
101711.9281
101711.9267
101711.9253
101711.9238
101711.9224
101711.9212
101711.92
101711.9191
101711.9183
101711.9176
101711.9172
101711.9169
101711.9167
101711.9166
101711.9167
101711.9168
101711.917
101711.9172
101711.9175
101711.9178
101711.9181
101711.9184
101711.9186
101711.9189
101711.9192
101711.9194
101711.9196
101711.9198
101711.92
101711.9202
101711.9203
101711.9204
101711.9205
101711.9206
101711.9
101711.8999
101711.8995
101711.8989
101711.8981
101711.8972
101711.8961
101711.8949
101711.8936
101711.8924
101711.8912
101711.8901
101711.889
101711.8882
101711.8875
101711.8869
101711.8864
101711.8861
101711.886
101711.8859
101711.8859
101711.886
101711.8861
101711.8863
101711.8865
101711.8868
101711.887
101711.8873
101711.8875
101711.8878
101711.888
101711.8882
101711.8884
101711.8886
101711.8887
101711.8889
101711.889
101711.8891
101711.8892
101711.8892
101711.8675
101711.8674
101711.8671
101711.8666
101711.8659
101711.8651
101711.8641
101711.8631
101711.862
101711.8609
101711.8599
101711.8589
101711.858
101711.8572
101711.8566
101711.856
101711.8556
101711.8553
101711.8551
101711.855
101711.855
101711.8551
101711.8552
101711.8553
101711.8555
101711.8557
101711.8559
101711.8562
101711.8564
101711.8566
101711.8568
101711.857
101711.8571
101711.8573
101711.8575
101711.8576
101711.8577
101711.8578
101711.8578
101711.8579
101711.8352
101711.8351
101711.8348
101711.8344
101711.8338
101711.8331
101711.8323
101711.8314
101711.8304
101711.8295
101711.8286
101711.8277
101711.8269
101711.8262
101711.8256
101711.8251
101711.8247
101711.8245
101711.8243
101711.8242
101711.8241
101711.8241
101711.8242
101711.8243
101711.8245
101711.8247
101711.8248
101711.825
101711.8252
101711.8254
101711.8256
101711.8258
101711.8259
101711.8261
101711.8262
101711.8263
101711.8264
101711.8265
101711.8265
101711.8266
101711.8031
101711.803
101711.8027
101711.8023
101711.8018
101711.8012
101711.8005
101711.7997
101711.7989
101711.7981
101711.7973
101711.7965
101711.7958
101711.7952
101711.7946
101711.7942
101711.7938
101711.7935
101711.7933
101711.7932
101711.7932
101711.7932
101711.7932
101711.7933
101711.7934
101711.7936
101711.7937
101711.7939
101711.7941
101711.7942
101711.7944
101711.7945
101711.7947
101711.7948
101711.7949
101711.795
101711.7951
101711.7952
101711.7952
101711.7953
101711.771
101711.7709
101711.7707
101711.7704
101711.7699
101711.7694
101711.7687
101711.7681
101711.7674
101711.7666
101711.7659
101711.7652
101711.7646
101711.7641
101711.7636
101711.7632
101711.7628
101711.7626
101711.7624
101711.7623
101711.7622
101711.7622
101711.7622
101711.7623
101711.7624
101711.7625
101711.7626
101711.7628
101711.7629
101711.7631
101711.7632
101711.7633
101711.7635
101711.7636
101711.7637
101711.7638
101711.7638
101711.7639
101711.7639
101711.764
101711.739
101711.739
101711.7388
101711.7385
101711.7381
101711.7376
101711.7371
101711.7365
101711.7358
101711.7352
101711.7346
101711.734
101711.7334
101711.7329
101711.7325
101711.7321
101711.7318
101711.7316
101711.7314
101711.7312
101711.7312
101711.7312
101711.7312
101711.7312
101711.7313
101711.7314
101711.7315
101711.7316
101711.7318
101711.7319
101711.732
101711.7321
101711.7322
101711.7323
101711.7324
101711.7325
101711.7326
101711.7326
101711.7327
101711.7327
101711.7072
101711.7071
101711.7069
101711.7067
101711.7063
101711.7059
101711.7054
101711.7049
101711.7044
101711.7038
101711.7033
101711.7027
101711.7022
101711.7018
101711.7014
101711.701
101711.7007
101711.7005
101711.7003
101711.7002
101711.7001
101711.7001
101711.7001
101711.7001
101711.7002
101711.7003
101711.7004
101711.7005
101711.7006
101711.7007
101711.7008
101711.7009
101711.701
101711.7011
101711.7012
101711.7012
101711.7013
101711.7014
101711.7014
101711.7014
101711.6753
101711.6753
101711.6751
101711.6749
101711.6746
101711.6742
101711.6738
101711.6734
101711.6729
101711.6724
101711.6719
101711.6714
101711.671
101711.6706
101711.6702
101711.6699
101711.6697
101711.6694
101711.6693
101711.6692
101711.6691
101711.669
101711.669
101711.6691
101711.6691
101711.6692
101711.6692
101711.6693
101711.6694
101711.6695
101711.6696
101711.6697
101711.6698
101711.6699
101711.6699
101711.67
101711.67
101711.6701
101711.6701
101711.6701
101711.6436
101711.6436
101711.6434
101711.6432
101711.643
101711.6426
101711.6423
101711.6419
101711.6414
101711.641
101711.6406
101711.6402
101711.6398
101711.6394
101711.6391
101711.6388
101711.6385
101711.6383
101711.6382
101711.6381
101711.638
101711.6379
101711.6379
101711.6379
101711.638
101711.638
101711.6381
101711.6382
101711.6382
101711.6383
101711.6384
101711.6385
101711.6386
101711.6386
101711.6387
101711.6387
101711.6388
101711.6388
101711.6388
101711.6389
101711.6119
101711.6119
101711.6118
101711.6116
101711.6114
101711.6111
101711.6107
101711.6104
101711.61
101711.6096
101711.6093
101711.6089
101711.6085
101711.6082
101711.6079
101711.6076
101711.6074
101711.6072
101711.6071
101711.607
101711.6069
101711.6068
101711.6068
101711.6068
101711.6068
101711.6069
101711.6069
101711.607
101711.607
101711.6071
101711.6072
101711.6073
101711.6073
101711.6074
101711.6074
101711.6075
101711.6075
101711.6076
101711.6076
101711.6076
101711.5803
101711.5802
101711.5801
101711.58
101711.5798
101711.5795
101711.5792
101711.5789
101711.5786
101711.5783
101711.5779
101711.5776
101711.5773
101711.577
101711.5767
101711.5765
101711.5763
101711.5761
101711.5759
101711.5758
101711.5758
101711.5757
101711.5757
101711.5757
101711.5757
101711.5757
101711.5758
101711.5758
101711.5759
101711.5759
101711.576
101711.576
101711.5761
101711.5762
101711.5762
101711.5762
101711.5763
101711.5763
101711.5763
101711.5763
101711.5487
101711.5487
101711.5486
101711.5484
101711.5482
101711.548
101711.5478
101711.5475
101711.5472
101711.5469
101711.5466
101711.5463
101711.546
101711.5458
101711.5455
101711.5453
101711.5451
101711.5449
101711.5448
101711.5447
101711.5446
101711.5446
101711.5445
101711.5445
101711.5445
101711.5446
101711.5446
101711.5446
101711.5447
101711.5447
101711.5448
101711.5448
101711.5449
101711.5449
101711.545
101711.545
101711.545
101711.5451
101711.5451
101711.5451
101711.5171
101711.5171
101711.517
101711.5169
101711.5167
101711.5165
101711.5163
101711.5161
101711.5158
101711.5156
101711.5153
101711.515
101711.5148
101711.5145
101711.5143
101711.5141
101711.5139
101711.5138
101711.5136
101711.5135
101711.5135
101711.5134
101711.5134
101711.5134
101711.5134
101711.5134
101711.5134
101711.5134
101711.5135
101711.5135
101711.5136
101711.5136
101711.5136
101711.5137
101711.5137
101711.5138
101711.5138
101711.5138
101711.5138
101711.5138
101711.4856
101711.4856
101711.4855
101711.4854
101711.4853
101711.4851
101711.4849
101711.4847
101711.4844
101711.4842
101711.484
101711.4837
101711.4835
101711.4833
101711.4831
101711.4829
101711.4827
101711.4826
101711.4825
101711.4824
101711.4823
101711.4823
101711.4822
101711.4822
101711.4822
101711.4822
101711.4822
101711.4822
101711.4823
101711.4823
101711.4823
101711.4824
101711.4824
101711.4825
101711.4825
101711.4825
101711.4825
101711.4826
101711.4826
101711.4826
101711.4541
101711.4541
101711.454
101711.4539
101711.4538
101711.4537
101711.4535
101711.4533
101711.4531
101711.4529
101711.4527
101711.4524
101711.4522
101711.452
101711.4519
101711.4517
101711.4515
101711.4514
101711.4513
101711.4512
101711.4511
101711.4511
101711.451
101711.451
101711.451
101711.451
101711.451
101711.451
101711.4511
101711.4511
101711.4511
101711.4512
101711.4512
101711.4512
101711.4513
101711.4513
101711.4513
101711.4513
101711.4513
101711.4513
101711.4226
101711.4226
101711.4226
101711.4225
101711.4224
101711.4222
101711.4221
101711.4219
101711.4217
101711.4215
101711.4213
101711.4212
101711.421
101711.4208
101711.4206
101711.4205
101711.4203
101711.4202
101711.4201
101711.42
101711.42
101711.4199
101711.4199
101711.4198
101711.4198
101711.4198
101711.4198
101711.4198
101711.4199
101711.4199
101711.4199
101711.4199
101711.42
101711.42
101711.42
101711.42
101711.4201
101711.4201
101711.4201
101711.4201
101711.3912
101711.3912
101711.3911
101711.3911
101711.391
101711.3908
101711.3907
101711.3905
101711.3904
101711.3902
101711.39
101711.3899
101711.3897
101711.3895
101711.3894
101711.3892
101711.3891
101711.389
101711.3889
101711.3888
101711.3888
101711.3887
101711.3887
101711.3887
101711.3886
101711.3886
101711.3886
101711.3886
101711.3887
101711.3887
101711.3887
101711.3887
101711.3887
101711.3888
101711.3888
101711.3888
101711.3888
101711.3888
101711.3888
101711.3888
101711.3598
101711.3598
101711.3597
101711.3596
101711.3596
101711.3595
101711.3593
101711.3592
101711.359
101711.3589
101711.3587
101711.3586
101711.3584
101711.3583
101711.3581
101711.358
101711.3579
101711.3578
101711.3577
101711.3576
101711.3576
101711.3575
101711.3575
101711.3575
101711.3574
101711.3574
101711.3574
101711.3574
101711.3574
101711.3575
101711.3575
101711.3575
101711.3575
101711.3575
101711.3575
101711.3576
101711.3576
101711.3576
101711.3576
101711.3576
101711.3284
101711.3284
101711.3283
101711.3283
101711.3282
101711.3281
101711.328
101711.3278
101711.3277
101711.3276
101711.3274
101711.3273
101711.3272
101711.327
101711.3269
101711.3268
101711.3267
101711.3266
101711.3265
101711.3264
101711.3264
101711.3263
101711.3263
101711.3263
101711.3262
101711.3262
101711.3262
101711.3262
101711.3262
101711.3262
101711.3263
101711.3263
101711.3263
101711.3263
101711.3263
101711.3263
101711.3263
101711.3263
101711.3264
101711.3264
101711.297
101711.297
101711.2969
101711.2969
101711.2968
101711.2967
101711.2966
101711.2965
101711.2964
101711.2963
101711.2961
101711.296
101711.2959
101711.2958
101711.2957
101711.2956
101711.2955
101711.2954
101711.2953
101711.2952
101711.2952
101711.2951
101711.2951
101711.295
101711.295
101711.295
101711.295
101711.295
101711.295
101711.295
101711.295
101711.295
101711.2951
101711.2951
101711.2951
101711.2951
101711.2951
101711.2951
101711.2951
101711.2951
101711.2656
101711.2656
101711.2656
101711.2655
101711.2655
101711.2654
101711.2653
101711.2652
101711.2651
101711.265
101711.2649
101711.2647
101711.2646
101711.2645
101711.2644
101711.2643
101711.2642
101711.2641
101711.2641
101711.264
101711.2639
101711.2639
101711.2639
101711.2638
101711.2638
101711.2638
101711.2638
101711.2638
101711.2638
101711.2638
101711.2638
101711.2638
101711.2638
101711.2638
101711.2638
101711.2639
101711.2639
101711.2639
101711.2639
101711.2639
101711.2342
101711.2342
101711.2342
101711.2342
101711.2341
101711.234
101711.234
101711.2339
101711.2338
101711.2337
101711.2336
101711.2335
101711.2334
101711.2333
101711.2332
101711.2331
101711.233
101711.2329
101711.2328
101711.2328
101711.2327
101711.2327
101711.2327
101711.2326
101711.2326
101711.2326
101711.2326
101711.2326
101711.2326
101711.2326
101711.2326
101711.2326
101711.2326
101711.2326
101711.2326
101711.2326
101711.2326
101711.2326
101711.2326
101711.2326
101711.2029
101711.2029
101711.2029
101711.2028
101711.2028
101711.2027
101711.2026
101711.2026
101711.2025
101711.2024
101711.2023
101711.2022
101711.2021
101711.202
101711.2019
101711.2018
101711.2018
101711.2017
101711.2016
101711.2016
101711.2015
101711.2015
101711.2014
101711.2014
101711.2014
101711.2014
101711.2014
101711.2014
101711.2014
101711.2014
101711.2014
101711.2014
101711.2014
101711.2014
101711.2014
101711.2014
101711.2014
101711.2014
101711.2014
101711.2014
101711.1716
101711.1715
101711.1715
101711.1715
101711.1714
101711.1714
101711.1713
101711.1713
101711.1712
101711.1711
101711.171
101711.1709
101711.1708
101711.1707
101711.1707
101711.1706
101711.1705
101711.1705
101711.1704
101711.1703
101711.1703
101711.1703
101711.1702
101711.1702
101711.1702
101711.1702
101711.1701
101711.1701
101711.1701
101711.1701
101711.1701
101711.1701
101711.1701
101711.1701
101711.1701
101711.1701
101711.1702
101711.1702
101711.1702
101711.1702
101711.1402
101711.1402
101711.1402
101711.1402
101711.1401
101711.1401
101711.14
101711.14
101711.1399
101711.1398
101711.1397
101711.1396
101711.1396
101711.1395
101711.1394
101711.1393
101711.1393
101711.1392
101711.1392
101711.1391
101711.1391
101711.139
101711.139
101711.139
101711.1389
101711.1389
101711.1389
101711.1389
101711.1389
101711.1389
101711.1389
101711.1389
101711.1389
101711.1389
101711.1389
101711.1389
101711.1389
101711.1389
101711.1389
101711.1389
101711.1089
101711.1089
101711.1089
101711.1089
101711.1088
101711.1088
101711.1087
101711.1087
101711.1086
101711.1085
101711.1085
101711.1084
101711.1083
101711.1082
101711.1082
101711.1081
101711.108
101711.108
101711.1079
101711.1079
101711.1078
101711.1078
101711.1078
101711.1077
101711.1077
101711.1077
101711.1077
101711.1077
101711.1077
101711.1077
101711.1077
101711.1077
101711.1077
101711.1077
101711.1077
101711.1077
101711.1077
101711.1077
101711.1077
101711.1077
101711.0776
101711.0776
101711.0776
101711.0775
101711.0775
101711.0775
101711.0774
101711.0774
101711.0773
101711.0772
101711.0772
101711.0771
101711.077
101711.077
101711.0769
101711.0769
101711.0768
101711.0767
101711.0767
101711.0767
101711.0766
101711.0766
101711.0765
101711.0765
101711.0765
101711.0765
101711.0765
101711.0765
101711.0764
101711.0764
101711.0764
101711.0764
101711.0764
101711.0764
101711.0764
101711.0764
101711.0764
101711.0764
101711.0764
101711.0764
101711.0463
101711.0463
101711.0463
101711.0462
101711.0462
101711.0462
101711.0461
101711.0461
101711.046
101711.046
101711.0459
101711.0458
101711.0458
101711.0457
101711.0457
101711.0456
101711.0456
101711.0455
101711.0455
101711.0454
101711.0454
101711.0453
101711.0453
101711.0453
101711.0453
101711.0453
101711.0452
101711.0452
101711.0452
101711.0452
101711.0452
101711.0452
101711.0452
101711.0452
101711.0452
101711.0452
101711.0452
101711.0452
101711.0452
101711.0452
101711.015
101711.015
101711.015
101711.0149
101711.0149
101711.0149
101711.0148
101711.0148
101711.0148
101711.0147
101711.0146
101711.0146
101711.0145
101711.0145
101711.0144
101711.0144
101711.0143
101711.0143
101711.0142
101711.0142
101711.0141
101711.0141
101711.0141
101711.0141
101711.014
101711.014
101711.014
101711.014
101711.014
101711.014
101711.014
101711.014
101711.014
101711.014
101711.014
101711.014
101711.014
101711.014
101711.014
101711.014
101710.9837
101710.9837
101710.9837
101710.9837
101710.9836
101710.9836
101710.9836
101710.9835
101710.9835
101710.9834
101710.9834
101710.9833
101710.9833
101710.9832
101710.9832
101710.9831
101710.9831
101710.983
101710.983
101710.9829
101710.9829
101710.9829
101710.9829
101710.9828
101710.9828
101710.9828
101710.9828
101710.9828
101710.9828
101710.9827
101710.9827
101710.9827
101710.9827
101710.9827
101710.9827
101710.9827
101710.9827
101710.9827
101710.9827
101710.9827
101710.9524
101710.9524
101710.9524
101710.9524
101710.9524
101710.9523
101710.9523
101710.9522
101710.9522
101710.9522
101710.9521
101710.9521
101710.952
101710.952
101710.9519
101710.9519
101710.9518
101710.9518
101710.9517
101710.9517
101710.9517
101710.9516
101710.9516
101710.9516
101710.9516
101710.9516
101710.9515
101710.9515
101710.9515
101710.9515
101710.9515
101710.9515
101710.9515
101710.9515
101710.9515
101710.9515
101710.9515
101710.9515
101710.9515
101710.9515
101710.9211
101710.9211
101710.9211
101710.9211
101710.9211
101710.921
101710.921
101710.921
101710.9209
101710.9209
101710.9209
101710.9208
101710.9208
101710.9207
101710.9207
101710.9206
101710.9206
101710.9205
101710.9205
101710.9205
101710.9204
101710.9204
101710.9204
101710.9204
101710.9203
101710.9203
101710.9203
101710.9203
101710.9203
101710.9203
101710.9203
101710.9203
101710.9203
101710.9203
101710.9203
101710.9203
101710.9203
101710.9203
101710.9203
101710.9203
101710.8898
101710.8898
101710.8898
101710.8898
101710.8898
101710.8898
101710.8897
101710.8897
101710.8897
101710.8896
101710.8896
101710.8896
101710.8895
101710.8895
101710.8894
101710.8894
101710.8893
101710.8893
101710.8893
101710.8892
101710.8892
101710.8892
101710.8892
101710.8891
101710.8891
101710.8891
101710.8891
101710.8891
101710.8891
101710.889
101710.889
101710.889
101710.889
101710.889
101710.889
101710.889
101710.889
101710.889
101710.889
101710.889
101710.8586
101710.8586
101710.8586
101710.8585
101710.8585
101710.8585
101710.8585
101710.8584
101710.8584
101710.8584
101710.8583
101710.8583
101710.8583
101710.8582
101710.8582
101710.8581
101710.8581
101710.8581
101710.858
101710.858
101710.858
101710.8579
101710.8579
101710.8579
101710.8579
101710.8579
101710.8578
101710.8578
101710.8578
101710.8578
101710.8578
101710.8578
101710.8578
101710.8578
101710.8578
101710.8578
101710.8578
101710.8578
101710.8578
101710.8578
101710.8273
101710.8273
101710.8273
101710.8273
101710.8273
101710.8272
101710.8272
101710.8272
101710.8272
101710.8271
101710.8271
101710.827
101710.827
101710.827
101710.8269
101710.8269
101710.8269
101710.8268
101710.8268
101710.8268
101710.8267
101710.8267
101710.8267
101710.8267
101710.8266
101710.8266
101710.8266
101710.8266
101710.8266
101710.8266
101710.8266
101710.8266
101710.8266
101710.8266
101710.8265
101710.8265
101710.8265
101710.8265
101710.8265
101710.8265
101710.796
101710.796
101710.796
101710.796
101710.796
101710.796
101710.796
101710.7959
101710.7959
101710.7959
101710.7958
101710.7958
101710.7958
101710.7957
101710.7957
101710.7957
101710.7956
101710.7956
101710.7956
101710.7955
101710.7955
101710.7955
101710.7954
101710.7954
101710.7954
101710.7954
101710.7954
101710.7954
101710.7953
101710.7953
101710.7953
101710.7953
101710.7953
101710.7953
101710.7953
101710.7953
101710.7953
101710.7953
101710.7953
101710.7953
101710.7648
101710.7648
101710.7648
101710.7648
101710.7647
101710.7647
101710.7647
101710.7647
101710.7646
101710.7646
101710.7646
101710.7645
101710.7645
101710.7645
101710.7644
101710.7644
101710.7644
101710.7643
101710.7643
101710.7643
101710.7643
101710.7642
101710.7642
101710.7642
101710.7642
101710.7642
101710.7641
101710.7641
101710.7641
101710.7641
101710.7641
101710.7641
101710.7641
101710.7641
101710.7641
101710.7641
101710.7641
101710.7641
101710.7641
101710.7641
101710.7335
101710.7335
101710.7335
101710.7335
101710.7335
101710.7335
101710.7334
101710.7334
101710.7334
101710.7334
101710.7333
101710.7333
101710.7333
101710.7332
101710.7332
101710.7332
101710.7331
101710.7331
101710.7331
101710.733
101710.733
101710.733
101710.733
101710.7329
101710.7329
101710.7329
101710.7329
101710.7329
101710.7329
101710.7329
101710.7329
101710.7328
101710.7328
101710.7328
101710.7328
101710.7328
101710.7328
101710.7328
101710.7328
101710.7328
101710.7023
101710.7023
101710.7023
101710.7022
101710.7022
101710.7022
101710.7022
101710.7022
101710.7021
101710.7021
101710.7021
101710.702
101710.702
101710.702
101710.702
101710.7019
101710.7019
101710.7019
101710.7018
101710.7018
101710.7018
101710.7018
101710.7017
101710.7017
101710.7017
101710.7017
101710.7017
101710.7016
101710.7016
101710.7016
101710.7016
101710.7016
101710.7016
101710.7016
101710.7016
101710.7016
101710.7016
101710.7016
101710.7016
101710.7016
101710.671
101710.671
101710.671
101710.671
101710.671
101710.671
101710.6709
101710.6709
101710.6709
101710.6709
101710.6708
101710.6708
101710.6708
101710.6707
101710.6707
101710.6707
101710.6706
101710.6706
101710.6706
101710.6706
101710.6705
101710.6705
101710.6705
101710.6705
101710.6705
101710.6704
101710.6704
101710.6704
101710.6704
101710.6704
101710.6704
101710.6704
101710.6704
101710.6704
101710.6704
101710.6704
101710.6704
101710.6703
101710.6703
101710.6703
101710.6398
101710.6398
101710.6398
101710.6397
101710.6397
101710.6397
101710.6397
101710.6397
101710.6396
101710.6396
101710.6396
101710.6396
101710.6395
101710.6395
101710.6395
101710.6394
101710.6394
101710.6394
101710.6393
101710.6393
101710.6393
101710.6393
101710.6393
101710.6392
101710.6392
101710.6392
101710.6392
101710.6392
101710.6392
101710.6391
101710.6391
101710.6391
101710.6391
101710.6391
101710.6391
101710.6391
101710.6391
101710.6391
101710.6391
101710.6391
101710.6085
101710.6085
101710.6085
101710.6085
101710.6085
101710.6085
101710.6084
101710.6084
101710.6084
101710.6084
101710.6083
101710.6083
101710.6083
101710.6083
101710.6082
101710.6082
101710.6082
101710.6081
101710.6081
101710.6081
101710.6081
101710.608
101710.608
101710.608
101710.608
101710.608
101710.6079
101710.6079
101710.6079
101710.6079
101710.6079
101710.6079
101710.6079
101710.6079
101710.6079
101710.6079
101710.6079
101710.6079
101710.6079
101710.6079
101710.5773
101710.5773
101710.5773
101710.5773
101710.5772
101710.5772
101710.5772
101710.5772
101710.5772
101710.5771
101710.5771
101710.5771
101710.577
101710.577
101710.577
101710.577
101710.5769
101710.5769
101710.5769
101710.5768
101710.5768
101710.5768
101710.5768
101710.5768
101710.5767
101710.5767
101710.5767
101710.5767
101710.5767
101710.5767
101710.5767
101710.5767
101710.5766
101710.5766
101710.5766
101710.5766
101710.5766
101710.5766
101710.5766
101710.5766
)
;

boundaryField
{
    front
    {
        type            wedge;
    }
    back
    {
        type            wedge;
    }
    tankWall
    {
        type            fixedFluxPressure;
        gradient        uniform 0;
        value           nonuniform List<scalar> 
120
(
102575.0098
102567.55
102559.9494
102552.2906
102544.582
102536.8318
102529.0448
102521.229
102513.3884
102505.5277
102497.6485
102489.752
102481.8384
102473.9083
102465.9626
102458.0021
102450.0274
102442.0388
102434.037
102426.0227
102417.9969
102409.9609
102401.9162
102393.8646
102385.8072
102377.7452
102369.6797
102361.6121
102353.5435
102345.4748
102337.4068
102329.3405
102321.2777
102313.2188
102305.1626
102297.1084
102289.0549
102281.0005
102272.9432
102264.8806
102256.81
102248.7285
102240.6328
102232.5192
102224.3848
102216.2251
102208.0384
102199.8181
102191.5704
102183.3021
102175.0658
102166.9397
102159.1316
102151.9907
102145.7222
102140.3408
102135.4626
102129.9713
102121.1693
102102.4683
102055.3093
101847.4027
101712.3856
101712.3315
101712.3055
101712.2678
101712.2376
101712.2044
101712.1728
101712.1409
101712.1093
101712.0777
101712.0462
101712.0147
101711.9833
101711.9519
101711.9206
101711.8892
101711.8579
101711.8266
101711.7953
101711.764
101711.7327
101711.7014
101711.6701
101711.6389
101711.6076
101711.5763
101711.5451
101711.5138
101711.4826
101711.4513
101711.4201
101711.3888
101711.3576
101711.3264
101711.2951
101711.2639
101711.2326
101711.2014
101711.1702
101711.1389
101711.1077
101711.0764
101711.0452
101711.014
101710.9827
101710.9515
101710.9203
101710.889
101710.8578
101710.8265
101710.7953
101710.7641
101710.7328
101710.7016
101710.6703
101710.6391
101710.6079
101710.5766
)
;
    }
    bottom
    {
        type            fixedFluxPressure;
        gradient        uniform 0;
        value           nonuniform List<scalar> 
40
(
102575.6514
102575.6501
102575.647
102575.6424
102575.6361
102575.6284
102575.6192
102575.6085
102575.5965
102575.5833
102575.5688
102575.5531
102575.5365
102575.5189
102575.5005
102575.4814
102575.4617
102575.4415
102575.421
102575.4002
102575.3794
102575.3586
102575.3379
102575.3175
102575.2976
102575.2782
102575.2595
102575.2416
102575.2245
102575.2085
102575.1935
102575.1797
102575.1672
102575.1558
102575.1458
102575.1368
102575.1298
102575.1192
102575.1309
102575.0098
)
;
    }
    top
    {
        type            fixedFluxPressure;
        gradient        uniform 0;
        value           nonuniform List<scalar> 
40
(
101710.5773
101710.5773
101710.5773
101710.5773
101710.5772
101710.5772
101710.5772
101710.5772
101710.5772
101710.5771
101710.5771
101710.5771
101710.577
101710.577
101710.577
101710.577
101710.5769
101710.5769
101710.5769
101710.5768
101710.5768
101710.5768
101710.5768
101710.5768
101710.5767
101710.5767
101710.5767
101710.5767
101710.5767
101710.5767
101710.5767
101710.5767
101710.5766
101710.5766
101710.5766
101710.5766
101710.5766
101710.5766
101710.5766
101710.5766
)
;
    }
    axis
    {
        type            empty;
    }
}


// ************************************************************************* //
