/*--------------------------------*- C++ -*----------------------------------*\
| =========                 |                                                 |
| \\      /  F ield         | OpenFOAM: The Open Source CFD Toolbox           |
|  \\    /   O peration     | Version:  v1912                                 |
|   \\  /    A nd           | Website:  www.openfoam.com                      |
|    \\/     M anipulation  |                                                 |
\*---------------------------------------------------------------------------*/
FoamFile
{
    version     2.0;
    format      ascii;
    class       volScalarField;
    location    "0.6";
    object      p_rgh_0;
}
// * * * * * * * * * * * * * * * * * * * * * * * * * * * * * * * * * * * * * //

dimensions      [1 -1 -2 0 0 0 0];


internalField   nonuniform List<scalar> 
4800
(
102572.1817
102572.1804
102572.1773
102572.1726
102572.1664
102572.1586
102572.1494
102572.1387
102572.1267
102572.1133
102572.0988
102572.0831
102572.0664
102572.0488
102572.0303
102572.0112
102571.9914
102571.9711
102571.9505
102571.9296
102571.9087
102571.8878
102571.867
102571.8466
102571.8265
102571.8071
102571.7882
102571.7702
102571.7531
102571.7369
102571.7219
102571.708
102571.6953
102571.6839
102571.6737
102571.6647
102571.6577
102571.647
102571.6587
102571.5376
102564.8267
102564.8254
102564.8223
102564.8176
102564.8114
102564.8036
102564.7943
102564.7836
102564.7715
102564.7581
102564.7435
102564.7278
102564.711
102564.6933
102564.6748
102564.6555
102564.6357
102564.6153
102564.5946
102564.5737
102564.5527
102564.5317
102564.5109
102564.4903
102564.4702
102564.4506
102564.4317
102564.4136
102564.3964
102564.3802
102564.3651
102564.3511
102564.3384
102564.327
102564.3168
102564.3078
102564.3006
102564.2912
102564.2956
102564.0778
102557.473
102557.4717
102557.4686
102557.4639
102557.4575
102557.4497
102557.4403
102557.4296
102557.4174
102557.4039
102557.3892
102557.3734
102557.3565
102557.3387
102557.32
102557.3006
102557.2806
102557.2601
102557.2393
102557.2182
102557.197
102557.1758
102557.1548
102557.1341
102557.1139
102557.0941
102557.0751
102557.0568
102557.0395
102557.0231
102557.0079
102556.9938
102556.981
102556.9695
102556.9593
102556.9504
102556.9431
102556.9356
102556.9311
102556.4772
102550.1206
102550.1192
102550.1161
102550.1114
102550.105
102550.0971
102550.0876
102550.0767
102550.0644
102550.0508
102550.036
102550.02
102550.0029
102549.9849
102549.966
102549.9464
102549.9262
102549.9054
102549.8843
102549.863
102549.8416
102549.8202
102549.7989
102549.778
102549.7575
102549.7375
102549.7182
102549.6997
102549.6821
102549.6656
102549.6502
102549.6359
102549.623
102549.6113
102549.6011
102549.5922
102549.585
102549.5786
102549.5617
102548.8183
102542.7694
102542.7681
102542.765
102542.7601
102542.7537
102542.7456
102542.7361
102542.725
102542.7126
102542.6988
102542.6837
102542.6675
102542.6502
102542.6319
102542.6127
102542.5928
102542.5723
102542.5513
102542.5299
102542.5082
102542.4865
102542.4647
102542.4432
102542.4219
102542.401
102542.3807
102542.3611
102542.3423
102542.3245
102542.3076
102542.2919
102542.2775
102542.2643
102542.2525
102542.2422
102542.2333
102542.2261
102542.2203
102542.185
102541.1096
102535.4197
102535.4183
102535.4151
102535.4102
102535.4037
102535.3955
102535.3858
102535.3745
102535.3619
102535.3478
102535.3325
102535.316
102535.2984
102535.2798
102535.2603
102535.24
102535.2191
102535.1977
102535.1759
102535.1538
102535.1317
102535.1095
102535.0875
102535.0658
102535.0446
102535.0239
102535.0039
102534.9847
102534.9665
102534.9493
102534.9333
102534.9185
102534.905
102534.893
102534.8825
102534.8735
102534.8663
102534.8607
102534.8021
102533.3593
102528.0712
102528.0699
102528.0667
102528.0616
102528.055
102528.0466
102528.0367
102528.0252
102528.0123
102527.998
102527.9823
102527.9655
102527.9475
102527.9285
102527.9086
102527.8879
102527.8666
102527.8447
102527.8224
102527.7998
102527.7772
102527.7545
102527.732
102527.7098
102527.6881
102527.6669
102527.6464
102527.6268
102527.6081
102527.5905
102527.5741
102527.5589
102527.5451
102527.5328
102527.5221
102527.5129
102527.5054
102527.4999
102527.4133
102525.5721
102520.7242
102520.7228
102520.7195
102520.7144
102520.7076
102520.6991
102520.6889
102520.6772
102520.6639
102520.6493
102520.6333
102520.616
102520.5976
102520.5781
102520.5577
102520.5365
102520.5147
102520.4922
102520.4694
102520.4462
102520.423
102520.3997
102520.3767
102520.3539
102520.3315
102520.3098
102520.2887
102520.2686
102520.2494
102520.2312
102520.2144
102520.1988
102520.1846
102520.1719
102520.1609
102520.1515
102520.1438
102520.1382
102520.0104
102517.756
102513.3786
102513.3772
102513.3738
102513.3686
102513.3616
102513.3528
102513.3424
102513.3304
102513.3168
102513.3017
102513.2853
102513.2676
102513.2487
102513.2287
102513.2077
102513.186
102513.1635
102513.1404
102513.1169
102513.0931
102513.0692
102513.0452
102513.0215
102512.998
102512.975
102512.9526
102512.9309
102512.9101
102512.8903
102512.8716
102512.8541
102512.838
102512.8234
102512.8103
102512.7989
102512.7892
102512.7813
102512.7758
102512.5983
102509.9153
102506.0344
102506.0331
102506.0296
102506.0242
102506.017
102506.008
102505.9973
102505.9849
102505.9709
102505.9554
102505.9385
102505.9203
102505.9008
102505.8802
102505.8586
102505.8362
102505.813
102505.7892
102505.7649
102505.7404
102505.7157
102505.691
102505.6665
102505.6422
102505.6184
102505.5953
102505.5729
102505.5513
102505.5308
102505.5115
102505.4934
102505.4767
102505.4616
102505.448
102505.4361
102505.4261
102505.4179
102505.4125
102505.1762
102502.0546
102498.6918
102498.6904
102498.6868
102498.6813
102498.6738
102498.6646
102498.6535
102498.6407
102498.6263
102498.6104
102498.5929
102498.5741
102498.554
102498.5327
102498.5104
102498.4872
102498.4632
102498.4386
102498.4135
102498.3882
102498.3626
102498.337
102498.3116
102498.2865
102498.2619
102498.2379
102498.2146
102498.1923
102498.171
102498.151
102498.1322
102498.1148
102498.099
102498.0849
102498.0725
102498.0621
102498.0536
102498.0481
102497.7459
102494.1753
102491.3507
102491.3493
102491.3456
102491.3399
102491.3322
102491.3226
102491.3112
102491.298
102491.2831
102491.2666
102491.2485
102491.229
102491.2082
102491.1862
102491.1631
102491.1391
102491.1142
102491.0887
102491.0628
102491.0364
102491.0099
102490.9834
102490.957
102490.9309
102490.9054
102490.8804
102490.8563
102490.833
102490.8109
102490.79
102490.7704
102490.7523
102490.7358
102490.721
102490.7081
102490.6971
102490.6883
102490.6825
102490.3068
102486.2785
102484.0113
102484.0098
102484.006
102484.0001
102483.9921
102483.9822
102483.9704
102483.9567
102483.9413
102483.9242
102483.9054
102483.8852
102483.8636
102483.8408
102483.8168
102483.7919
102483.7661
102483.7396
102483.7126
102483.6852
102483.6576
102483.63
102483.6026
102483.5755
102483.5488
102483.5229
102483.4977
102483.4735
102483.4504
102483.4286
102483.4081
102483.3892
102483.3719
102483.3564
102483.3428
102483.3312
102483.3218
102483.3154
102482.8591
102478.3646
102476.6736
102476.672
102476.6681
102476.6619
102476.6537
102476.6434
102476.6311
102476.6169
102476.6009
102476.5831
102476.5637
102476.5427
102476.5203
102476.4965
102476.4716
102476.4456
102476.4188
102476.3912
102476.3631
102476.3345
102476.3058
102476.2771
102476.2484
102476.2201
102476.1923
102476.1652
102476.139
102476.1137
102476.0896
102476.0667
102476.0453
102476.0255
102476.0074
102475.991
102475.9766
102475.9643
102475.9542
102475.9469
102475.4025
102470.4342
102469.3376
102469.336
102469.3319
102469.3255
102469.3169
102469.3062
102469.2935
102469.2787
102469.2621
102469.2436
102469.2233
102469.2015
102469.1781
102469.1534
102469.1274
102469.1004
102469.0724
102469.0436
102469.0142
102468.9845
102468.9545
102468.9244
102468.8945
102468.865
102468.8359
102468.8075
102468.7801
102468.7536
102468.7283
102468.7044
102468.682
102468.6612
102468.6421
102468.6248
102468.6096
102468.5964
102468.5855
102468.5768
102467.9371
102462.4881
102462.0034
102462.0018
102461.9975
102461.9909
102461.9819
102461.9708
102461.9575
102461.9422
102461.9248
102461.9056
102461.8845
102461.8617
102461.8373
102461.8115
102461.7844
102461.7561
102461.7269
102461.6968
102461.6661
102461.635
102461.6036
102461.5722
102461.5409
102461.5099
102461.4795
102461.4498
102461.421
102461.3933
102461.3668
102461.3417
102461.3181
102461.2962
102461.2761
102461.2579
102461.2416
102461.2275
102461.2157
102461.2051
102460.4628
102454.5272
102454.6712
102454.6695
102454.665
102454.6581
102454.6488
102454.6372
102454.6234
102454.6074
102454.5893
102454.5692
102454.5472
102454.5234
102454.4979
102454.4709
102454.4426
102454.413
102454.3824
102454.351
102454.3188
102454.2862
102454.2533
102454.2204
102454.1876
102454.1551
102454.1232
102454.092
102454.0618
102454.0327
102454.0049
102453.9785
102453.9537
102453.9306
102453.9094
102453.8901
102453.8728
102453.8577
102453.8448
102453.8319
102452.9791
102446.5522
102447.3409
102447.3392
102447.3345
102447.3273
102447.3176
102447.3055
102447.2911
102447.2744
102447.2555
102447.2344
102447.2114
102447.1866
102447.1599
102447.1317
102447.102
102447.0711
102447.039
102447.006
102446.9723
102446.9381
102446.9036
102446.869
102446.8346
102446.8005
102446.767
102446.7342
102446.7024
102446.6718
102446.6426
102446.6149
102446.5888
102446.5645
102446.542
102446.5216
102446.5032
102446.4869
102446.4729
102446.4572
102445.4857
102438.5633
102440.0128
102440.011
102440.0061
102439.9986
102439.9884
102439.9758
102439.9607
102439.9433
102439.9235
102439.9015
102439.8775
102439.8514
102439.8235
102439.7939
102439.7628
102439.7304
102439.6967
102439.6621
102439.6267
102439.5908
102439.5545
102439.5181
102439.4819
102439.4461
102439.4108
102439.3764
102439.3429
102439.3107
102439.28
102439.2507
102439.2233
102439.1976
102439.174
102439.1523
102439.1327
102439.1152
102439.1
102439.0811
102437.983
102430.5612
102432.6868
102432.6849
102432.6799
102432.672
102432.6614
102432.6482
102432.6324
102432.6142
102432.5935
102432.5705
102432.5453
102432.518
102432.4887
102432.4577
102432.4251
102432.3909
102432.3556
102432.3192
102432.282
102432.2442
102432.206
102432.1678
102432.1296
102432.0919
102432.0548
102432.0185
102431.9833
102431.9494
102431.9169
102431.8862
102431.8572
102431.8302
102431.8052
102431.7823
102431.7615
102431.7427
102431.7263
102431.7035
102430.4713
102422.5467
102425.3632
102425.3612
102425.3559
102425.3477
102425.3366
102425.3228
102425.3063
102425.2872
102425.2655
102425.2414
102425.215
102425.1864
102425.1557
102425.1231
102425.0888
102425.0529
102425.0157
102424.9775
102424.9383
102424.8985
102424.8583
102424.818
102424.7778
102424.738
102424.6988
102424.6606
102424.6235
102424.5877
102424.5535
102424.5211
102424.4906
102424.4621
102424.4357
102424.4115
102424.3894
102424.3695
102424.3517
102424.3248
102422.9512
102414.521
102418.042
102418.0399
102418.0344
102418.0258
102418.0142
102417.9997
102417.9824
102417.9624
102417.9397
102417.9144
102417.8867
102417.8566
102417.8244
102417.7902
102417.7541
102417.7164
102417.6772
102417.6369
102417.5956
102417.5537
102417.5113
102417.4687
102417.4263
102417.3843
102417.343
102417.3027
102417.2635
102417.2258
102417.1898
102417.1556
102417.1234
102417.0933
102417.0655
102417.04
102417.0166
102416.9955
102416.9765
102416.945
102415.423
102406.4851
102410.7234
102410.7212
102410.7153
102410.7063
102410.6942
102410.6791
102410.661
102410.64
102410.6162
102410.5896
102410.5605
102410.529
102410.4951
102410.4591
102410.4211
102410.3814
102410.3401
102410.2976
102410.2541
102410.2098
102410.165
102410.1201
102410.0753
102410.031
102409.9873
102409.9447
102409.9034
102409.8636
102409.8255
102409.7895
102409.7556
102409.7239
102409.6946
102409.6677
102409.6431
102409.6207
102409.6007
102409.5645
102407.8868
102398.4408
102403.4074
102403.4051
102403.399
102403.3895
102403.3769
102403.361
102403.342
102403.32
102403.295
102403.2672
102403.2366
102403.2035
102403.1678
102403.1299
102403.0899
102403.0481
102403.0046
102402.9597
102402.9137
102402.8669
102402.8197
102402.7722
102402.7248
102402.6779
102402.6318
102402.5868
102402.5431
102402.501
102402.4609
102402.4228
102402.3871
102402.3538
102402.3229
102402.2946
102402.2687
102402.2452
102402.224
102402.1825
102400.3441
102390.3898
102396.0942
102396.0918
102396.0854
102396.0755
102396.0622
102396.0456
102396.0257
102396.0027
102395.9765
102395.9472
102395.9151
102395.8802
102395.8427
102395.8028
102395.7607
102395.7165
102395.6706
102395.6232
102395.5746
102395.5252
102395.4752
102395.425
102395.3749
102395.3252
102395.2764
102395.2288
102395.1826
102395.1381
102395.0957
102395.0556
102395.0179
102394.9828
102394.9505
102394.9207
102394.8936
102394.8689
102394.8465
102394.799
102392.7953
102382.3332
102388.784
102388.7814
102388.7748
102388.7644
102388.7505
102388.7331
102388.7123
102388.6881
102388.6606
102388.6299
102388.5961
102388.5594
102388.52
102388.4779
102388.4334
102388.3868
102388.3383
102388.2883
102388.2369
102388.1846
102388.1317
102388.0785
102388.0254
102387.9729
102387.9212
102387.8707
102387.8218
102387.7748
102387.73
102387.6877
102387.648
102387.6111
102387.5771
102387.546
102387.5177
102387.492
102387.4686
102387.4149
102385.2398
102374.2722
102381.4769
102381.4742
102381.4672
102381.4564
102381.4418
102381.4236
102381.4018
102381.3764
102381.3475
102381.3153
102381.2798
102381.2412
102381.1996
102381.1553
102381.1084
102381.0592
102381.0079
102380.955
102380.9006
102380.8452
102380.7892
102380.7328
102380.6766
102380.6209
102380.5661
102380.5126
102380.4608
102380.4111
102380.3637
102380.319
102380.2772
102380.2385
102380.2028
102380.1704
102380.1409
102380.1143
102380.0902
102380.0299
102377.6779
102366.208
102374.1731
102374.1702
102374.1629
102374.1516
102374.1363
102374.1173
102374.0944
102374.0678
102374.0375
102374.0037
102373.9664
102373.9257
102373.8819
102373.8352
102373.7857
102373.7337
102373.6795
102373.6235
102373.5659
102373.5072
102373.4477
102373.388
102373.3283
102373.2692
102373.2111
102373.1544
102373.0996
102373.0469
102372.9968
102372.9496
102372.9055
102372.8648
102372.8275
102372.7937
102372.7632
102372.7359
102372.7112
102372.6438
102370.11
102358.142
102366.8727
102366.8697
102366.862
102366.8501
102366.8342
102366.8143
102366.7903
102366.7624
102366.7307
102366.6952
102366.6559
102366.6132
102366.567
102366.5177
102366.4654
102366.4105
102366.3532
102366.2938
102366.2328
102366.1706
102366.1075
102366.0441
102365.9808
102365.918
102365.8563
102365.7961
102365.7379
102365.6821
102365.6291
102365.5792
102365.5328
102365.49
102365.451
102365.4159
102365.3845
102365.3565
102365.3316
102365.2567
102362.5361
102350.0752
102359.5759
102359.5727
102359.5647
102359.5523
102359.5356
102359.5148
102359.4897
102359.4605
102359.4272
102359.3899
102359.3487
102359.3037
102359.2551
102359.2031
102359.1479
102359.0898
102359.0291
102358.9662
102358.9015
102358.8355
102358.7685
102358.7011
102358.6338
102358.5672
102358.5016
102358.4377
102358.3759
102358.3167
102358.2606
102358.2079
102358.1589
102358.1139
102358.0732
102358.0367
102358.0045
102357.9762
102357.9513
102357.8684
102354.9564
102342.0083
102352.2828
102352.2794
102352.2711
102352.2582
102352.2408
102352.219
102352.1928
102352.1623
102352.1274
102352.0882
102352.0449
102351.9976
102351.9464
102351.8915
102351.8331
102351.7717
102351.7074
102351.6408
102351.5721
102351.502
102351.4308
102351.3592
102351.2877
102351.2167
102351.147
102351.0791
102351.0135
102350.9506
102350.8911
102350.8353
102350.7837
102350.7364
102350.6939
102350.6561
102350.623
102350.5946
102350.5702
102350.4791
102347.3708
102333.9424
102344.9937
102344.9901
102344.9814
102344.968
102344.9499
102344.9271
102344.8998
102344.8678
102344.8313
102344.7902
102344.7448
102344.695
102344.641
102344.5831
102344.5214
102344.4564
102344.3884
102344.3177
102344.2448
102344.1703
102344.0946
102344.0184
102343.9422
102343.8667
102343.7925
102343.7202
102343.6504
102343.5837
102343.5205
102343.4615
102343.4069
102343.3573
102343.3127
102343.2736
102343.2398
102343.2114
102343.188
102343.0891
102339.7793
102325.8784
102337.7087
102337.705
102337.6959
102337.6819
102337.663
102337.6393
102337.6108
102337.5774
102337.5392
102337.4962
102337.4485
102337.3961
102337.3393
102337.2781
102337.213
102337.1442
102337.0721
102336.9971
102336.9196
102336.8404
102336.7599
102336.6787
102336.5976
102336.5171
102336.4381
102336.3611
102336.2868
102336.2158
102336.1487
102336.0861
102336.0285
102335.9762
102335.9296
102335.889
102335.8545
102335.826
102335.8034
102335.6962
102332.1846
102317.8179
102330.428
102330.424
102330.4146
102330.4001
102330.3805
102330.3559
102330.3262
102330.2913
102330.2514
102330.2064
102330.1563
102330.1012
102330.0414
102329.9769
102329.9081
102329.8353
102329.7588
102329.6792
102329.5969
102329.5125
102329.4268
102329.3403
102329.2537
102329.168
102329.0836
102329.0015
102328.9224
102328.8468
102328.7755
102328.7091
102328.6481
102328.5929
102328.5441
102328.502
102328.4667
102328.4382
102328.4161
102328.2992
102324.5873
102309.7613
102323.1517
102323.1476
102323.1378
102323.1228
102323.1025
102323.0769
102323.046
102323.0097
102322.9681
102322.921
102322.8685
102322.8107
102322.7477
102322.6797
102322.607
102322.5298
102322.4488
102322.3642
102322.2766
102322.1868
102322.0954
102322.0031
102321.9108
102321.8192
102321.7292
102321.6416
102321.5571
102321.4766
102321.4007
102321.3301
102321.2654
102321.2072
102321.1559
102321.1121
102321.076
102321.0476
102321.0266
102320.9002
102316.9836
102301.7072
102315.8801
102315.8758
102315.8657
102315.8501
102315.8291
102315.8027
102315.7706
102315.7329
102315.6895
102315.6403
102315.5853
102315.5247
102315.4584
102315.3867
102315.3099
102315.2282
102315.1422
102315.0523
102314.9592
102314.8635
102314.7659
102314.6674
102314.5687
102314.4709
102314.3746
102314.281
102314.1908
102314.1049
102314.024
102313.9489
102313.8802
102313.8186
102313.7646
102313.7189
102313.6818
102313.6537
102313.634
102313.4978
102309.3743
102293.6549
102308.6133
102308.6088
102308.5983
102308.5823
102308.5607
102308.5333
102308.5002
102308.4611
102308.4159
102308.3646
102308.3071
102308.2435
102308.1739
102308.0983
102308.0172
102307.9307
102307.8394
102307.7439
102307.6447
102307.5426
102307.4385
102307.3332
102307.2276
102307.1229
102307.02
102306.9198
102306.8234
102306.7316
102306.6453
102306.5652
102306.4921
102306.4267
102306.3697
102306.3218
102306.2837
102306.2556
102306.2374
102306.0913
102301.7589
102285.603
102301.3514
102301.3467
102301.336
102301.3195
102301.2973
102301.2692
102301.235
102301.1945
102301.1476
102301.0942
102301.0342
102300.9676
102300.8945
102300.8149
102300.7291
102300.6376
102300.5407
102300.4391
102300.3334
102300.2245
102300.1132
102300.0005
102299.8875
102299.7753
102299.665
102299.5578
102299.4545
102299.3564
102299.2641
102299.1787
102299.1008
102299.0312
102298.9707
102298.9203
102298.8807
102298.8527
102298.8359
102298.6797
102294.1367
102277.5498
102294.0946
102294.0897
102294.0787
102294.062
102294.0392
102294.0104
102293.9752
102293.9335
102293.8849
102293.8295
102293.767
102293.6973
102293.6205
102293.5367
102293.4462
102293.3493
102293.2465
102293.1384
102293.0257
102292.9093
102292.7903
102292.6696
102292.5485
102292.4281
102292.3098
102292.1947
102292.0841
102291.979
102291.8803
102291.789
102291.7058
102291.6315
102291.567
102291.5136
102291.4722
102291.4439
102291.4284
102291.2623
102286.5068
102269.4933
102286.8429
102286.8378
102286.8267
102286.8097
102286.7866
102286.7571
102286.7211
102286.6782
102286.6281
102286.5707
102286.5056
102286.4329
102286.3524
102286.2643
102286.1688
102286.0662
102285.9571
102285.842
102285.7218
102285.5974
102285.4699
102285.3405
102285.2105
102285.0812
102284.9541
102284.8305
102284.7117
102284.599
102284.4934
102284.3956
102284.3066
102284.227
102284.158
102284.1008
102284.057
102284.0282
102284.0138
102283.8381
102278.8683
102261.4309
102279.5964
102279.5912
102279.58
102279.5628
102279.5395
102279.5096
102279.4729
102279.429
102279.3775
102279.3182
102279.2507
102279.1749
102279.0907
102278.9981
102278.8973
102278.7888
102278.6729
102278.5504
102278.4221
102278.289
102278.1523
102278.0134
102277.8736
102277.7345
102277.5977
102277.4648
102277.3372
102277.2162
102277.1029
102276.9982
102276.9028
102276.8173
102276.7428
102276.681
102276.634
102276.604
102276.5906
102276.4058
102271.2203
102253.36
102272.3552
102272.3499
102272.3387
102272.3215
102272.2981
102272.268
102272.2308
102272.1861
102272.1334
102272.0724
102272.0025
102271.9237
102271.8356
102271.7385
102271.6323
102271.5174
102271.3944
102271.2639
102271.1269
102270.9844
102270.8377
102270.6883
102270.5379
102270.388
102270.2406
102270.0973
102269.96
102269.83
102269.7085
102269.5962
102269.4938
102269.4016
102269.3207
102269.253
102269.2015
102269.1696
102269.1566
102268.9639
102263.5626
102245.2778
102265.1192
102265.1139
102265.1028
102265.0857
102265.0624
102265.0324
102264.995
102264.9498
102264.8961
102264.8335
102264.7615
102264.6797
102264.5879
102264.4861
102264.3743
102264.2528
102264.1222
102263.9832
102263.8367
102263.684
102263.5264
102263.3656
102263.2034
102263.0416
102262.8823
102262.7277
102262.5796
102262.4398
102262.3094
102262.1891
102262.079
102261.9793
102261.8907
102261.8155
102261.7577
102261.7224
102261.7093
102261.5108
102255.8956
102237.1806
102257.8882
102257.8829
102257.8721
102257.8555
102257.8326
102257.8029
102257.7657
102257.7203
102257.666
102257.6021
102257.5281
102257.4435
102257.348
102257.2414
102257.1238
102256.9954
102256.8568
102256.7087
102256.5521
102256.3883
102256.2188
102256.0454
102255.8701
102255.6951
102255.5228
102255.3554
102255.1955
102255.0449
102254.9049
102254.7761
102254.658
102254.5499
102254.4519
102254.3667
102254.3
102254.2595
102254.2455
102254.044
102248.2202
102229.0652
102250.6622
102250.657
102250.6466
102250.6307
102250.6085
102250.5796
102250.5429
102250.4978
102250.4432
102250.3785
102250.3028
102250.2156
102250.1164
102250.0051
102249.8815
102249.7459
102249.5988
102249.441
102249.2735
102249.0976
102248.9152
102248.728
102248.5383
102248.3485
102248.1615
102247.9799
102247.8068
102247.6443
102247.4941
102247.3566
102247.2302
102247.1129
102247.0034
102246.9047
102246.8246
102246.7762
102246.76
102246.5581
102240.538
102220.9285
102243.4407
102243.4357
102243.4261
102243.4111
102243.3902
102243.3624
102243.3269
102243.2825
102243.2282
102243.163
102243.086
102242.9965
102242.8939
102242.7778
102242.6482
102242.5051
102242.3491
102242.1809
102242.0016
102241.8127
102241.616
102241.4135
102241.2078
102241.0016
102240.798
102240.6004
102240.4124
102240.2368
102240.076
102239.9298
102239.7955
102239.6683
102239.5444
102239.4266
102239.3259
102239.2632
102239.2427
102239.046
102232.8439
102212.7662
102236.2235
102236.2188
102236.2101
102236.1965
102236.1772
102236.1513
102236.1175
102236.0745
102236.0211
102235.956
102235.8782
102235.7867
102235.6809
102235.5603
102235.4246
102235.2738
102235.1083
102234.929
102234.737
102234.534
102234.3217
102234.1025
102233.879
102233.6542
102233.4318
102233.216
102233.011
102232.8211
102232.649
102232.4948
102232.3537
102232.2159
102232.0736
102231.9284
102231.7941
102231.7063
102231.6777
102231.4944
102225.1585
102204.5765
102229.0099
102229.0057
102228.9982
102228.9865
102228.9695
102228.9461
102228.9148
102228.874
102228.8222
102228.758
102228.6799
102228.5869
102228.4783
102228.3533
102228.2115
102228.0528
102227.8774
102227.6863
102227.4807
102227.2623
102227.033
102226.7953
102226.5519
102226.3062
102226.0624
102225.8255
102225.6011
102225.3951
102225.2123
102225.0527
102224.9068
102224.7569
102224.5882
102224.4015
102224.2104
102224.0767
102224.0356
102223.8846
102217.4486
102196.3523
102221.7992
102221.7956
102221.7898
102221.7804
102221.7664
102221.7464
102221.7186
102221.681
102221.6318
102221.5692
102221.4915
102221.3977
102221.2866
102221.1575
102221.0098
102220.843
102220.6574
102220.4538
102220.2335
102219.9984
102219.7506
102219.4926
102219.2271
102218.9577
102218.6892
102218.4278
102218.1805
102217.9562
102217.7637
102217.6063
102217.4659
102217.3066
102217.0961
102216.8323
102216.5343
102216.3172
102216.2629
102216.1788
102209.7187
102188.0998
102214.5904
102214.5878
102214.5839
102214.5776
102214.5675
102214.5518
102214.5286
102214.4954
102214.45
102214.39
102214.3137
102214.2196
102214.1067
102213.9739
102213.8204
102213.6456
102213.4493
102213.2323
102212.9962
102212.7432
102212.4754
102212.1952
102211.9051
102211.6087
102211.3112
102211.0196
102210.7433
102210.4975
102210.3018
102210.1645
102210.0516
102209.8935
102209.6242
102209.1398
102208.4142
102208.2056
102208.259
102208.3341
102201.9515
102179.8255
102207.3825
102207.3809
102207.3796
102207.3771
102207.3718
102207.3618
102207.3446
102207.3172
102207.2769
102207.2207
102207.1467
102207.0533
102206.9392
102206.8034
102206.6445
102206.4615
102206.2542
102206.0231
102205.77
102205.4975
102205.2082
102204.904
102204.5867
102204.2595
102203.928
102203.5997
102203.2868
102203.0173
102202.8282
102202.735
102202.6839
102202.5524
102201.98
102199.6374
102197.9607
102198.2278
102199.562
102200.2334
102194.1411
102171.5822
102200.1739
102200.1737
102200.1754
102200.1775
102200.1782
102200.1753
102200.1658
102200.1462
102200.1126
102200.0617
102199.9911
102199.8992
102199.7849
102199.6467
102199.483
102199.2922
102199.0734
102198.8271
102198.5556
102198.2623
102197.95
102197.6199
102197.2734
102196.9142
102196.5475
102196.178
102195.8198
102195.5172
102195.3322
102195.3051
102195.3526
102194.9233
102191.824
102187.1192
102187.2566
102186.902
102189.5554
102191.9062
102186.1063
102163.4482
102192.9631
102192.9645
102192.9698
102192.9773
102192.9853
102192.9913
102192.9916
102192.9819
102192.9571
102192.9132
102192.8472
102192.7579
102192.6444
102192.505
102192.3373
102192.1389
102191.9082
102191.6455
102191.3537
102191.0378
102190.7016
102190.3458
102189.9724
102189.5862
102189.1886
102188.7727
102188.3493
102187.9921
102187.8054
102187.8613
102187.5846
102183.6056
102178.8642
102178.5118
102180.1128
102179.0451
102180.1776
102183.5567
102177.8574
102155.6312
102185.7481
102185.7514
102185.7608
102185.7747
102185.7913
102185.8081
102185.8209
102185.824
102185.8107
102185.7755
102185.7154
102185.6297
102185.5182
102185.3789
102185.2085
102185.0033
102184.7603
102184.4792
102184.165
102183.8263
102183.4681
102183.0903
102182.6946
102182.2862
102181.8488
102181.3196
102180.7526
102180.3545
102180.2283
102179.9422
102175.8389
102169.3765
102167.3426
102171.6691
102173.4339
102172.3453
102172.2178
102175.8739
102169.167
102148.4834
102178.5269
102178.5323
102178.5461
102178.5671
102178.5939
102178.6238
102178.6522
102178.6718
102178.6735
102178.6493
102178.596
102178.5147
102178.4065
102178.2695
102178.0984
102177.8875
102177.6319
102177.3307
102176.9933
102176.6341
102176.2568
102175.8525
102175.413
102174.8911
102174.0637
102172.9137
102172.0885
102171.7991
102171.6925
102168.2596
102160.5431
102155.3645
102154.2472
102161.2962
102165.6251
102165.5792
102166.1925
102168.6564
102160.1589
102142.2114
102171.2971
102171.3047
102171.3232
102171.3519
102171.39
102171.4355
102171.4835
102171.5247
102171.5459
102171.5354
102171.4895
102171.413
102171.3099
102171.1782
102171.0096
102170.7959
102170.5286
102170.2034
102169.8287
102169.4056
102168.8938
102168.2242
102167.2807
102165.6288
102162.9672
102160.5906
102159.5135
102159.2711
102158.2733
102151.3108
102141.3321
102132.8258
102127.2545
102133.3508
102150.6284
102157.6222
102160.0871
102161.4075
102151.0483
102136.8308
102164.0572
102164.0668
102164.0899
102164.1264
102164.1767
102164.2402
102164.3126
102164.3826
102164.4306
102164.4367
102164.3972
102164.3242
102164.227
102164.1013
102163.927
102163.6734
102163.2756
102162.6222
102161.5872
102160.0724
102158.098
102155.7549
102152.6653
102148.0778
102142.8856
102139.1215
102137.4045
102137.0281
102136.4236
102127.8328
102113.0746
102093.9909
102076.7707
102072.3431
102114.2157
102141.3682
102150.5664
102152.8788
102142.2866
102131.9575
102156.7943
102156.8065
102156.8334
102156.8766
102156.9382
102157.0199
102157.1194
102157.2223
102157.2925
102157.2825
102157.1584
102156.8964
102156.426
102155.5806
102154.0851
102151.7076
102148.2685
102143.6326
102138.0624
102132.3167
102127.1288
102122.6036
102117.8416
102111.4687
102104.1411
102098.5213
102096.3824
102098.2987
102101.31
102094.9519
102070.0862
102034.3845
101993.0049
101973.0808
102021.392
102098.8053
102134.2846
102142.0353
102134.3661
102126.4735
102140.0375
102140.0258
102139.966
102139.9199
102139.887
102139.8513
102139.6777
102138.9107
102136.6508
102132.0542
102125.1837
102116.8367
102107.5297
102097.4564
102087.0413
102077.5078
102068.8353
102059.9527
102051.5003
102045.0622
102040.8302
102038.3488
102036.289
102030.6463
102021.5072
102013.3691
102010.1762
102020.3031
102034.0849
102040.7392
102013.3448
101966.9438
101906.9387
101869.5942
101870.549
101988.2918
102090.0037
102126.2945
102126.6711
102117.6766
101850.8222
101851.148
101851.8799
101852.9646
101854.4475
101856.3386
101858.613
101860.9736
101862.222
101861.3906
101858.982
101857.8447
101859.0519
101863.1826
101867.6627
101871.3374
101874.0649
101875.5294
101875.8711
101875.3436
101874.8387
101876.724
101879.2537
101880.3845
101871.9844
101862.2035
101856.585
101869.5324
101899.121
101928.9973
101942.113
101909.3549
101855.1967
101793.0966
101770.7162
101825.0638
101962.5269
102083.8931
102113.2528
102098.9651
101714.9481
101714.9423
101715.0608
101715.3424
101715.8971
101716.9737
101719.2577
101723.9299
101730.4366
101736.4358
101741.604
101746.6888
101751.4455
101754.9421
101756.768
101757.3549
101757.3928
101756.9331
101755.7521
101754.173
101752.9649
101752.6758
101754.0739
101755.055
101752.4829
101746.5116
101741.7071
101740.9675
101757.2228
101782.0149
101811.3735
101829.8815
101816.2194
101781.7189
101742.3332
101736.4909
101787.4534
101928.3532
102044.4249
102051.7246
101709.0226
101709.0338
101709.0428
101709.0561
101709.0822
101709.1475
101709.4272
101710.8051
101713.5259
101715.935
101717.5194
101718.6159
101719.361
101719.6892
101719.7264
101719.4529
101718.8517
101718.1025
101717.2441
101716.3446
101715.5804
101715.1452
101715.0199
101715.0466
101714.5019
101713.1416
101711.7816
101711.2001
101712.3943
101715.8256
101722.7338
101733.9698
101746.6466
101752.4327
101741.4207
101726.5333
101718.7468
101738.2367
101795.3402
101843.2944
101708.9468
101708.9476
101708.9494
101708.9524
101708.9564
101708.9608
101708.9668
101709.0836
101709.7111
101710.5305
101710.9491
101711.041
101711.0143
101710.907
101710.7521
101710.5585
101710.3317
101710.093
101709.8581
101709.6416
101709.4654
101709.3472
101709.2804
101709.2408
101709.188
101709.069
101708.9575
101708.9085
101708.9076
101708.969
101709.1432
101709.702
101711.1626
101714.181
101721.3543
101718.5956
101715.0571
101710.9
101709.0562
101708.9152
101708.9108
101708.9111
101708.9122
101708.9137
101708.9152
101708.9153
101708.911
101708.9015
101708.9353
101709.0747
101709.1938
101709.2214
101709.1992
101709.1522
101709.1001
101709.0487
101709.0004
101708.9571
101708.921
101708.8934
101708.8751
101708.8651
101708.861
101708.8597
101708.8588
101708.856
101708.8528
101708.8515
101708.8522
101708.8528
101708.8529
101708.8536
101708.8607
101708.9508
101709.2058
101709.2995
101709.1822
101708.9064
101708.8625
101708.8602
101708.875
101708.875
101708.8754
101708.8757
101708.8754
101708.8733
101708.8676
101708.856
101708.8418
101708.8373
101708.8459
101708.8533
101708.8532
101708.8481
101708.8412
101708.8345
101708.8288
101708.8239
101708.8199
101708.8171
101708.8158
101708.8158
101708.8167
101708.8179
101708.819
101708.8194
101708.8191
101708.8193
101708.8209
101708.8228
101708.8239
101708.8235
101708.8218
101708.8195
101708.8211
101708.8237
101708.8232
101708.8272
101708.8323
101708.8341
101708.839
101708.8388
101708.8386
101708.8381
101708.8367
101708.8336
101708.8278
101708.8182
101708.8058
101708.7945
101708.7879
101708.7849
101708.7836
101708.7829
101708.7824
101708.7822
101708.7822
101708.7822
101708.7822
101708.7822
101708.7824
101708.7829
101708.7839
101708.785
101708.7859
101708.7865
101708.7869
101708.7878
101708.7892
101708.7905
101708.7912
101708.7916
101708.7917
101708.7912
101708.7899
101708.7905
101708.7923
101708.7931
101708.7948
101708.7964
101708.803
101708.8027
101708.8022
101708.8011
101708.7992
101708.7958
101708.7904
101708.7826
101708.7729
101708.7635
101708.7566
101708.7524
101708.7501
101708.749
101708.7487
101708.7487
101708.7489
101708.7492
101708.7494
101708.7496
101708.75
101708.7508
101708.7518
101708.7529
101708.754
101708.7548
101708.7557
101708.7568
101708.758
101708.7591
101708.7599
101708.7602
101708.7601
101708.7599
101708.7599
101708.7604
101708.7613
101708.7638
101708.7657
101708.7661
101708.7672
101708.7668
101708.7661
101708.7648
101708.7627
101708.7593
101708.7546
101708.7483
101708.7407
101708.7332
101708.727
101708.7227
101708.72
101708.7185
101708.7177
101708.7174
101708.7174
101708.7176
101708.7179
101708.7183
101708.7188
101708.7197
101708.7207
101708.7218
101708.7229
101708.7239
101708.7249
101708.7259
101708.7269
101708.7278
101708.7284
101708.7288
101708.7289
101708.7289
101708.729
101708.7295
101708.7304
101708.7313
101708.7321
101708.7329
101708.7317
101708.7313
101708.7305
101708.7291
101708.727
101708.7239
101708.7198
101708.7146
101708.7086
101708.7026
101708.6974
101708.6934
101708.6906
101708.6889
101708.6878
101708.6873
101708.6871
101708.6872
101708.6874
101708.6878
101708.6884
101708.6892
101708.6902
101708.6912
101708.6922
101708.6931
101708.694
101708.6949
101708.6958
101708.6965
101708.6971
101708.6974
101708.6977
101708.6978
101708.6981
101708.6985
101708.6992
101708.7
101708.7008
101708.7012
101708.6966
101708.6962
101708.6953
101708.694
101708.6919
101708.6892
101708.6856
101708.6814
101708.6766
101708.6717
101708.6674
101708.6639
101708.6613
101708.6595
101708.6583
101708.6576
101708.6573
101708.6573
101708.6574
101708.6578
101708.6583
101708.659
101708.6598
101708.6606
101708.6615
101708.6623
101708.6631
101708.6639
101708.6646
101708.6653
101708.6658
101708.6662
101708.6664
101708.6667
101708.667
101708.6674
101708.6679
101708.6685
101708.669
101708.6693
101708.6619
101708.6615
101708.6607
101708.6594
101708.6575
101708.6551
101708.652
101708.6485
101708.6445
101708.6406
101708.637
101708.6339
101708.6315
101708.6298
101708.6287
101708.6279
101708.6275
101708.6274
101708.6275
101708.6277
101708.6281
101708.6287
101708.6293
101708.63
101708.6308
101708.6315
101708.6322
101708.6329
101708.6335
101708.6341
101708.6346
101708.6349
101708.6352
101708.6355
101708.6358
101708.6362
101708.6366
101708.637
101708.6374
101708.6376
101708.6275
101708.6272
101708.6265
101708.6253
101708.6236
101708.6214
101708.6188
101708.6158
101708.6126
101708.6093
101708.6063
101708.6036
101708.6015
101708.5999
101708.5988
101708.598
101708.5975
101708.5973
101708.5973
101708.5975
101708.5978
101708.5982
101708.5988
101708.5994
101708.6
101708.6006
101708.6013
101708.6019
101708.6024
101708.6029
101708.6033
101708.6037
101708.604
101708.6043
101708.6046
101708.6049
101708.6052
101708.6056
101708.6059
101708.606
101708.5936
101708.5933
101708.5926
101708.5915
101708.59
101708.5882
101708.5859
101708.5834
101708.5807
101708.5779
101708.5754
101708.5731
101708.5712
101708.5697
101708.5686
101708.5679
101708.5674
101708.5671
101708.567
101708.5671
101708.5674
101708.5677
101708.5682
101708.5687
101708.5692
101708.5698
101708.5703
101708.5708
101708.5713
101708.5717
101708.5721
101708.5725
101708.5728
101708.573
101708.5733
101708.5736
101708.5739
101708.5742
101708.5744
101708.5745
101708.56
101708.5597
101708.5591
101708.5581
101708.5568
101708.5552
101708.5533
101708.5511
101708.5488
101708.5465
101708.5443
101708.5423
101708.5407
101708.5393
101708.5383
101708.5376
101708.5371
101708.5368
101708.5366
101708.5367
101708.5369
101708.5371
101708.5375
101708.5379
101708.5384
101708.5388
101708.5393
101708.5398
101708.5402
101708.5406
101708.5409
101708.5413
101708.5415
101708.5418
101708.5421
101708.5423
101708.5426
101708.5428
101708.5429
101708.543
101708.5267
101708.5265
101708.5259
101708.525
101708.5239
101708.5225
101708.5208
101708.519
101708.517
101708.5151
101708.5132
101708.5115
101708.51
101708.5088
101708.5078
101708.5071
101708.5066
101708.5063
101708.5062
101708.5061
101708.5063
101708.5065
101708.5068
101708.5071
101708.5075
101708.5079
101708.5083
101708.5087
101708.5091
101708.5094
101708.5097
101708.51
101708.5103
101708.5105
101708.5108
101708.511
101708.5112
101708.5114
101708.5115
101708.5116
101708.4936
101708.4934
101708.4929
101708.4922
101708.4912
101708.4899
101708.4885
101708.4869
101708.4853
101708.4836
101708.482
101708.4805
101708.4792
101708.4781
101708.4772
101708.4765
101708.476
101708.4757
101708.4756
101708.4755
101708.4756
101708.4757
101708.476
101708.4763
101708.4766
101708.4769
101708.4773
101708.4776
101708.478
101708.4783
101708.4786
101708.4788
101708.4791
101708.4793
101708.4795
101708.4797
101708.4799
101708.48
101708.4802
101708.4802
101708.4608
101708.4606
101708.4602
101708.4595
101708.4587
101708.4576
101708.4564
101708.455
101708.4536
101708.4521
101708.4507
101708.4494
101708.4483
101708.4473
101708.4465
101708.4459
101708.4454
101708.4451
101708.4449
101708.4448
101708.4448
101708.445
101708.4451
101708.4454
101708.4456
101708.4459
101708.4462
101708.4465
101708.4468
101708.4471
101708.4474
101708.4476
101708.4478
101708.448
101708.4482
101708.4484
101708.4486
101708.4487
101708.4488
101708.4488
101708.4282
101708.428
101708.4277
101708.4271
101708.4263
101708.4254
101708.4243
101708.4231
101708.4219
101708.4207
101708.4194
101708.4183
101708.4173
101708.4164
101708.4157
101708.4151
101708.4146
101708.4143
101708.4141
101708.414
101708.414
101708.4141
101708.4143
101708.4145
101708.4147
101708.4149
101708.4152
101708.4154
101708.4157
101708.4159
101708.4162
101708.4164
101708.4166
101708.4168
101708.417
101708.4171
101708.4173
101708.4174
101708.4174
101708.4175
101708.3957
101708.3956
101708.3953
101708.3948
101708.3941
101708.3933
101708.3924
101708.3913
101708.3903
101708.3892
101708.3881
101708.3871
101708.3862
101708.3855
101708.3848
101708.3842
101708.3838
101708.3835
101708.3833
101708.3832
101708.3832
101708.3832
101708.3833
101708.3835
101708.3837
101708.3839
101708.3841
101708.3843
101708.3846
101708.3848
101708.385
101708.3852
101708.3854
101708.3855
101708.3857
101708.3858
101708.386
101708.386
101708.3861
101708.3862
101708.3634
101708.3633
101708.363
101708.3626
101708.362
101708.3613
101708.3605
101708.3596
101708.3587
101708.3577
101708.3568
101708.3559
101708.3551
101708.3544
101708.3538
101708.3533
101708.3529
101708.3526
101708.3524
101708.3523
101708.3523
101708.3523
101708.3524
101708.3525
101708.3527
101708.3528
101708.353
101708.3532
101708.3534
101708.3536
101708.3538
101708.354
101708.3541
101708.3543
101708.3544
101708.3546
101708.3547
101708.3547
101708.3548
101708.3548
101708.3313
101708.3312
101708.3309
101708.3305
101708.33
101708.3294
101708.3287
101708.3279
101708.3271
101708.3263
101708.3255
101708.3247
101708.324
101708.3234
101708.3228
101708.3224
101708.322
101708.3217
101708.3215
101708.3214
101708.3214
101708.3214
101708.3214
101708.3215
101708.3216
101708.3218
101708.3219
101708.3221
101708.3223
101708.3224
101708.3226
101708.3228
101708.3229
101708.323
101708.3232
101708.3233
101708.3234
101708.3234
101708.3235
101708.3235
101708.2992
101708.2991
101708.2989
101708.2986
101708.2981
101708.2976
101708.297
101708.2963
101708.2956
101708.2949
101708.2942
101708.2935
101708.2928
101708.2923
101708.2918
101708.2914
101708.291
101708.2908
101708.2906
101708.2904
101708.2904
101708.2904
101708.2904
101708.2905
101708.2906
101708.2907
101708.2908
101708.291
101708.2911
101708.2913
101708.2914
101708.2916
101708.2917
101708.2918
101708.2919
101708.292
101708.2921
101708.2922
101708.2922
101708.2922
101708.2672
101708.2672
101708.267
101708.2667
101708.2663
101708.2658
101708.2653
101708.2647
101708.2641
101708.2634
101708.2628
101708.2622
101708.2617
101708.2611
101708.2607
101708.2603
101708.26
101708.2598
101708.2596
101708.2594
101708.2594
101708.2593
101708.2594
101708.2594
101708.2595
101708.2596
101708.2597
101708.2598
101708.26
101708.2601
101708.2602
101708.2603
101708.2605
101708.2606
101708.2607
101708.2607
101708.2608
101708.2609
101708.2609
101708.2609
101708.2354
101708.2353
101708.2351
101708.2349
101708.2345
101708.2341
101708.2336
101708.2331
101708.2326
101708.232
101708.2315
101708.2309
101708.2304
101708.23
101708.2296
101708.2292
101708.2289
101708.2287
101708.2285
101708.2284
101708.2283
101708.2283
101708.2283
101708.2283
101708.2284
101708.2285
101708.2286
101708.2287
101708.2288
101708.2289
101708.229
101708.2291
101708.2292
101708.2293
101708.2294
101708.2295
101708.2296
101708.2296
101708.2296
101708.2296
101708.2035
101708.2035
101708.2034
101708.2031
101708.2028
101708.2025
101708.202
101708.2016
101708.2011
101708.2006
101708.2001
101708.1997
101708.1992
101708.1988
101708.1984
101708.1981
101708.1979
101708.1976
101708.1975
101708.1974
101708.1973
101708.1972
101708.1972
101708.1972
101708.1973
101708.1974
101708.1974
101708.1975
101708.1976
101708.1977
101708.1978
101708.1979
101708.198
101708.1981
101708.1982
101708.1982
101708.1983
101708.1983
101708.1984
101708.1984
101708.1718
101708.1718
101708.1716
101708.1714
101708.1712
101708.1709
101708.1705
101708.1701
101708.1697
101708.1692
101708.1688
101708.1684
101708.168
101708.1676
101708.1673
101708.167
101708.1668
101708.1665
101708.1664
101708.1663
101708.1662
101708.1661
101708.1661
101708.1661
101708.1662
101708.1662
101708.1663
101708.1664
101708.1664
101708.1665
101708.1666
101708.1667
101708.1668
101708.1669
101708.1669
101708.167
101708.167
101708.1671
101708.1671
101708.1671
101708.1401
101708.1401
101708.14
101708.1398
101708.1396
101708.1393
101708.139
101708.1386
101708.1382
101708.1379
101708.1375
101708.1371
101708.1367
101708.1364
101708.1361
101708.1359
101708.1356
101708.1354
101708.1353
101708.1352
101708.1351
101708.135
101708.135
101708.135
101708.135
101708.1351
101708.1351
101708.1352
101708.1353
101708.1353
101708.1354
101708.1355
101708.1356
101708.1356
101708.1357
101708.1357
101708.1358
101708.1358
101708.1358
101708.1358
101708.1085
101708.1085
101708.1084
101708.1082
101708.108
101708.1077
101708.1075
101708.1072
101708.1068
101708.1065
101708.1061
101708.1058
101708.1055
101708.1052
101708.1049
101708.1047
101708.1045
101708.1043
101708.1042
101708.104
101708.104
101708.1039
101708.1039
101708.1039
101708.1039
101708.1039
101708.104
101708.104
101708.1041
101708.1041
101708.1042
101708.1043
101708.1043
101708.1044
101708.1044
101708.1045
101708.1045
101708.1045
101708.1046
101708.1046
101708.0769
101708.0769
101708.0768
101708.0766
101708.0765
101708.0762
101708.076
101708.0757
101708.0754
101708.0751
101708.0748
101708.0745
101708.0742
101708.074
101708.0737
101708.0735
101708.0733
101708.0731
101708.073
101708.0729
101708.0728
101708.0728
101708.0727
101708.0727
101708.0727
101708.0728
101708.0728
101708.0728
101708.0729
101708.0729
101708.073
101708.0731
101708.0731
101708.0732
101708.0732
101708.0732
101708.0733
101708.0733
101708.0733
101708.0733
101708.0453
101708.0453
101708.0452
101708.0451
101708.045
101708.0448
101708.0445
101708.0443
101708.044
101708.0438
101708.0435
101708.0432
101708.043
101708.0427
101708.0425
101708.0423
101708.0421
101708.042
101708.0419
101708.0418
101708.0417
101708.0416
101708.0416
101708.0416
101708.0416
101708.0416
101708.0416
101708.0417
101708.0417
101708.0417
101708.0418
101708.0418
101708.0419
101708.0419
101708.042
101708.042
101708.042
101708.042
101708.0421
101708.0421
101708.0138
101708.0138
101708.0137
101708.0136
101708.0135
101708.0133
101708.0131
101708.0129
101708.0127
101708.0124
101708.0122
101708.0119
101708.0117
101708.0115
101708.0113
101708.0111
101708.0109
101708.0108
101708.0107
101708.0106
101708.0105
101708.0105
101708.0104
101708.0104
101708.0104
101708.0104
101708.0104
101708.0105
101708.0105
101708.0105
101708.0106
101708.0106
101708.0107
101708.0107
101708.0107
101708.0108
101708.0108
101708.0108
101708.0108
101708.0108
101707.9823
101707.9823
101707.9822
101707.9821
101707.982
101707.9819
101707.9817
101707.9815
101707.9813
101707.9811
101707.9809
101707.9807
101707.9804
101707.9803
101707.9801
101707.9799
101707.9798
101707.9796
101707.9795
101707.9794
101707.9794
101707.9793
101707.9793
101707.9792
101707.9792
101707.9792
101707.9792
101707.9793
101707.9793
101707.9793
101707.9794
101707.9794
101707.9794
101707.9795
101707.9795
101707.9795
101707.9795
101707.9796
101707.9796
101707.9796
101707.9509
101707.9508
101707.9508
101707.9507
101707.9506
101707.9505
101707.9503
101707.9501
101707.9499
101707.9498
101707.9496
101707.9494
101707.9492
101707.949
101707.9488
101707.9487
101707.9485
101707.9484
101707.9483
101707.9482
101707.9482
101707.9481
101707.9481
101707.9481
101707.948
101707.948
101707.9481
101707.9481
101707.9481
101707.9481
101707.9481
101707.9482
101707.9482
101707.9482
101707.9483
101707.9483
101707.9483
101707.9483
101707.9483
101707.9483
101707.9194
101707.9194
101707.9194
101707.9193
101707.9192
101707.9191
101707.9189
101707.9188
101707.9186
101707.9184
101707.9183
101707.9181
101707.9179
101707.9178
101707.9176
101707.9175
101707.9173
101707.9172
101707.9171
101707.917
101707.917
101707.9169
101707.9169
101707.9169
101707.9169
101707.9169
101707.9169
101707.9169
101707.9169
101707.9169
101707.9169
101707.9169
101707.917
101707.917
101707.917
101707.917
101707.9171
101707.9171
101707.9171
101707.9171
101707.888
101707.888
101707.8879
101707.8879
101707.8878
101707.8877
101707.8875
101707.8874
101707.8873
101707.8871
101707.887
101707.8868
101707.8866
101707.8865
101707.8864
101707.8862
101707.8861
101707.886
101707.8859
101707.8859
101707.8858
101707.8857
101707.8857
101707.8857
101707.8857
101707.8857
101707.8857
101707.8857
101707.8857
101707.8857
101707.8857
101707.8857
101707.8857
101707.8858
101707.8858
101707.8858
101707.8858
101707.8858
101707.8858
101707.8858
101707.8566
101707.8566
101707.8565
101707.8565
101707.8564
101707.8563
101707.8562
101707.8561
101707.8559
101707.8558
101707.8557
101707.8555
101707.8554
101707.8552
101707.8551
101707.855
101707.8549
101707.8548
101707.8547
101707.8546
101707.8546
101707.8545
101707.8545
101707.8545
101707.8545
101707.8545
101707.8544
101707.8545
101707.8545
101707.8545
101707.8545
101707.8545
101707.8545
101707.8545
101707.8545
101707.8546
101707.8546
101707.8546
101707.8546
101707.8546
101707.8252
101707.8252
101707.8252
101707.8251
101707.825
101707.8249
101707.8248
101707.8247
101707.8246
101707.8245
101707.8244
101707.8242
101707.8241
101707.824
101707.8239
101707.8238
101707.8237
101707.8236
101707.8235
101707.8234
101707.8234
101707.8233
101707.8233
101707.8233
101707.8233
101707.8232
101707.8232
101707.8232
101707.8232
101707.8233
101707.8233
101707.8233
101707.8233
101707.8233
101707.8233
101707.8233
101707.8233
101707.8233
101707.8233
101707.8234
101707.7938
101707.7938
101707.7938
101707.7937
101707.7937
101707.7936
101707.7935
101707.7934
101707.7933
101707.7932
101707.7931
101707.793
101707.7929
101707.7927
101707.7926
101707.7925
101707.7924
101707.7924
101707.7923
101707.7922
101707.7922
101707.7921
101707.7921
101707.7921
101707.792
101707.792
101707.792
101707.792
101707.792
101707.792
101707.792
101707.792
101707.7921
101707.7921
101707.7921
101707.7921
101707.7921
101707.7921
101707.7921
101707.7921
101707.7625
101707.7625
101707.7624
101707.7624
101707.7623
101707.7623
101707.7622
101707.7621
101707.762
101707.7619
101707.7618
101707.7617
101707.7616
101707.7615
101707.7614
101707.7613
101707.7612
101707.7611
101707.7611
101707.761
101707.761
101707.7609
101707.7609
101707.7609
101707.7608
101707.7608
101707.7608
101707.7608
101707.7608
101707.7608
101707.7608
101707.7608
101707.7608
101707.7608
101707.7608
101707.7609
101707.7609
101707.7609
101707.7609
101707.7609
101707.7311
101707.7311
101707.7311
101707.731
101707.731
101707.7309
101707.7309
101707.7308
101707.7307
101707.7306
101707.7305
101707.7304
101707.7303
101707.7302
101707.7301
101707.7301
101707.73
101707.7299
101707.7298
101707.7298
101707.7297
101707.7297
101707.7297
101707.7296
101707.7296
101707.7296
101707.7296
101707.7296
101707.7296
101707.7296
101707.7296
101707.7296
101707.7296
101707.7296
101707.7296
101707.7296
101707.7296
101707.7296
101707.7296
101707.7296
101707.6998
101707.6998
101707.6998
101707.6997
101707.6997
101707.6996
101707.6995
101707.6995
101707.6994
101707.6993
101707.6992
101707.6991
101707.6991
101707.699
101707.6989
101707.6988
101707.6987
101707.6987
101707.6986
101707.6986
101707.6985
101707.6985
101707.6984
101707.6984
101707.6984
101707.6984
101707.6984
101707.6984
101707.6984
101707.6984
101707.6984
101707.6984
101707.6984
101707.6984
101707.6984
101707.6984
101707.6984
101707.6984
101707.6984
101707.6984
101707.6685
101707.6684
101707.6684
101707.6684
101707.6684
101707.6683
101707.6682
101707.6682
101707.6681
101707.668
101707.668
101707.6679
101707.6678
101707.6677
101707.6676
101707.6676
101707.6675
101707.6674
101707.6674
101707.6673
101707.6673
101707.6673
101707.6672
101707.6672
101707.6672
101707.6672
101707.6671
101707.6671
101707.6671
101707.6671
101707.6671
101707.6671
101707.6671
101707.6671
101707.6671
101707.6671
101707.6672
101707.6672
101707.6672
101707.6672
101707.6371
101707.6371
101707.6371
101707.6371
101707.637
101707.637
101707.6369
101707.6369
101707.6368
101707.6368
101707.6367
101707.6366
101707.6365
101707.6365
101707.6364
101707.6363
101707.6363
101707.6362
101707.6362
101707.6361
101707.6361
101707.636
101707.636
101707.636
101707.636
101707.6359
101707.6359
101707.6359
101707.6359
101707.6359
101707.6359
101707.6359
101707.6359
101707.6359
101707.6359
101707.6359
101707.6359
101707.6359
101707.6359
101707.6359
101707.6058
101707.6058
101707.6058
101707.6058
101707.6057
101707.6057
101707.6056
101707.6056
101707.6055
101707.6055
101707.6054
101707.6053
101707.6053
101707.6052
101707.6051
101707.6051
101707.605
101707.605
101707.6049
101707.6049
101707.6048
101707.6048
101707.6048
101707.6048
101707.6047
101707.6047
101707.6047
101707.6047
101707.6047
101707.6047
101707.6047
101707.6047
101707.6047
101707.6047
101707.6047
101707.6047
101707.6047
101707.6047
101707.6047
101707.6047
101707.5745
101707.5745
101707.5745
101707.5745
101707.5744
101707.5744
101707.5744
101707.5743
101707.5743
101707.5742
101707.5741
101707.5741
101707.574
101707.574
101707.5739
101707.5738
101707.5738
101707.5737
101707.5737
101707.5736
101707.5736
101707.5736
101707.5735
101707.5735
101707.5735
101707.5735
101707.5735
101707.5735
101707.5735
101707.5734
101707.5734
101707.5734
101707.5734
101707.5734
101707.5734
101707.5734
101707.5734
101707.5734
101707.5734
101707.5734
101707.5432
101707.5432
101707.5432
101707.5432
101707.5432
101707.5431
101707.5431
101707.543
101707.543
101707.5429
101707.5429
101707.5428
101707.5428
101707.5427
101707.5427
101707.5426
101707.5425
101707.5425
101707.5425
101707.5424
101707.5424
101707.5423
101707.5423
101707.5423
101707.5423
101707.5423
101707.5422
101707.5422
101707.5422
101707.5422
101707.5422
101707.5422
101707.5422
101707.5422
101707.5422
101707.5422
101707.5422
101707.5422
101707.5422
101707.5422
101707.5119
101707.5119
101707.5119
101707.5119
101707.5119
101707.5118
101707.5118
101707.5118
101707.5117
101707.5117
101707.5116
101707.5116
101707.5115
101707.5115
101707.5114
101707.5114
101707.5113
101707.5113
101707.5112
101707.5112
101707.5111
101707.5111
101707.5111
101707.5111
101707.511
101707.511
101707.511
101707.511
101707.511
101707.511
101707.511
101707.511
101707.511
101707.511
101707.511
101707.511
101707.511
101707.511
101707.511
101707.511
101707.4806
101707.4806
101707.4806
101707.4806
101707.4806
101707.4806
101707.4805
101707.4805
101707.4804
101707.4804
101707.4803
101707.4803
101707.4803
101707.4802
101707.4802
101707.4801
101707.4801
101707.48
101707.48
101707.4799
101707.4799
101707.4799
101707.4799
101707.4798
101707.4798
101707.4798
101707.4798
101707.4798
101707.4798
101707.4798
101707.4797
101707.4797
101707.4797
101707.4797
101707.4797
101707.4797
101707.4797
101707.4797
101707.4797
101707.4797
101707.4494
101707.4494
101707.4493
101707.4493
101707.4493
101707.4493
101707.4492
101707.4492
101707.4492
101707.4491
101707.4491
101707.449
101707.449
101707.449
101707.4489
101707.4489
101707.4488
101707.4488
101707.4487
101707.4487
101707.4487
101707.4487
101707.4486
101707.4486
101707.4486
101707.4486
101707.4486
101707.4485
101707.4485
101707.4485
101707.4485
101707.4485
101707.4485
101707.4485
101707.4485
101707.4485
101707.4485
101707.4485
101707.4485
101707.4485
101707.4181
101707.4181
101707.4181
101707.4181
101707.418
101707.418
101707.418
101707.4179
101707.4179
101707.4179
101707.4178
101707.4178
101707.4177
101707.4177
101707.4177
101707.4176
101707.4176
101707.4175
101707.4175
101707.4175
101707.4174
101707.4174
101707.4174
101707.4174
101707.4173
101707.4173
101707.4173
101707.4173
101707.4173
101707.4173
101707.4173
101707.4173
101707.4173
101707.4173
101707.4173
101707.4173
101707.4173
101707.4173
101707.4173
101707.4173
101707.3868
101707.3868
101707.3868
101707.3868
101707.3868
101707.3867
101707.3867
101707.3867
101707.3866
101707.3866
101707.3866
101707.3865
101707.3865
101707.3865
101707.3864
101707.3864
101707.3863
101707.3863
101707.3863
101707.3862
101707.3862
101707.3862
101707.3862
101707.3861
101707.3861
101707.3861
101707.3861
101707.3861
101707.3861
101707.3861
101707.386
101707.386
101707.386
101707.386
101707.386
101707.386
101707.386
101707.386
101707.386
101707.386
101707.3555
101707.3555
101707.3555
101707.3555
101707.3555
101707.3555
101707.3555
101707.3554
101707.3554
101707.3554
101707.3553
101707.3553
101707.3552
101707.3552
101707.3552
101707.3551
101707.3551
101707.3551
101707.355
101707.355
101707.355
101707.3549
101707.3549
101707.3549
101707.3549
101707.3549
101707.3548
101707.3548
101707.3548
101707.3548
101707.3548
101707.3548
101707.3548
101707.3548
101707.3548
101707.3548
101707.3548
101707.3548
101707.3548
101707.3548
101707.3243
101707.3243
101707.3243
101707.3243
101707.3242
101707.3242
101707.3242
101707.3242
101707.3241
101707.3241
101707.3241
101707.324
101707.324
101707.324
101707.3239
101707.3239
101707.3239
101707.3238
101707.3238
101707.3238
101707.3237
101707.3237
101707.3237
101707.3237
101707.3236
101707.3236
101707.3236
101707.3236
101707.3236
101707.3236
101707.3236
101707.3236
101707.3236
101707.3236
101707.3236
101707.3236
101707.3236
101707.3235
101707.3235
101707.3235
101707.293
101707.293
101707.293
101707.293
101707.293
101707.293
101707.2929
101707.2929
101707.2929
101707.2928
101707.2928
101707.2928
101707.2927
101707.2927
101707.2927
101707.2926
101707.2926
101707.2926
101707.2926
101707.2925
101707.2925
101707.2925
101707.2924
101707.2924
101707.2924
101707.2924
101707.2924
101707.2924
101707.2924
101707.2923
101707.2923
101707.2923
101707.2923
101707.2923
101707.2923
101707.2923
101707.2923
101707.2923
101707.2923
101707.2923
101707.2618
101707.2618
101707.2617
101707.2617
101707.2617
101707.2617
101707.2617
101707.2617
101707.2616
101707.2616
101707.2616
101707.2615
101707.2615
101707.2615
101707.2614
101707.2614
101707.2614
101707.2613
101707.2613
101707.2613
101707.2613
101707.2612
101707.2612
101707.2612
101707.2612
101707.2612
101707.2611
101707.2611
101707.2611
101707.2611
101707.2611
101707.2611
101707.2611
101707.2611
101707.2611
101707.2611
101707.2611
101707.2611
101707.2611
101707.2611
101707.2305
101707.2305
101707.2305
101707.2305
101707.2305
101707.2304
101707.2304
101707.2304
101707.2304
101707.2303
101707.2303
101707.2303
101707.2303
101707.2302
101707.2302
101707.2302
101707.2301
101707.2301
101707.2301
101707.23
101707.23
101707.23
101707.23
101707.23
101707.2299
101707.2299
101707.2299
101707.2299
101707.2299
101707.2299
101707.2299
101707.2299
101707.2299
101707.2298
101707.2298
101707.2298
101707.2298
101707.2298
101707.2298
101707.2298
101707.1993
101707.1993
101707.1992
101707.1992
101707.1992
101707.1992
101707.1992
101707.1992
101707.1991
101707.1991
101707.1991
101707.199
101707.199
101707.199
101707.199
101707.1989
101707.1989
101707.1989
101707.1988
101707.1988
101707.1988
101707.1988
101707.1987
101707.1987
101707.1987
101707.1987
101707.1987
101707.1987
101707.1986
101707.1986
101707.1986
101707.1986
101707.1986
101707.1986
101707.1986
101707.1986
101707.1986
101707.1986
101707.1986
101707.1986
101707.168
101707.168
101707.168
101707.168
101707.168
101707.168
101707.1679
101707.1679
101707.1679
101707.1679
101707.1678
101707.1678
101707.1678
101707.1677
101707.1677
101707.1677
101707.1676
101707.1676
101707.1676
101707.1676
101707.1675
101707.1675
101707.1675
101707.1675
101707.1675
101707.1674
101707.1674
101707.1674
101707.1674
101707.1674
101707.1674
101707.1674
101707.1674
101707.1674
101707.1674
101707.1674
101707.1674
101707.1674
101707.1674
101707.1674
101707.1368
101707.1368
101707.1367
101707.1367
101707.1367
101707.1367
101707.1367
101707.1367
101707.1366
101707.1366
101707.1366
101707.1366
101707.1365
101707.1365
101707.1365
101707.1364
101707.1364
101707.1364
101707.1364
101707.1363
101707.1363
101707.1363
101707.1363
101707.1362
101707.1362
101707.1362
101707.1362
101707.1362
101707.1362
101707.1362
101707.1361
101707.1361
101707.1361
101707.1361
101707.1361
101707.1361
101707.1361
101707.1361
101707.1361
101707.1361
101707.1055
101707.1055
101707.1055
101707.1055
101707.1055
101707.1055
101707.1054
101707.1054
101707.1054
101707.1054
101707.1053
101707.1053
101707.1053
101707.1053
101707.1052
101707.1052
101707.1052
101707.1051
101707.1051
101707.1051
101707.1051
101707.105
101707.105
101707.105
101707.105
101707.105
101707.1049
101707.1049
101707.1049
101707.1049
101707.1049
101707.1049
101707.1049
101707.1049
101707.1049
101707.1049
101707.1049
101707.1049
101707.1049
101707.1049
)
;

boundaryField
{
    front
    {
        type            wedge;
    }
    back
    {
        type            wedge;
    }
    tankWall
    {
        type            fixedFluxPressure;
        gradient        uniform 0;
        value           nonuniform List<scalar> 
120
(
102571.5376
102564.0778
102556.4772
102548.8183
102541.1096
102533.3593
102525.5721
102517.756
102509.9153
102502.0546
102494.1753
102486.2785
102478.3646
102470.4342
102462.4881
102454.5272
102446.5522
102438.5633
102430.5612
102422.5467
102414.521
102406.4851
102398.4408
102390.3898
102382.3332
102374.2722
102366.208
102358.142
102350.0752
102342.0083
102333.9424
102325.8784
102317.8179
102309.7613
102301.7072
102293.6549
102285.603
102277.5498
102269.4933
102261.4309
102253.36
102245.2778
102237.1806
102229.0652
102220.9285
102212.7662
102204.5765
102196.3523
102188.0998
102179.8255
102171.5822
102163.4482
102155.6312
102148.4834
102142.2114
102136.8308
102131.9575
102126.4735
102117.6766
102098.9651
102051.7246
101843.2944
101708.9152
101708.8602
101708.8341
101708.7964
101708.7661
101708.7329
101708.7012
101708.6693
101708.6376
101708.606
101708.5745
101708.543
101708.5116
101708.4802
101708.4488
101708.4175
101708.3862
101708.3548
101708.3235
101708.2922
101708.2609
101708.2296
101708.1984
101708.1671
101708.1358
101708.1046
101708.0733
101708.0421
101708.0108
101707.9796
101707.9483
101707.9171
101707.8858
101707.8546
101707.8234
101707.7921
101707.7609
101707.7296
101707.6984
101707.6672
101707.6359
101707.6047
101707.5734
101707.5422
101707.511
101707.4797
101707.4485
101707.4173
101707.386
101707.3548
101707.3235
101707.2923
101707.2611
101707.2298
101707.1986
101707.1674
101707.1361
101707.1049
)
;
    }
    bottom
    {
        type            fixedFluxPressure;
        gradient        uniform 0;
        value           nonuniform List<scalar> 
40
(
102572.1817
102572.1804
102572.1773
102572.1726
102572.1664
102572.1586
102572.1494
102572.1387
102572.1267
102572.1133
102572.0988
102572.0831
102572.0664
102572.0488
102572.0303
102572.0112
102571.9914
102571.9711
102571.9505
102571.9296
102571.9087
102571.8878
102571.867
102571.8466
102571.8265
102571.8071
102571.7882
102571.7702
102571.7531
102571.7369
102571.7219
102571.708
102571.6953
102571.6839
102571.6737
102571.6647
102571.6577
102571.647
102571.6587
102571.5376
)
;
    }
    top
    {
        type            fixedFluxPressure;
        gradient        uniform 0;
        value           nonuniform List<scalar> 
40
(
101707.1055
101707.1055
101707.1055
101707.1055
101707.1055
101707.1055
101707.1054
101707.1054
101707.1054
101707.1054
101707.1053
101707.1053
101707.1053
101707.1053
101707.1052
101707.1052
101707.1052
101707.1051
101707.1051
101707.1051
101707.1051
101707.105
101707.105
101707.105
101707.105
101707.105
101707.1049
101707.1049
101707.1049
101707.1049
101707.1049
101707.1049
101707.1049
101707.1049
101707.1049
101707.1049
101707.1049
101707.1049
101707.1049
101707.1049
)
;
    }
    axis
    {
        type            empty;
    }
}


// ************************************************************************* //
